0
0
0
0
0
0
0
0
0
0
0
0
0
0
0
0
0
0
0
0
0
0
0
0
0
0
0
0
0
0
0
0
0
0
0
0
0
0
0
0
0
0
0
0
0
0
0
0
0
0
0
0
0
0
0
0
0
0
0
0
0
0
0
0
0
0
0
0
0
0
0
0
0
0
0
0
0
0
0
0
0
0
0
0
0
0
0
0
0
0
0
0
0
0
0
0
0
0
0
0
0
0
0
0
0
0
0
0
0
0
0
0
0
0
0
0
0
0
0
0
0
0
0
0
0
0
0
0
0
0
4
45
325
845
1469
2017
2740
3904
5081
6501
7911
9116
10235
10793
12115
14193
15411
14476
13346
13604
14634
14640
14160
14191
13867
14074
14041
13899
13982
13694
13538
13473
13235
13046
12592
12739
13126
12441
11201
10434
9904
9321
8920
8449
7953
7608
7156
6558
6111
5821
5525
5463
5112
4731
4510
4401
4203
4019
3914
3751
3753
3624
3501
3292
3331
3261
3193
3138
3202
3685
5058
5801
4748
3719
3560
3507
2872
2696
2505
2466
2481
2475
2898
4233
5553
4865
3145
2311
2160
2135
2076
2096
2043
2058
2109
2000
2032
1958
1987
1988
1905
1898
1975
1823
2021
1930
1835
1845
1747
1844
1759
1784
1716
1690
1671
1618
1754
1799
1865
1793
1594
1612
1514
1591
1559
1534
1492
1470
1471
1472
1490
1457
1460
1444
1441
1421
1458
1373
1409
1525
1519
1535
1488
1392
1357
1348
1270
1348
1364
1476
1460
1504
1379
1298
1239
1300
1254
1351
1274
1315
1595
2861
4961
5887
3847
1854
1283
1227
1074
1178
1147
1129
1110
1131
1165
1066
1070
1148
1076
1127
1211
1109
1124
1091
1104
1090
1075
1063
1078
1008
1064
1053
1002
1078
1067
1127
1021
1045
1028
995
988
998
1013
1055
968
986
1009
1065
1021
1033
1161
1865
2889
3134
2196
1269
975
930
897
914
871
845
868
901
910
868
892
873
891
943
883
971
870
1081
1901
3235
4039
2899
1702
1627
2096
2200
1658
1153
860
789
815
834
866
879
792
807
791
706
779
768
704
776
731
744
762
792
898
928
909
810
956
1636
2896
3679
2877
1733
929
763
706
940
1155
1242
1057
837
804
907
1014
983
861
758
759
700
702
656
753
873
1017
869
745
615
690
695
708
691
677
676
695
660
679
695
685
735
866
935
775
683
667
684
736
758
810
702
667
656
615
594
586
643
641
585
586
572
561
569
599
596
617
608
556
548
609
598
625
575
608
671
710
690
648
653
621
637
575
630
608
825
992
924
669
619
706
808
756
603
598
557
592
539
582
668
881
1270
1223
821
648
549
600
921
1784
2448
2273
1310
816
697
731
732
646
643
528
536
541
525
500
467
486
502
514
551
563
510
541
553
635
600
631
713
573
598
473
515
458
522
494
505
517
579
877
1112
1138
781
551
458
456
498
465
454
438
466
481
490
495
514
507
486
529
523
491
439
479
413
459
482
468
551
551
525
502
450
454
469
509
548
511
462
420
429
416
525
557
554
475
408
532
444
419
402
413
417
417
458
461
465
460
392
374
417
453
423
408
402
392
365
378
380
370
364
404
389
418
393
388
408
385
321
338
397
456
603
1111
1958
2534
2005
1227
753
514
400
421
409
379
373
384
413
370
381
353
335
324
310
315
325
345
319
332
365
358
410
589
846
1085
1005
724
609
758
1091
1217
887
525
377
327
322
314
330
316
336
313
335
344
374
369
431
446
428
394
321
358
333
310
314
319
301
318
327
292
300
311
332
362
371
385
602
890
978
816
491
317
292
326
319
340
311
365
345
324
298
298
291
317
314
266
289
350
351
470
664
775
623
438
323
319
346
356
353
351
325
355
375
430
401
403
406
532
576
499
388
292
296
297
286
314
339
305
312
284
289
315
333
354
380
320
282
304
281
279
383
649
1368
2114
2001
1076
541
355
296
261
316
345
335
297
275
266
295
402
652
930
808
517
332
279
235
295
282
249
250
265
249
250
279
275
298
295
268
280
264
269
283
247
226
268
259
247
262
295
270
259
230
230
237
252
284
273
378
457
431
335
249
247
287
291
406
499
493
468
404
424
378
341
293
262
263
272
312
313
291
261
246
271
249
255
235
247
258
219
231
242
366
513
467
373
267
203
195
207
218
223
237
198
188
202
241
235
253
228
209
217
264
272
262
236
259
258
234
228
253
230
205
200
215
228
239
253
243
228
224
186
245
211
228
229
208
233
209
240
230
247
216
214
210
202
222
202
182
192
204
169
193
192
195
200
159
191
180
207
205
184
178
233
295
333
377
342
345
330
269
246
210
191
198
204
189
191
184
188
208
245
288
358
351
282
238
182
201
174
179
215
252
244
233
188
195
199
221
210
200
180
173
161
160
174
187
180
155
193
198
210
228
221
220
222
265
260
190
186
159
178
181
184
188
155
202
203
186
156
168
164
177
164
195
191
194
212
222
190
207
173
173
227
248
241
230
216
247
336
455
406
296
207
208
234
222
203
205
247
236
233
184
208
215
372
628
954
1060
918
558
302
207
210
213
180
163
175
161
172
193
171
164
167
168
180
150
155
184
193
281
391
550
432
316
284
269
191
205
172
165
183
176
183
158
175
195
209
191
155
171
170
163
137
165
163
147
163
146
171
182
159
159
144
142
159
168
148
159
169
162
160
140
161
131
159
164
195
203
207
196
213
214
253
305
271
185
155
153
144
141
153
176
172
184
183
180
225
225
215
180
158
162
159
190
157
151
138
126
130
156
177
184
177
218
181
151
178
134
146
167
155
149
156
154
128
151
169
177
158
138
151
161
170
167
163
123
121
116
133
130
149
143
137
137
123
124
146
151
134
145
149
168
209
231
245
206
180
148
136
136
140
129
133
143
150
171
135
161
134
154
104
110
107
131
113
116
128
129
139
155
128
165
184
249
270
274
208
139
122
134
138
130
121
136
151
120
154
127
106
127
132
127
131
120
130
108
125
111
163
119
125
128
135
111
113
98
123
119
113
126
130
112
115
110
155
179
173
174
127
170
147
182
221
185
170
127
142
133
119
127
120
122
117
121
119
102
124
121
145
130
126
130
127
123
127
113
114
103
117
108
118
107
110
113
123
123
158
218
228
243
189
125
111
137
153
129
131
105
117
133
108
120
108
109
132
128
110
140
112
134
122
124
133
127
179
259
377
533
574
415
242
148
152
181
173
168
166
144
140
117
172
158
134
140
139
114
121
125
100
104
98
105
107
160
187
193
191
121
118
95
106
118
101
120
112
99
110
109
107
85
118
132
131
167
166
151
136
103
118
119
105
110
110
139
173
214
192
162
116
104
103
103
104
111
121
99
100
104
100
119
103
105
120
114
170
155
105
111
117
129
142
173
175
158
108
131
128
126
155
149
109
130
122
111
114
118
125
105
103
78
92
91
98
96
119
92
106
96
125
111
102
112
105
92
105
127
155
163
143
126
101
100
109
99
91
96
103
107
83
105
100
105
87
97
125
107
113
105
108
113
126
116
125
121
99
102
108
83
112
105
99
106
98
106
128
108
105
93
83
98
92
96
104
95
86
109
92
91
112
74
104
98
93
94
114
106
99
102
74
84
78
81
100
106
106
93
104
117
112
103
83
124
106
106
107
102
100
110
86
87
84
93
104
110
106
133
157
166
152
113
101
101
88
100
105
96
78
93
87
96
95
104
71
83
70
87
95
90
101
109
132
105
106
92
82
83
75
94
85
92
75
83
76
73
77
73
72
96
89
83
79
87
78
84
83
87
69
75
77
77
66
68
85
79
71
79
109
95
116
104
96
69
75
90
63
79
66
71
91
94
90
88
83
77
77
94
99
175
271
393
446
320
226
138
93
76
102
73
74
64
71
67
83
82
74
76
67
72
74
66
75
64
70
55
66
82
56
74
85
81
72
83
72
79
57
77
49
78
72
66
67
76
75
69
67
66
75
68
71
71
70
68
60
72
84
76
95
106
91
96
84
71
63
63
64
67
61
72
73
65
76
72
102
106
106
116
75
115
94
114
81
89
88
86
99
101
113
78
76
76
75
87
105
102
68
69
69
63
62
58
80
91
117
157
163
173
107
79
59
82
65
69
62
67
58
73
58
70
64
76
106
150
209
327
368
268
191
94
95
73
64
65
67
66
71
53
56
63
60
49
58
61
82
88
74
81
72
69
73
75
112
137
227
333
401
299
189
115
87
78
83
75
75
84
84
72
74
76
71
69
79
89
53
73
65
67
75
55
71
58
53
56
51
80
68
53
57
70
58
56
65
68
72
64
60
61
52
62
74
41
41
59
50
51
59
60
58
52
44
62
44
56
68
71
64
64
73
63
68
67
46
52
56
60
67
59
52
62
49
80
56
52
49
51
55
51
53
56
50
55
55
70
75
85
53
53
69
55
57
41
49
51
53
56
44
59
55
46
50
52
48
59
39
75
49
57
44
56
57
36
48
62
62
61
49
57
65
54
42
41
47
39
48
42
52
71
91
123
152
150
115
95
41
59
45
59
68
55
53
54
55
45
56
45
41
46
41
43
59
56
58
66
62
64
89
84
87
83
54
49
34
48
47
42
35
46
40
52
34
42
35
48
39
49
34
43
54
49
55
77
64
65
66
53
62
63
58
61
65
73
72
92
68
73
59
44
41
39
41
46
67
65
45
49
48
27
43
45
33
42
44
26
31
26
27
34
28
49
30
28
34
48
34
42
40
61
86
48
56
61
51
48
39
49
42
47
40
43
45
49
32
37
38
35
47
45
59
54
71
120
159
205
173
150
105
82
81
88
97
85
71
47
45
38
30
36
37
42
36
32
34
29
54
37
32
31
33
22
42
41
44
44
47
36
59
72
99
105
114
169
203
193
163
101
67
54
35
35
40
35
41
43
49
45
40
30
28
40
31
48
40
43
29
33
39
45
58
59
43
43
39
39
48
34
37
46
35
30
35
34
53
55
71
68
74
74
57
34
43
33
37
33
29
43
35
37
38
47
148
719
1563
1796
774
230
50
49
46
45
43
42
31
31
34
29
41
28
31
41
37
35
46
27
29
44
32
39
36
30
30
41
37
38
43
42
42
45
31
28
31
29
37
38
32
29
43
23
36
36
29
30
21
33
31
39
37
40
29
32
49
38
32
30
28
40
32
36
36
27
38
34
32
31
28
48
59
60
59
44
42
29
23
27
33
36
41
31
30
38
37
29
36
37
28
40
35
42
35
27
35
33
40
40
32
41
29
42
25
25
41
43
37
21
37
18
20
24
30
25
34
29
32
28
31
37
32
33
25
28
41
29
40
37
34
46
35
31
31
33
25
31
15
24
32
26
22
21
27
27
34
24
29
25
40
25
43
42
38
34
47
40
27
26
20
27
27
29
28
30
29
36
26
23
20
33
28
30
25
39
22
43
30
33
44
38
25
31
29
35
17
33
20
24
29
27
32
34
29
30
26
28
18
17
20
25
25
14
26
26
30
31
20
29
26
16
29
31
30
28
25
19
22
34
21
33
44
51
60
45
41
17
43
19
28
50
57
68
71
75
56
49
32
20
18
28
18
23
21
17
23
22
28
27
24
36
25
36
37
30
28
28
32
23
21
39
36
24
42
40
40
22
28
26
31
39
30
28
27
24
11
22
18
27
20
26
27
26
24
24
26
30
27
23
24
24
37
33
35
36
38
28
46
47
46
45
41
34
26
27
23
20
26
23
22
32
30
32
32
31
24
49
38
40
40
43
30
22
29
23
27
31
27
22
23
25
19
26
21
25
16
26
19
16
19
21
22
33
27
36
38
40
31
34
37
29
35
35
34
22
23
26
27
29
30
29
17
23
13
20
27
19
24
25
17
24
23
22
26
18
28
14
17
18
27
21
27
18
12
20
29
28
16
33
23
24
22
18
23
23
30
31
32
31
24
27
23
23
33
22
31
22
26
20
26
27
30
23
25
21
18
34
25
16
18
17
24
28
31
29
39
34
29
26
23
22
24
27
20
26
14
15
22
28
24
20
17
21
16
32
26
26
26
28
28
25
22
11
24
22
25
31
13
22
15
14
24
25
10
18
19
14
22
20
16
23
22
17
15
23
16
21
20
15
11
23
15
19
14
13
15
23
19
20
24
19
27
24
19
12
16
16
26
19
17
15
21
26
19
29
13
18
18
25
19
24
18
16
15
18
19
15
17
19
17
15
24
11
17
28
22
19
20
23
21
27
28
25
25
28
16
18
15
11
12
16
18
17
17
20
29
19
22
24
27
16
23
19
17
12
12
16
14
16
15
13
18
13
16
20
3
10
13
20
14
14
20
10
7
15
14
20
15
18
17
22
11
22
25
14
11
16
9
15
11
18
15
13
11
24
9
19
12
31
28
7
20
26
24
10
19
17
15
18
16
10
18
16
15
13
20
16
23
15
7
14
16
22
16
11
9
18
17
21
23
25
14
25
37
29
37
29
21
16
21
24
15
14
10
24
29
20
13
22
15
18
15
20
19
22
17
11
24
24
40
34
40
49
57
53
53
35
13
17
19
18
8
12
10
14
11
9
11
11
10
9
13
10
17
13
18
14
12
11
21
15
19
20
20
10
15
15
18
18
20
15
17
15
12
12
14
9
15
11
12
16
23
13
20
15
14
19
9
13
12
11
10
9
14
11
13
18
11
6
8
14
13
16
15
12
11
8
13
16
13
12
12
7
6
12
12
11
9
6
10
9
9
7
7
9
13
13
10
15
11
5
9
5
7
11
11
11
7
5
9
9
14
8
10
11
11
11
6
10
6
11
13
10
6
10
9
10
5
12
8
13
8
19
7
14
13
14
9
8
8
11
11
11
9
9
16
22
16
14
10
12
19
21
20
23
34
18
17
10
10
15
11
14
16
13
32
40
38
42
39
35
24
8
9
11
16
11
11
9
10
11
7
14
4
8
4
5
10
14
10
4
8
7
2
9
7
11
8
9
7
8
9
10
11
6
10
8
14
14
19
19
17
19
22
14
8
13
10
10
12
10
4
6
4
6
10
8
6
9
9
8
7
14
7
10
14
11
8
9
8
12
9
13
9
14
12
14
12
13
6
15
9
5
11
6
13
11
14
11
16
18
20
10
13
8
7
7
10
6
13
11
10
10
11
7
6
8
9
9
6
9
10
11
7
10
7
9
8
4
12
6
5
8
12
17
7
11
11
5
6
6
9
6
10
10
8
4
7
9
11
5
10
6
10
6
4
5
5
3
11
4
11
6
9
3
9
5
18
10
12
8
7
10
14
5
8
5
7
5
5
4
7
6
10
7
5
8
9
8
10
9
8
6
4
6
2
9
6
6
8
5
12
8
10
7
8
6
10
4
5
8
8
13
5
5
9
9
6
12
7
5
8
4
9
6
6
4
9
9
3
4
7
10
3
6
4
10
6
9
5
10
7
6
6
9
8
7
5
6
9
0
3
6
8
7
7
9
7
7
10
4
6
7
8
7
6
7
8
5
6
11
6
6
8
3
6
3
12
4
6
9
9
12
7
11
11
11
8
7
5
5
4
5
6
5
6
7
7
8
8
6
4
9
5
4
6
6
9
5
9
10
6
6
6
4
5
4
5
6
8
5
7
7
8
7
11
7
10
9
9
11
10
1
6
5
3
6
5
4
10
10
9
6
5
4
8
7
5
4
6
3
10
6
3
4
7
9
5
2
11
5
4
8
5
3
9
4
4
10
5
3
8
2
8
11
9
10
2
7
3
3
10
7
4
5
9
3
6
5
6
3
6
4
5
7
8
5
6
3
7
7
7
8
7
8
4
10
10
5
8
4
10
7
10
6
10
7
6
6
11
6
4
4
14
6
6
7
16
8
10
8
3
8
7
2
4
4
9
8
7
12
9
3
7
10
12
8
8
6
9
5
8
10
4
7
5
6
6
4
3
6
4
2
8
4
4
6
6
8
4
10
3
6
5
4
3
2
10
2
4
5
3
3
3
5
7
3
6
5
5
7
2
6
6
10
7
3
1
5
6
6
6
6
7
8
5
5
5
6
4
6
6
3
8
6
4
2
4
12
7
6
6
5
5
3
0
3
6
9
5
1
7
6
8
3
3
5
3
4
3
1
2
4
3
2
3
6
4
6
8
4
3
4
6
5
7
5
8
5
9
2
4
7
10
4
6
7
1
6
7
3
4
3
5
9
6
3
1
7
3
9
10
4
7
3
4
6
5
9
12
8
9
11
7
7
9
8
7
3
4
5
4
0
6
3
5
5
5
7
5
6
7
4
6
4
13
7
3
4
4
4
3
5
5
6
6
3
4
3
4
3
3
5
2
2
3
5
4
2
4
7
3
3
8
3
9
4
6
1
6
0
1
9
4
11
7
3
3
5
7
7
5
5
2
7
5
5
5
5
7
2
4
7
2
7
6
7
4
5
5
6
7
4
6
8
6
4
4
3
2
8
2
2
4
3
1
4
3
6
5
3
8
5
9
5
3
4
2
6
1
2
2
4
7
9
2
4
7
5
6
5
5
6
6
5
9
3
5
4
6
6
4
3
5
2
9
3
5
3
5
0
4
1
3
4
5
4
3
3
7
1
5
6
4
3
2
6
6
1
5
3
5
3
3
4
4
2
1
8
2
3
2
2
6
3
6
2
2
5
5
8
3
6
6
5
4
3
4
7
4
5
10
4
8
4
5
2
1
4
6
3
4
3
7
3
8
3
3
7
5
3
4
4
5
4
4
4
5
6
3
2
1
1
7
4
2
4
2
2
2
4
2
4
6
4
7
4
2
6
5
6
0
3
3
5
5
2
1
1
3
3
2
2
3
1
3
0
3
5
4
5
1
3
3
3
5
0
1
4
5
2
4
3
1
1
4
5
0
3
5
5
6
6
4
4
5
1
0
7
2
2
2
5
4
2
5
3
3
2
3
4
3
3
6
4
2
1
3
2
7
4
4
4
4
2
3
1
8
3
8
4
3
5
2
4
6
5
1
2
3
2
4
2
4
10
6
6
11
4
7
5
3
6
4
1
4
1
2
1
4
8
2
5
4
5
4
1
6
3
3
5
1
5
7
3
6
2
2
4
3
6
3
3
4
7
4
4
5
3
2
6
2
2
4
3
2
0
1
4
6
4
5
2
2
6
4
1
4
2
1
5
4
6
4
8
6
5
8
6
2
4
3
1
3
5
4
4
5
4
5
1
7
7
4
0
3
3
6
4
3
3
2
1
5
4
1
2
3
2
4
4
1
2
4
1
3
0
2
1
4
2
5
3
4
2
5
2
5
4
4
4
5
3
2
3
8
3
3
5
2
2
3
3
1
1
2
3
6
3
2
3
5
4
2
4
2
4
3
3
3
2
4
9
4
5
2
3
4
4
1
2
3
3
3
2
1
0
5
4
4
2
2
4
2
7
4
4
3
4
2
2
2
5
1
5
4
3
1
2
3
5
2
6
4
6
3
4
3
1
4
4
0
1
4
3
3
6
2
4
4
6
4
1
0
2
4
4
2
2
4
1
1
2
5
3
0
4
1
4
2
4
2
4
2
2
4
0
1
1
2
1
1
5
0
0
7
3
0
4
11
7
5
4
8
7
7
2
1
4
5
1
8
2
1
5
1
3
5
3
1
1
0
3
6
4
4
1
1
5
1
3
3
3
1
4
3
2
1
3
2
5
3
2
1
4
2
2
1
4
2
2
4
2
3
2
5
1
2
1
6
6
5
2
2
6
3
5
3
1
1
0
3
1
3
1
3
2
3
5
2
4
1
5
3
3
2
4
4
8
4
3
0
4
3
5
1
2
5
2
5
4
1
4
2
2
0
4
1
2
2
0
2
4
2
3
2
0
6
2
2
2
4
2
2
3
4
4
6
4
2
4
1
2
3
2
3
1
3
2
1
1
2
4
4
5
1
2
2
2
7
3
1
1
4
3
2
3
6
0
3
1
4
3
0
3
0
3
3
2
5
2
0
2
3
2
2
0
2
2
2
2
3
2
3
1
1
3
2
4
0
6
2
1
3
1
0
0
1
1
2
0
3
2
3
0
3
3
4
3
4
7
3
0
3
4
1
3
1
6
5
4
3
3
1
3
3
1
5
3
8
6
9
4
5
4
1
1
3
1
2
1
6
2
3
2
1
0
3
1
2
1
1
4
2
2
3
1
5
2
4
4
2
2
4
4
6
2
1
1
2
0
1
4
7
1
1
2
2
1
2
3
3
3
4
3
3
3
4
4
1
1
3
3
2
4
2
5
1
5
1
2
1
3
5
2
0
4
1
1
4
4
2
4
2
4
0
0
3
0
4
3
1
2
1
3
0
1
0
3
1
1
3
5
2
3
3
3
1
4
1
2
0
1
4
1
3
1
3
2
3
4
4
2
0
3
4
4
1
2
3
3
2
4
2
4
1
1
0
5
3
3
3
5
1
4
2
3
1
2
3
1
5
6
5
1
2
2
6
4
3
1
1
1
2
0
3
1
5
4
2
2
0
1
3
0
1
2
4
4
1
4
3
1
2
1
1
3
3
2
3
3
3
1
0
1
2
2
3
2
3
2
3
1
4
1
5
1
1
1
1
0
1
4
1
2
2
0
4
1
2
1
0
7
3
0
0
0
2
0
0
1
3
5
4
2
1
3
3
0
1
1
0
1
3
1
4
1
4
3
2
0
6
5
1
2
2
2
1
4
5
1
2
3
0
1
1
1
3
3
1
0
2
0
1
2
2
2
3
2
3
3
4
2
7
1
3
2
2
2
2
1
3
1
1
1
3
0
4
2
4
3
4
1
1
6
4
3
3
3
1
2
1
0
2
5
1
2
2
1
3
1
2
2
0
3
2
2
1
2
3
0
0
4
3
0
0
5
3
2
4
1
2
3
2
2
1
0
2
1
1
2
1
4
4
1
2
1
1
1
2
0
3
4
0
1
3
2
4
3
3
2
1
1
0
2
2
0
0
2
4
1
1
1
0
0
4
2
1
2
2
2
4
3
0
1
2
1
3
3
0
0
5
2
2
3
2
2
2
3
4
2
2
4
2
3
3
2
2
0
1
0
1
2
2
3
2
2
4
4
4
0
1
0
2
2
2
3
3
4
2
2
2
0
1
1
2
0
2
2
1
3
3
2
2
3
2
1
0
1
0
2
3
2
0
3
3
2
3
2
3
5
0
2
1
5
3
2
0
1
1
3
1
1
1
2
0
2
0
1
2
2
2
1
1
0
2
1
5
1
2
2
2
2
0
1
3
2
0
1
2
1
4
2
3
5
2
1
4
3
2
3
1
1
1
1
0
3
1
2
2
1
3
2
2
3
1
2
2
0
3
0
2
2
1
0
2
3
1
2
0
4
2
3
1
0
1
2
1
1
1
2
1
1
2
3
2
1
2
2
7
2
4
0
0
1
0
0
0
0
2
2
1
2
2
1
2
3
2
3
1
3
0
0
2
2
1
3
3
1
2
1
3
3
2
3
5
1
2
2
1
2
3
4
1
3
2
5
1
4
6
4
2
2
4
3
1
2
5
2
2
3
3
3
3
4
2
3
0
1
1
1
2
0
1
3
2
2
1
1
2
0
0
3
5
2
1
1
2
1
1
0
0
0
1
1
0
1
2
4
3
1
0
0
1
2
4
2
2
3
2
0
2
2
0
1
1
2
1
4
3
2
0
2
2
2
2
3
3
1
2
0
2
3
1
3
1
2
2
1
2
2
1
3
1
2
0
0
3
2
5
2
4
1
0
1
2
3
1
2
2
2
1
0
2
0
2
3
1
0
2
2
1
2
2
2
0
1
0
5
5
3
3
1
1
1
1
2
0
2
1
2
0
0
2
1
0
0
1
1
1
2
3
0
0
3
2
1
2
3
1
4
1
5
3
1
1
2
0
2
2
2
0
1
0
1
3
0
1
2
0
1
2
2
2
1
2
0
2
0
0
2
3
1
1
2
2
0
2
1
1
2
3
0
1
3
0
2
4
1
0
4
1
1
2
4
0
3
4
2
1
1
0
1
1
1
3
0
1
0
0
2
1
1
1
1
0
2
3
2
3
3
1
2
1
3
0
2
4
1
0
0
3
0
1
0
1
2
2
1
3
1
3
2
0
3
1
2
2
3
3
1
2
0
1
1
0
4
3
2
1
0
1
1
0
1
1
0
0
0
2
3
0
2
0
0
2
0
2
7
4
1
0
0
1
2
2
2
1
3
2
2
1
1
0
0
2
1
1
3
0
1
0
2
3
0
4
4
3
1
0
0
2
1
0
1
2
1
0
2
2
1
1
1
0
3
2
0
2
1
1
2
4
1
1
0
0
1
1
1
1
2
3
1
1
1
1
1
2
2
1
2
2
2
2
1
1
4
1
1
2
0
2
2
1
0
0
1
2
0
0
2
0
1
1
2
3
2
4
2
1
2
1
2
1
1
1
2
2
2
1
2
0
1
3
4
2
2
2
5
0
3
1
0
3
0
2
2
2
2
2
2
1
3
0
0
3
0
1
1
1
3
1
0
3
3
1
2
0
3
1
0
0
1
0
1
1
0
2
4
3
1
2
2
2
0
1
0
1
2
0
0
2
0
0
3
2
4
4
4
3
2
1
3
2
1
1
4
0
1
2
1
3
1
1
1
0
0
1
2
0
2
0
0
0
0
2
2
0
2
2
3
0
1
1
1
1
1
1
0
2
3
2
2
2
1
1
1
1
2
3
2
1
4
3
2
1
1
0
2
2
0
1
2
1
0
1
2
1
0
3
1
2
2
1
2
1
4
2
0
1
0
1
1
1
1
0
0
2
1
1
0
1
1
0
0
2
0
1
1
3
2
2
1
2
3
1
4
1
0
1
1
2
1
0
1
2
4
3
1
1
0
3
1
1
2
0
2
0
0
1
2
1
2
1
2
6
2
1
0
2
3
2
0
1
2
2
1
1
4
2
2
1
1
0
1
2
2
2
2
1
2
0
1
0
1
1
2
3
2
3
0
4
0
0
2
0
1
0
1
2
2
1
1
2
0
1
1
1
1
0
1
2
0
0
4
2
1
0
1
1
1
1
3
1
3
0
1
2
2
2
1
1
0
0
0
1
1
0
1
1
1
0
3
2
4
1
1
0
0
2
1
2
0
0
1
1
2
3
0
1
0
0
1
0
0
0
1
0
2
2
1
0
3
0
2
2
0
1
2
1
1
3
3
1
2
2
1
2
1
1
1
2
0
1
3
0
1
1
1
2
0
1
2
2
2
1
0
2
2
1
2
2
0
2
2
1
2
0
1
0
1
2
0
2
3
3
2
3
6
2
1
2
2
1
2
3
2
0
2
1
0
1
1
0
1
1
0
1
1
2
0
2
2
1
1
0
3
0
0
2
4
1
0
2
5
1
3
0
1
2
0
2
2
0
1
1
1
2
1
0
1
3
1
3
0
0
4
2
0
1
0
2
1
0
2
3
0
3
1
1
2
0
3
2
0
0
1
1
1
0
0
1
2
1
1
1
2
1
1
0
1
3
1
2
1
1
2
2
1
2
1
0
1
4
0
3
0
0
2
1
0
3
2
2
1
0
3
2
0
1
4
0
3
2
1
2
0
1
4
1
2
5
0
0
0
2
1
1
3
1
1
2
0
2
0
3
3
1
0
2
0
1
2
0
2
1
0
0
1
1
0
1
1
0
1
3
1
1
2
1
0
1
0
1
1
1
3
2
0
0
0
0
2
0
0
0
1
1
2
2
0
1
1
0
3
2
3
0
3
0
0
1
2
0
3
1
1
1
2
2
2
3
0
1
0
0
2
2
0
1
0
0
3
1
1
1
0
3
0
0
1
2
2
0
2
4
0
0
3
1
4
1
1
1
2
1
4
2
1
0
0
4
0
1
2
0
0
1
0
3
1
3
1
1
0
3
0
1
2
1
1
2
3
1
1
0
0
1
1
0
1
0
0
3
0
5
2
1
2
1
2
0
1
1
1
0
1
2
0
1
4
1
1
2
2
0
1
1
0
0
0
2
2
2
3
0
2
1
0
2
1
1
0
3
2
2
3
3
1
3
0
1
2
6
2
1
3
4
0
3
0
1
1
1
1
0
2
1
3
3
0
2
1
4
0
0
1
0
1
0
3
0
1
0
3
2
1
0
2
1
1
1
0
0
1
1
0
1
1
3
1
0
0
2
0
0
0
0
1
1
0
0
2
0
0
0
2
0
0
1
2
2
0
0
0
3
1
2
0
2
1
2
1
3
1
2
1
0
0
1
2
0
1
0
2
0
1
1
0
2
2
2
2
0
2
0
2
0
0
2
2
2
0
2
0
1
1
1
2
1
0
0
4
1
1
0
0
0
2
1
0
2
1
1
0
1
2
1
1
0
1
2
1
3
1
2
2
0
1
0
1
1
1
2
0
0
0
1
4
1
1
0
0
1
2
0
1
2
1
0
0
1
3
0
1
1
1
2
1
2
1
1
0
2
0
0
0
1
1
2
0
0
0
0
0
0
0
5
0
1
1
0
1
2
0
1
0
1
1
1
0
1
0
0
0
0
1
0
0
1
1
0
2
2
0
2
2
1
0
0
1
0
2
0
1
1
1
2
3
3
2
1
0
2
0
3
1
2
1
2
0
1
1
1
1
0
1
0
1
0
0
2
0
1
3
0
2
1
2
0
2
1
1
1
1
2
1
1
2
1
3
1
1
1
2
1
0
2
0
0
2
0
1
0
1
2
2
2
1
2
0
0
1
4
0
1
0
1
3
2
2
3
1
2
2
5
1
1
1
0
1
4
2
4
0
0
0
1
2
1
0
5
0
0
2
1
0
1
1
0
0
1
0
1
2
2
0
0
1
2
1
2
5
1
0
5
1
0
1
3
0
1
4
1
1
1
0
3
1
1
0
0
0
0
1
0
2
1
2
0
2
2
1
0
3
1
2
0
1
1
1
1
0
1
1
0
1
2
2
2
2
1
0
0
0
1
0
0
1
2
1
0
2
1
2
1
1
0
3
1
0
0
1
1
0
1
3
0
0
2
1
1
1
0
3
1
0
1
0
0
0
0
3
1
2
2
1
1
0
0
0
0
0
0
1
2
1
2
0
1
1
3
0
0
1
0
1
1
0
1
0
1
0
0
0
1
2
3
0
2
3
0
0
0
0
0
0
1
0
1
0
0
0
3
0
0
2
0
0
0
1
3
1
1
0
1
1
2
1
1
2
3
1
0
1
2
1
2
3
2
2
2
0
2
1
2
1
2
1
1
0
3
1
0
3
2
3
0
0
1
2
1
1
0
3
1
2
1
0
1
0
2
0
3
2
2
1
0
2
1
1
0
3
5
1
1
0
0
1
0
0
2
2
3
1
0
0
2
0
0
0
3
1
1
1
3
0
1
1
2
0
1
0
3
1
0
1
1
5
1
0
1
0
0
2
1
1
1
1
1
3
1
0
0
1
3
0
0
0
3
1
0
0
1
2
4
1
1
0
2
0
0
0
1
1
1
0
3
0
2
0
1
0
0
0
1
0
0
2
0
1
2
1
0
2
0
3
0
0
0
0
1
1
2
3
0
2
1
0
1
1
2
1
0
2
1
1
0
0
1
1
1
1
1
2
3
2
0
1
0
0
0
1
1
1
0
0
2
1
0
0
2
0
0
1
0
0
0
2
1
0
1
0
2
0
2
0
4
0
1
0
0
1
0
2
1
1
1
1
2
1
1
2
1
1
0
1
0
0
2
1
0
0
2
0
0
0
2
3
0
1
1
0
0
4
1
0
2
0
1
1
1
2
1
0
0
0
1
0
1
1
2
0
0
2
5
0
0
0
0
0
1
2
0
1
1
1
1
2
2
0
1
0
1
3
1
1
0
1
0
2
1
2
0
1
3
1
1
2
0
1
1
1
1
1
0
1
1
1
0
1
0
0
0
1
1
2
0
0
1
1
1
2
0
1
2
1
1
0
1
0
0
2
0
0
2
2
1
0
0
0
0
2
2
1
1
3
1
0
2
3
0
1
1
0
2
1
1
0
1
0
2
1
1
0
1
0
1
0
0
0
0
0
0
0
1
0
1
0
0
0
4
1
0
2
2
0
2
0
0
2031
2031
2031
2031
2031
2031
2031
2031
2031
2031
2031
2031
2031
2031
2031
2031
2031
2031
2031
2031
2031
2031
2031
2031
2031
2031
2031
2031
2031
2031
2031
2031
2031
2031
2031
2031
2031
2031
2031
2031
2031
2031
2031
2031
2031
2031
2031
2031
2031
2031
2031
2031
2031
2031
2031
2031
2031
2031
2031
2031
2031
2031
2031
2031
2031
2031
2031
2031
2031
2031
2031
2031
2031
2031
2031
2031
2031
2031
2031
2031
2031
2031
2031
2031
2031
2031
2031
2031
2031
2031
2031
2031
2031
2031
2031
2031
2031
2031
2031
2031
2031
2031
2031
2031
2031
2031
2031
2031
2031
2031
2031
2031
2031
2031
2031
2031
2031
2031
2031
2031
2031
2031
2031
2031
2031
2031
2031
2031
2031
2031
2031
2031
2031
2031
2031
2031
2031
2031
2031
2031
2031
2031
2031
2031
2031
2031
2031
2031
2031
2031
2031
2031
2031
2031
2031
2031
2031
2031
2031
2031
2031
2031
2031
2031
2031
2031
2031
2031
2031
2031
2031
2031
2031
2031
2031
2031
2031
2031
2031
2031
2031
2031
2031
2031
2031
2031
2031
2031
2031
2031
2031
2031
2031
2031
2031
2031
2031
2031
2031
2031
2031
2031
2031
2031
2031
2031
2031
2031
2031
2031
2031
2031
2031
2031
2031
2031
2031
2031
2031
2031
2031
2031
2031
2031
2031
2031
2031
2031
2031
2031
2031
2031
2031
2031
2031
2031
2031
2031
2031
2031
2031
2031
2031
2031
2031
2031
2031
2031
2031
2031
2031
2031
2031
2031
2031
2031
2031
2031
2031
2031
2031
2031
2031
2031
2031
2031
2031
2031
2031
2031
2031
2031
2031
2031
2031
2031
2031
2031
2031
2031
2031
2031
2031
2031
2031
2031
2031
2031
2031
2031
2031
2031
2031
2031
2031
2031
2031
2031
2031
2031
2031
2031
2031
2031
2031
2031
2031
2031
2031
2031
2031
2031
2031
2031
2031
2031
2031
2031
2031
2031
2031
2031
2031
2031
2031
2031
2031
2031
2031
2031
2031
2031
2031
2031
2031
2031
2031
2031
2031
2031
2031
2031
2031
2031
2031
2031
2031
2031
2031
2031
2031
2031
2031
2031
2031
2031
2031
2031
2031
2031
2031
2031
2031
2031
2031
2031
2031
2031
2031
2031
2031
2031
2031
2031
2031
2031
2031
2031
2031
2031
2031
2031
2031
2031
2031
2031
2031
2031
2031
2031
2031
2031
2031
2031
2031
2031
2031
2031
2031
2031
2031
2031
2031
2031
2031
2031
2031
2031
2031
2031
2031
2031
2031
2031
2031
2031
2031
2031
2031
2031
2031
2031
2031
2031
2031
2031
2031
2031
2031
2031
2031
2031
2031
2031
2031
2031
2031
2031
2031
2031
2031
2031
2031
2031
2031
2031
2031
2031
2031
2031
2031
2031
2031
2031
2031
2031
2031
2031
2031
2031
2031
2031
2031
2031
2031
2031
2031
2031
2031
2031
2031
2031
2031
2031
2031
2031
2031
2031
2031
2031
2031
2031
2031
2031
2031
2031
2031
2031
2031
2031
2031
2031
2031
2031
2031
2031
2031
2031
2031
2031
2031
2031
2031
2031
2031
2031
2031
2031
2031
2031
2031
2031
2031
2031
2031
2031
2031
2031
2031
2031
2031
2031
2031
2031
2031
2031
2031
2031
2031
2031
2031
2031
2031
2031
2031
2031
2031
2031
2031
2031
2031
2031
2031
2031
2031
2031
2031
2031
2031
2031
2031
2031
2031
2031
2031
2031
2031
2031
2031
2031
2031
2031
2031
2031
2031
2031
2031
2031
2031
2031
2031
2031
2031
2031
2031
2031
2031
2031
2031
2031
2031
2031
2031
2031
2031
2031
2031
2031
2031
2031
2031
2031
2031
2031
2031
2031
2031
2031
2031
2031
2031
2031
2031
2031
2031
2031
2031
2031
2031
2031
2031
2031
2031
2031
2031
2031
2031
2031
2031
2031
2031
2031
2031
2031
2031
2031
2031
2031
2031
2031
2031
2031
2031
2031
2031
2031
2031
2031
2031
2031
2031
2031
2031
2031
2031
2031
2031
2031
2031
2031
2031
2031
2031
2031
2031
2031
2031
2031
2031
2031
2031
2031
2031
2031
2031
2031
2031
2031
2031
2031
2031
2031
2031
2031
2031
2031
2031
2031
2031
2031
2031
2031
2031
2031
2031
2031
2031
2031
2031
2031
2031
2031
2031
2031
2031
2031
2031
2031
2031
2031
2031
2031
2031
2031
2031
2031
2031
2031
2031
2031
2031
2031
2031
2031
2031
2031
2031
2031
2031
2031
2031
2031
2031
2031
2031
2031
2031
2031
2031
2031
2031
2031
2031
2031
2031
2031
2031
2031
2031
2031
2031
2031
2031
2031
2031
2031
2031
2031
2031
2031
2031
2031
2031
2031
2031
2031
2031
2031
2031
2031
2031
2031
2031
2031
2031
2031
2031
2031
2031
2031
2031
2031
2031
2031
2031
2031
2031
2031
2031
2031
2031
2031
2031
2031
2031
2031
2031
2031
2031
2031
2031
2031
2031
2031
2031
2031
2031
2031
2031
2031
2031
2031
2031
2031
2031
2031
2031
2031
2031
2031
2031
2031
2031
2031
2031
2031
2031
2031
2031
2031
2031
2031
2031
2031
2031
2031
2031
2031
2031
2031
2031
2031
2031
2031
2031
2031
2031
2031
2031
2031
2031
2031
2031
2031
2031
2031
2031
2031
2031
2031
2031
2031
2031
2031
2031
2031
2031
2031
2031
2031
2031
2031
2031
2031
2031
2031
2031
2031
2031
2031
2031
2031
2031
2031
2031
2031
2031
2031
2031
2031
2031
2031
2031
2031
2031
2031
2031
2031
2031
2031
2031
2031
2031
2031
2031
2031
2031
2031
2031
2031
2031
2031
2031
2031
2031
2031
2031
2031
2031
2031
2031
2031
2031
2031
2031
2031
2031
2031
2031
2031
2031
2031
2031
2031
2031
2031
2031
2031
2031
2031
2031
2031
2031
2031
2031
2031
2031
2031
2031
2031
2031
2031
2031
2031
2031
2031
2031
2031
2031
2031
2031
2031
2031
2031
2031
2031
2031
2031
2031
2031
2031
2031
2031
2031
2031
2031
2031
2031
2031
2031
2031
2031
2031
2031
2031
2031
2031
2031
2031
2031
2031
2031
2031
2031
2031
2031
2031
2031
2031
2031
2031
2031
2031
2031
2031
2031
2031
2031
2031
2031
2031
2031
2031
2031
2031
2031
2031
2031
2031
2031
2031
2031
2031
2031
2031
2031
2031
2031
2031
2031
2031
2031
2031
2031
2031
2031
2031
2031
2031
2031
2031
2031
2031
2031
2031
2031
2031
2031
2031
2031
2031
2031
2031
2031
2031
2031
2031
2031
2031
2031
2031
2031
2031
2031
2031
2031
2031
2031
2031
2031
2031
2031
2031
2031
2031
2031
2031
2031
2031
2031
2031
2031
2031
2031
2031
2031
2031
2031
2031
2031
2031
2031
2031
2031
2031
2031
2031
2031
2031
2031
2031
2031
2031
2031
2031
2031
2031
2031
2031
2031
2031
2031
2031
2031
2031
2031
2031
2031
2031
2031
2031
2031
2031
2031
2031
2031
2031
2031
2031
2031
2031
2031
2031
2031
2031
2031
2031
2031
2031
2031
2031
2031
2031
2031
2031
2031
2031
2031
2031
2031
2031
2031
2031
2031
2031
2031
2031
2031
2031
2031
2031
2031
2031
2031
2031
2031
2031
2031
2031
2031
2031
2031
2031
2031
2031
2031
2031
2031
2031
2031
2031
2031
2031
2031
2031
2031
2031
2031
2031
2031
2031
2031
2031
2031
2031
2031
2031
2031
2031
2031
2031
2031
2031
2031
2031
2031
2031
2031
2031
2031
2031
2031
2031
2031
2031
2031
2031
2031
2031
2031
2031
2031
2031
2031
2031
2031
2031
2031
2031
2031
2031
2031
2031
2031
2031
2031
2031
2031
2031
2031
2031
2031
2031
2031
2031
2031
2031
2031
2031
2031
2031
2031
2031
2031
2031
2031
2031
2031
2031
2031
2031
2031
2031
2031
2031
2031
2031
2031
2031
2031
2031
2031
2031
2031
2031
2031
2031
2031
2031
2031
2031
2031
2031
2031
2031
2031
2031
2031
2031
2031
2031
2031
2031
2031
2031
2031
2031
2031
2031
2031
2031
2031
2031
2031
2031
2031
2031
2031
2031
2031
2031
2031
2031
2031
2031
2031
2031
2031
2031
2031
2031
2031
2031
2031
2031
2031
2031
2031
2031
2031
2031
2031
2031
2031
2031
2031
2031
2031
2031
2031
2031
2031
2031
2031
2031
2031
2031
2031
2031
2031
2031
2031
2031
2031
2031
2031
2031
2031
2031
2031
2031
2031
2031
2031
2031
2031
2031
2031
2031
2031
2031
2031
2031
2031
2031
2031
2031
2031
2031
2031
2031
2031
2031
2031
2031
2031
2031
2031
2031
2031
2031
2031
2031
2031
2031
2031
2031
2031
2031
2031
2031
2031
2031
2031
2031
2031
2031
2031
2031
2031
2031
2031
2031
2031
2031
2031
2031
2031
2031
2031
2031
2031
2031
2031
2031
2031
2031
2031
2031
2031
2031
2031
2031
2031
2031
2031
2031
2031
2031
2031
2031
2031
2031
2031
2031
2031
2031
2031
2031
2031
2031
2031
2031
2031
2031
2031
2031
2031
2031
2031
2031
2031
2031
2031
2031
2031
2031
2031
2031
2031
2031
2031
2031
2031
2031
2031
2031
2031
2031
2031
2031
2031
2031
2031
2031
2031
2031
2031
2031
2031
2031
2031
2031
2031
2031
2031
2031
2031
2031
2031
2031
2031
2031
2031
2031
2031
2031
2031
2031
2031
2031
2031
2031
2031
2031
2031
2031
2031
2031
2031
2031
2031
2031
2031
2031
2031
2031
2031
2031
2031
2031
2031
2031
2031
2031
2031
2031
2031
2031
2031
2031
2031
2031
2031
2031
2031
2031
2031
2031
2031
2031
2031
2031
2031
2031
2031
2031
2031
2031
2031
2031
2031
2031
2031
2031
2031
2031
2031
2031
2031
2031
2031
2031
2031
2031
2031
2031
2031
2031
2031
2031
2031
2031
2031
2031
2031
2031
2031
2031
2031
2031
2031
2031
2031
2031
2031
2031
2031
2031
2031
2031
2031
2031
2031
2031
2031
2031
2031
2031
2031
2031
2031
2031
2031
2031
2031
2031
2031
2031
2031
2031
2031
2031
2031
2031
2031
2031
2031
2031
2031
2031
2031
2031
2031
2031
2031
2031
2031
2031
2031
2031
2031
2031
2031
2031
2031
2031
2031
2031
2031
2031
2031
2031
2031
2031
2031
2031
2031
2031
2031
2031
2031
2031
2031
2031
2031
2031
2031
2031
2031
2031
2031
2031
2031
2031
2031
2031
2031
2031
2031
2031
2031
2031
2031
2031
2031
2031
2031
2031
2031
2031
2031
2031
2031
2031
2031
2031
2031
2031
2031
2031
2031
2031
2031
2031
2031
2031
2031
2031
2031
2031
2031
2031
2031
2031
2031
2031
2031
2031
2031
2031
2031
2031
2031
2031
2031
2031
2031
2031
2031
2031
2031
2031
2031
2031
2031
2031
2031
2031
2031
2031
2031
2031
2031
2031
2031
2031
2031
2031
2031
2031
2031
2031
2031
2031
2031
2031
2031
2031
2031
2031
2031
2031
2031
2031
2031
2031
2031
2031
2031
2031
2031
2031
2031
2031
2031
2031
2031
2031
2031
2031
2031
2031
2031
2031
2031
2031
2031
2031
2031
2031
2031
2031
2031
2031
2031
2031
2031
2031
2031
2031
2031
2031
2031
2031
2031
2031
2031
2031
2031
2031
2031
2031
2031
2031
2031
2031
2031
2031
2031
2031
2031
2031
2031
2031
2031
2031
2031
2031
2031
2031
2031
2031
2031
2031
2031
2031
2031
2031
2031
2031
2031
2031
2031
2031
2031
2031
2031
2031
2031
2031
2031
2031
2031
2031
2031
2031
2031
2031
2031
2031
2031
2031
2031
2031
2031
2031
2031
2031
2031
2031
2031
2031
2031
2031
2031
2031
2031
2031
2031
2031
2031
2031
2031
2031
2031
2031
2031
2031
2031
2031
2031
2031
2031
2031
2031
2031
2031
2031
2031
2031
2031
2031
2031
2031
2031
2031
2031
2031
2031
2031
2031
2031
2031
2031
2031
2031
2031
2031
2031
2031
2031
2031
2031
2031
2031
2031
2031
2031
2031
2031
2031
2031
2031
2031
2031
2031
2031
2031
2031
2031
2031
2031
2031
2031
2031
2031
2031
2031
2031
2031
2031
2031
2031
2031
2031
2031
2031
2031
2031
2031
2031
2031
2031
2031
2031
2031
2031
2031
2031
2031
2031
2031
2031
2031
2031
2031
2031
2031
2031
2031
2031
2031
2031
2031
2031
2031
2031
2031
2031
2031
2031
2031
2031
2031
2031
2031
2031
2031
2031
2031
2031
2031
2031
2031
2031
2031
2031
2031
2031
2031
2031
2031
2031
2031
2031
2031
2031
2031
2031
2031
2031
2031
2031
2031
2031
2031
2031
2031
2031
2031
2031
2031
2031
2031
2031
2031
2031
2031
2031
2031
2031
2031
2031
2031
2031
2031
2031
2031
2031
2031
2031
2031
2031
2031
2031
2031
2031
2031
2031
2031
2031
2031
2031
2031
2031
2031
2031
2031
2031
2031
2031
2031
2031
2031
2031
2031
2031
2031
2031
2031
2031
2031
2031
2031
2031
2031
2031
2031
2031
2031
2031
2031
2031
2031
2031
2031
2031
2031
2031
2031
2031
2031
2031
2031
2031
2031
2031
2031
2031
2031
2031
2031
2031
2031
2031
2031
2031
2031
2031
2031
2031
2031
2031
2031
2031
2031
2031
2031
2031
2031
2031
2031
2031
2031
2031
2031
2031
2031
2031
2031
2031
2031
2031
2031
2031
2031
2031
2031
2031
2031
2031
2031
2031
2031
2031
2031
2031
2031
2031
2031
2031
2031
2031
2031
2031
2031
2031
2031
2031
2031
2031
2031
2031
2031
2031
2031
2031
2031
2031
2031
2031
2031
2031
2031
2031
2031
2031
2031
2031
2031
2031
2031
2031
2031
2031
2031
2031
2031
2031
2031
2031
2031
2031
2031
2031
2031
2031
2031
2031
2031
2031
2031
2031
2031
2031
2031
2031
2031
2031
2031
2031
2031
2031
2031
2031
2031
2031
2031
2031
2031
2031
2031
2031
2031
2031
2031
2031
2031
2031
2031
2031
2031
2031
2031
2031
2031
2031
2031
2031
2031
2031
2031
2031
2031
2031
2031
2031
2031
2031
2031
2031
2031
2031
2031
2031
2031
2031
2031
2031
2031
2031
2031
2031
2031
2031
2031
2031
2031
2031
2031
2031
2031
2031
2031
2031
2031
2031
2031
2031
2031
2031
2031
2031
2031
2031
2031
2031
2031
2031
2031
2031
2031
2031
2031
2031
2031
2031
2031
2031
2031
2031
2031
2031
2031
2031
2031
2031
2031
2031
2031
2031
2031
2031
2031
2031
2031
2031
2031
2031
2031
2031
2031
2031
2031
2031
2031
2031
2031
2031
2031
2031
2031
2031
2031
2031
2031
2031
2031
2031
2031
2031
2031
2031
2031
2031
2031
2031
2031
2031
2031
2031
2031
2031
2031
2031
2031
2031
2031
2031
2031
2031
2031
2031
2031
2031
2031
2031
2031
2031
2031
2031
2031
2031
2031
2031
2031
2031
2031
2031
2031
2031
2031
2031
2031
2031
2031
2031
2031
2031
2031
2031
2031
2031
2031
2031
2031
2031
2031
2031
2031
2031
2031
2031
2031
2031
2031
2031
2031
2031
2031
2031
2031
2031
2031
2031
2031
2031
2031
2031
2031
2031
2031
2031
2031
2031
2031
2031
2031
2031
2031
2031
2031
2031
2031
2031
2031
2031
2031
2031
2031
2031
2031
2031
2031
2031
2031
2031
2031
2031
2031
2031
2031
2031
2031
2031
2031
2031
2031
2031
2031
2031
2031
2031
2031
2031
2031
2031
2031
2031
2031
2031
2031
2031
2031
2031
2031
2031
2031
2031
2031
2031
2031
2031
2031
2031
2031
2031
2031
2031
2031
2031
2031
2031
2031
2031
2031
2031
2031
2031
2031
2031
2031
2031
2031
2031
2031
2031
2031
2031
2031
2031
2031
2031
2031
2031
2031
2031
2031
2031
2031
2031
2031
2031
2031
2031
2031
2031
2031
2031
2031
2031
2031
2031
2031
2031
2031
2031
2031
2031
2031
2031
2031
2031
2031
2031
2031
2031
2031
2031
2031
2031
2031
2031
2031
2031
2031
2031
2031
2031
2031
2031
2031
2031
2031
2031
2031
2031
2031
2031
2031
2031
2031
2031
2031
2031
2031
2031
2031
2031
2031
2031
2031
2031
2031
2031
2031
2031
2031
2031
2031
2031
2031
2031
2031
2031
2031
2031
2031
2031
2031
2031
2031
2031
2031
2031
2031
2031
2031
2031
2031
2031
2031
2031
2031
2031
2031
2031
2031
2031
2031
2031
2031
2031
2031
2031
2031
2031
2031
2031
2031
2031
2031
2031
2031
2031
2031
2031
2031
2031
2031
2031
2031
2031
2031
2031
2031
2031
2031
2031
2031
2031
2031
2031
2031
2031
2031
2031
2031
2031
2031
2031
2031
2031
2031
2031
2031
2031
2031
2031
2031
2031
2031
2031
2031
2031
2031
2031
2031
2031
2031
2031
2031
2031
2031
2031
2031
2031
2031
2031
2031
2031
2031
2031
2031
2031
2031
2031
2031
2031
2031
2031
2031
2031
2031
2031
2031
2031
2031
2031
2031
2031
2031
2031
2031
2031
2031
2031
2031
2031
2031
2031
2031
2031
2031
2031
2031
2031
2031
2031
2031
2031
2031
2031
2031
2031
2031
2031
2031
2031
2031
2031
2031
2031
2031
2031
2031
2031
2031
2031
2031
2031
2031
2031
2031
2031
2031
2031
2031
2031
2031
2031
2031
2031
2031
2031
2031
2031
2031
2031
2031
2031
2031
2031
2031
2031
2031
2031
2031
2031
2031
2031
2031
2031
2031
2031
2031
2031
2031
2031
2031
2031
2031
2031
2031
2031
2031
2031
2031
2031
2031
2031
2031
2031
2031
2031
2031
2031
2031
2031
2031
2031
2031
2031
2031
2031
2031
2031
2031
2031
2031
2031
2031
2031
2031
2031
2031
2031
2031
2031
2031
2031
2031
2031
2031
2031
2031
2031
2031
2031
2031
2031
2031
2031
2031
2031
2031
2031
2031
2031
2031
2031
2031
2031
2031
2031
2031
2031
2031
2031
2031
2031
2031
2031
2031
2031
2031
2031
2031
2031
2031
2031
2031
2031
2031
2031
2031
2031
2031
2031
2031
2031
2031
2031
2031
2031
2031
2031
2031
2031
2031
2031
2031
2031
2031
2031
2031
2031
2031
2031
2031
2031
2031
2031
2031
2031
2031
2031
2031
2031
2031
2031
2031
2031
2031
2031
2031
2031
2031
2031
2031
2031
2031
2031
2031
2031
2031
2031
2031
2031
2031
2031
2031
2031
2031
2031
2031
2031
2031
2031
2031
2031
2031
2031
2031
2031
2031
2031
2031
2031
2031
2031
2031
2031
2031
2031
2031
2031
2031
2031
2031
2031
2031
2031
2031
2031
2031
2031
2031
2031
2031
2031
2031
2031
2031
2031
2031
2031
2031
2031
2031
2031
2031
2031
2031
2031
2031
2031
2031
2031
2031
2031
2031
2031
2031
2031
2031
2031
2031
2031
2031
2031
2031
2031
2031
2031
2031
2031
2031
2031
2031
2031
2031
2031
2031
2031
2031
2031
2031
2031
2031
2031
2031
2031
2031
2031
2031
2031
2031
2031
2031
2031
2031
2031
2031
2031
2031
2031
2031
2031
2031
2031
2031
2031
2031
2031
2031
2031
2031
2031
2031
2031
2031
2031
2031
2031
2031
2031
2031
2031
2031
2031
2031
2031
2031
2031
2031
2031
2031
2031
2031
2031
2031
2031
2031
2031
2031
2031
2031
2031
2031
2031
2031
2031
2031
2031
2031
2031
2031
2031
2031
2031
2031
2031
2031
2031
2031
2031
2031
2031
2031
2031
2031
2031
2031
2031
2031
2031
2031
2031
2031
2031
2031
2031
2031
2031
2031
2031
2031
2031
2031
2031
2031
2031
2031
2031
2031
2031
2031
2031
2031
2031
2031
2031
2031
2031
2031
2031
2031
2031
2031
2031
2031
2031
2031
2031
2031
2031
2031
2031
2031
2031
2031
2031
2031
2031
2031
2031
2031
2031
2031
2031
2031
2031
2031
2031
2031
2031
2031
2031
2031
2031
2031
2031
2031
2031
2031
2031
2031
2031
2031
2031
2031
2031
2031
2031
2031
2031
2031
2031
2031
2031
2031
2031
2031
2031
2031
2031
2031
2031
2031
2031
2031
2031
2031
2031
2031
2031
2031
2031
2031
2031
2031
2031
2031
2031
2031
2031
2031
2031
2031
2031
2031
2031
2031
2031
2031
2031
2031
2031
2031
2031
2031
2031
2031
2031
2031
2031
2031
2031
2031
2031
2031
2031
2031
2031
2031
2031
2031
2031
2031
2031
2031
2031
2031
2031
2031
2031
2031
2031
2031
2031
2031
2031
2031
2031
2031
2031
2031
2031
2031
2031
2031
2031
2031
2031
2031
2031
2031
2031
2031
2031
2031
2031
2031
2031
2031
2031
2031
2031
2031
2031
2031
2031
2031
2031
2031
2031
2031
2031
2031
2031
2031
2031
2031
2031
2031
2031
2031
2031
2031
2031
2031
2031
2031
2031
2031
2031
2031
2031
2031
2031
2031
2031
2031
2031
2031
2031
2031
2031
2031
2031
2031
2031
2031
2031
2031
2031
2031
2031
2031
2031
2031
2031
2031
2031
2031
2031
2031
2031
2031
2031
2031
2031
2031
2031
2031
2031
2031
2031
2031
2031
2031
2031
2031
2031
2031
2031
2031
2031
2031
2031
2031
2031
2031
2031
2031
2031
2031
2031
2031
2031
2031
2031
2031
2031
2031
2031
2031
2031
2031
2031
2031
2031
2031
2031
2031
2031
2031
2031
2031
2031
2031
2031
2031
2031
2031
2031
2031
2031
2031
2031
2031
2031
2031
2031
2031
2031
2031
2031
2031
2031
2031
2031
2031
2031
2031
2031
2031
2031
2031
2031
2031
2031
2031
2031
2031
2031
2031
2031
2031
2031
2031
2031
2031
2031
2031
2031
2031
2031
2031
2031
2031
2031
2031
2031
2031
2031
2031
2031
2031
2031
2031
2031
2031
2031
2031
2031
2031
2031
2031
2031
2031
2031
2031
2031
2031
2031
2031
2031
2031
2031
2031
2031
2031
2031
2031
2031
2031
2031
2031
2031
2031
2031
2031
2031
2031
2031
2031
2031
2031
2031
2031
2031
2031
2031
2031
2031
2031
2031
2031
2031
2031
2031
2031
2031
2031
2031
2031
2031
2031
2031
2031
2031
2031
2031
2031
2031
2031
2031
2031
2031
2031
2031
2031
2031
2031
2031
2031
2031
2031
2031
2031
2031
2031
2031
2031
2031
2031
2031
2031
2031
2031
2031
2031
2031
2031
2031
2031
2031
2031
2031
2031
2031
2031
2031
2031
2031
2031
2031
2031
2031
2031
2031
2031
2031
2031
2031
2031
2031
2031
2031
2031
2031
2031
2031
2031
2031
2031
2031
2031
2031
2031
2031
2031
2031
2031
2031
2031
2031
2031
2031
2031
2031
2031
2031
2031
2031
2031
2031
2031
2031
2031
2031
2031
2031
2031
2031
2031
2031
2031
2031
2031
2031
2031
2031
2031
2031
2031
2031
2031
2031
2031
2031
2031
2031
2031
2031
2031
2031
2031
2031
2031
2031
2031
2031
2031
2031
2031
2031
2031
2031
2031
2031
2031
2031
2031
2031
2031
2031
2031
2031
2031
2031
2031
2031
2031
2031
2031
2031
2031
2031
2031
2031
2031
2031
2031
2031
2031
2031
2031
2031
2031
2031
2031
2031
2031
2031
2031
2031
2031
2031
2031
2031
2031
2031
2031
2031
2031
2031
2031
2031
2031
2031
2031
2031
2031
2031
2031
2031
2031
2031
2031
2031
2031
2031
2031
2031
2031
2031
2031
2031
2031
2031
2031
2031
2031
2031
2031
2031
2031
2031
2031
2031
2031
2031
2031
2031
2031
2031
2031
2031
2031
2031
2031
2031
2031
2031
2031
2031
2031
2031
2031
2031
2031
2031
2031
2031
2031
2031
2031
2031
2031
2031
2031
2031
2031
2031
2031
2031
2031
2031
2031
2031
2031
2031
2031
2031
2031
2031
2031
2031
2031
2031
2031
2031
2031
2031
2031
2031
2031
2031
2031
2031
2031
2031
2031
2031
2031
2031
2031
2031
2031
2031
2031
2031
2031
2031
2031
2031
2031
2031
2031
2031
2031
2031
2031
2031
2031
2031
2031
2031
2031
2031
2031
2031
2031
2031
2031
2031
2031
2031
2031
2031
2031
2031
2031
2031
2031
2031
2031
2031
2031
2031
2031
2031
2031
2031
2031
2031
2031
2031
2031
2031
2031
2031
2031
2031
2031
2031
2031
2031
2031
2031
2031
2031
2031
2031
2031
2031
2031
2031
2031
2031
2031
2031
2031
2031
2031
2031
2031
2031
2031
2031
2031
2031
2031
2031
2031
2031
2031
2031
2031
2031
2031
2031
2031
2031
2031
2031
2031
2031
2031
2031
2031
2031
2031
2031
2031
2031
2031
2031
2031
2031
2031
2031
2031
2031
2031
2031
2031
2031
2031
2031
2031
2031
2031
2031
2031
2031
2031
2031
2031
2031
2031
2031
2031
2031
2031
2031
2031
2031
2031
2031
2031
2031
2031
2031
2031
2031
2031
2031
2031
2031
2031
2031
2031
2031
2031
2031
2031
2031
2031
2031
2031
2031
2031
2031
2031
2031
2031
2031
2031
2031
2031
2031
2031
2031
2031
2031
2031
2031
2031
2031
2031
2031
2031
2031
2031
2031
2031
2031
2031
2031
2031
2031
2031
2031
2031
2031
2031
2031
2031
2031
2031
2031
2031
2031
2031
2031
2031
2031
2031
2031
2031
2031
2031
2031
2031
2031
2031
2031
2031
2031
2031
2031
2031
2031
2031
2031
2031
2031
2031
2031
2031
2031
2031
2031
2031
2031
2031
2031
2031
2031
2031
2031
2031
2031
2031
2031
2031
2031
2031
2031
2031
2031
2031
2031
2031
2031
2031
2031
2031
2031
2031
2031
2031
2031
2031
2031
2031
2031
2031
2031
2031
2031
2031
2031
2031
2031
2031
2031
2031
2031
2031
2031
2031
2031
2031
2031
2031
2031
2031
2031
2031
2031
2031
2031
2031
2031
2031
2031
2031
2031
2031
2031
2031
2031
2031
2031
2031
2031
2031
2031
2031
2031
2031
2031
2031
2031
2031
2031
2031
2031
2031
2031
2031
2031
2031
2031
2031
2031
2031
2031
2031
2031
2031
2031
2031
2031
2031
2031
2031
2031
2031
2031
2031
2031
2031
2031
2031
2031
2031
2031
2031
2031
2031
2031
2031
2031
2031
2031
2031
2031
2031
2031
2031
2031
2031
2031
2031
2031
2031
2031
2031
2031
2031
2031
2031
2031
2031
2031
2031
2031
2031
2031
2031
2031
2031
2031
2031
2031
2031
2031
2031
2031
2031
2031
2031
2031
2031
2031
2031
2031
2031
2031
2031
2031
2031
2031
2031
2031
2031
2031
2031
2031
2031
2031
2031
2031
2031
2031
2031
2031
2031
2031
2031
2031
2031
2031
2031
2031
2031
2031
2031
2031
2031
2031
2031
2031
2031
2031
2031
2031
2031
2031
2031
2031
2031
2031
2031
2031
2031
2031
2031
2031
2031
2031
2031
2031
2031
2031
2031
2031
2031
2031
2031
2031
2031
2031
2031
2031
2031
2031
2031
2031
2031
2031
2031
2031
2031
2031
2031
2031
2031
2031
2031
2031
2031
2031
2031
2031
2031
2031
2031
2031
2031
2031
2031
2031
2031
2031
2031
2031
2031
2031
2031
2031
2031
2031
2031
2031
2031
2031
2031
2031
2031
2031
2031
2031
2031
2031
2031
2031
2031
2031
2031
2031
2031
2031
2031
2031
2031
2031
2031
2031
2031
2031
2031
2031
2031
2031
2031
2031
2031
2031
2031
2031
2031
2031
2031
2031
2031
2031
2031
2031
2031
2031
2031
2031
2031
2031
2031
2031
2031
2031
2031
2031
2031
2031
2031
2031
2031
2031
2031
2031
2031
2031
2031
2031
2031
2031
2031
2031
2031
2031
2031
2031
2031
2031
2031
2031
2031
2031
2031
2031
2031
2031
2031
2031
2031
2031
2031
2031
2031
2031
2031
2031
2031
2031
2031
2031
2031
2031
2031
2031
2031
2031
2031
2031
2031
2031
2031
2031
2031
2031
2031
2031
2031
2031
2031
2031
2031
2031
2031
2031
2031
2031
2031
2031
2031
2031
2031
2031
2031
2031
2031
2031
2031
2031
2031
2031
2031
2031
2031
2031
2031
2031
2031
2031
2031
2031
2031
2031
2031
2031
2031
2031
2031
2031
2031
2031
2031
2031
2031
2031
2031
2031
2031
2031
2031
2031
2031
2031
2031
2031
2031
2031
2031
2031
2031
2031
2031
2031
2031
2031
2031
2031
2031
2031
2031
2031
2031
2031
2031
2031
2031
2031
2031
2031
2031
2031
2031
2031
2031
2031
2031
2031
2031
2031
2031
2031
2031
2031
2031
2031
2031
2031
2031
2031
2031
2031
2031
2031
2031
2031
2031
2031
2031
2031
2031
2031
2031
2031
2031
2031
2031
2031
2031
2031
2031
2031
2031
2031
2031
2031
2031
2031
2031
2031
2031
2031
2031
2031
2031
2031
2031
2031
2031
2031
2031
2031
2031
2031
2031
2031
2031
2031
2031
2031
2031
2031
2031
2031
2031
2031
2031
2031
2031
2031
2031
2031
2031
2031
2031
2031
2031
2031
2031
2031
2031
2031
2031
2031
2031
2031
2031
2031
2031
2031
2031
2031
2031
2031
2031
2031
2031
2031
2031
2031
2031
2031
2031
2031
2031
2031
2031
2031
2031
2031
2031
2031
2031
2031
2031
2031
2031
2031
2031
2031
2031
2031
2031
2031
2031
2031
2031
2031
2031
2031
2031
2031
2031
2031
2031
2031
2031
2031
2031
2031
2031
2031
2031
2031
2031
2031
2031
2031
2031
2031
2031
2031
2031
2031
2031
2031
2031
2031
2031
2031
2031
2031
2031
2031
2031
2031
2031
2031
2031
2031
2031
2031
2031
2031
2031
2031
2031
2031
2031
2031
2031
2031
2031
2031
2031
2031
2031
2031
2031
2031
2031
2031
2031
2031
2031
2031
2031
2031
2031
2031
2031
2031
2031
2031
2031
2031
2031
2031
2031
2031
2031
2031
2031
2031
2031
2031
2031
2031
2031
2031
2031
2031
2031
2031
2031
2031
2031
2031
2031
2031
2031
2031
2031
2031
2031
2031
2031
2031
2031
2031
2031
2031
2031
2031
2031
2031
2031
2031
2031
2031
2031
2031
2031
2031
2031
2031
2031
2031
2031
2031
2031
2031
2031
2031
2031
2031
2031
2031
2031
2031
2031
2031
2031
2031
2031
2031
2031
2031
2031
2031
2031
2031
2031
2031
2031
2031
2031
2031
2031
2031
2031
2031
2031
2031
2031
2031
2031
2031
2031
2031
2031
2031
2031
2031
2031
2031
2031
2031
2031
2031
2031
2031
2031
2031
2031
2031
2031
2031
2031
2031
2031
2031
2031
2031
2031
2031
2031
2031
2031
2031
2031
2031
2031
2031
2031
2031
2031
2031
2031
2031
2031
2031
2031
2031
2031
2031
2031
2031
2031
2031
2031
2031
2031
2031
2031
2031
2031
2031
2031
2031
2031
2031
2031
2031
2031
2031
2031
2031
2031
2031
2031
2031
2031
2031
2031
2031
2031
2031
2031
2031
2031
2031
2031
2031
2031
2031
2031
2031
2031
2031
2031
2031
2031
2031
2031
2031
2031
2031
2031
2031
2031
2031
2031
2031
2031
2031
2031
2031
2031
2031
2031
2031
2031
2031
2031
2031
2031
2031
2031
2031
2031
2031
2031
2031
2031
2031
2031
2031
2031
2031
2031
2031
2031
2031
2031
2031
2031
2031
2031
2031
2031
2031
2031
2031
2031
2031
2031
2031
2031
2031
2031
2031
2031
2031
2031
2031
2031
2031
2031
2031
2031
2031
2031
2031
2031
2031
2031
2031
2031
2031
2031
2031
2031
2031
2031
2031
2031
2031
2031
