0
0
0
0
0
0
0
0
0
0
0
0
0
0
0
0
0
0
0
0
0
0
0
0
0
0
0
0
0
0
0
0
0
0
0
0
0
0
0
0
0
0
0
0
0
0
0
0
0
0
0
0
0
0
0
0
0
0
0
0
0
0
0
0
0
0
0
0
0
0
0
0
0
0
0
0
0
0
0
0
0
0
0
0
0
0
0
0
0
0
0
0
0
0
0
0
0
0
0
0
0
0
0
0
0
0
0
0
0
0
0
0
0
0
0
0
0
0
0
0
0
0
0
0
0
0
0
0
0
0
4
21
129
356
699
1036
1296
1700
2145
2550
3063
3331
3773
3934
4241
4535
4720
5010
5113
5303
5323
5533
5383
5559
5682
5548
5468
5311
5328
5330
5213
5020
4774
4643
4720
4945
4805
4242
3684
3393
3359
3084
2987
2656
2516
2459
2348
2060
2041
1874
1731
1610
1585
1547
1432
1396
1369
1269
1255
1159
1184
1083
1046
1016
1030
932
878
922
939
921
883
812
856
771
819
822
807
769
784
805
734
709
707
686
702
709
698
653
656
718
618
679
631
622
576
569
577
649
913
1314
1207
829
619
586
540
550
531
537
521
522
539
521
511
497
496
489
478
479
501
494
516
481
461
472
475
439
454
470
455
472
422
443
450
449
417
437
399
434
385
425
362
389
397
400
356
444
445
443
403
411
347
408
399
364
365
390
354
340
383
381
369
350
335
387
366
361
375
405
383
356
337
341
374
355
377
326
317
339
330
301
364
322
335
316
321
332
315
298
305
345
273
308
277
315
308
308
306
326
294
299
279
296
302
314
335
270
293
285
302
275
299
277
297
295
301
274
312
294
312
271
313
274
294
285
289
271
270
280
272
313
354
305
323
265
300
251
275
269
275
265
262
246
292
233
295
272
250
207
246
256
254
266
246
221
210
259
284
379
459
459
357
276
214
235
240
229
210
226
218
214
200
200
225
219
221
230
203
184
196
205
213
199
197
206
167
201
193
172
169
190
195
180
163
185
171
170
166
200
163
160
184
193
186
174
194
180
187
163
193
153
180
172
172
156
190
166
181
183
158
172
147
180
167
167
163
150
158
170
171
164
149
154
161
149
134
136
169
148
158
157
159
179
189
176
164
158
176
167
167
153
182
163
139
177
142
128
129
144
149
126
139
123
139
145
171
137
141
123
130
139
130
135
138
136
131
154
152
157
182
206
257
233
225
189
158
151
145
134
137
143
166
144
129
122
121
129
132
124
124
102
102
122
91
122
129
117
122
134
131
116
109
117
97
123
127
109
117
125
119
94
94
105
104
129
133
332
1031
2183
2686
1797
625
193
98
105
108
99
100
106
110
90
109
113
112
165
214
282
290
210
110
107
105
114
104
94
94
98
105
104
121
80
95
104
89
103
115
94
106
102
85
91
106
113
100
96
101
74
84
92
107
101
101
93
92
94
79
82
105
83
105
66
77
95
76
84
76
81
95
88
94
76
112
97
90
104
93
85
83
72
75
87
88
82
93
70
102
75
90
84
100
134
146
168
110
91
90
82
81
76
84
85
76
90
83
73
73
78
80
93
80
84
88
67
85
85
80
72
79
67
85
70
78
81
68
76
81
76
72
65
77
71
73
61
80
73
66
75
95
77
79
76
80
89
82
99
84
58
92
80
73
83
71
77
81
72
80
73
80
60
61
68
72
63
55
73
73
66
65
78
64
81
61
55
87
78
65
63
61
48
78
65
78
62
74
76
60
74
76
60
56
81
57
73
72
50
68
64
76
56
65
61
60
55
71
86
63
61
58
65
57
66
68
66
57
60
79
67
60
72
64
64
66
69
64
63
52
51
58
60
67
68
70
48
68
68
72
60
56
72
75
72
49
55
60
74
107
125
101
67
67
75
87
78
61
50
49
67
65
69
59
59
56
59
58
71
73
50
52
43
59
68
74
85
59
61
46
70
36
50
41
63
55
60
54
49
61
56
64
44
52
64
61
45
51
46
39
53
48
45
56
49
50
62
52
61
56
64
52
61
48
74
69
53
51
53
48
59
70
58
62
62
66
55
48
62
62
42
71
68
52
53
56
38
41
52
53
52
67
57
49
45
49
48
56
68
67
49
61
72
63
62
46
50
56
38
61
38
55
64
57
45
45
53
56
56
46
67
52
61
56
41
45
45
44
45
43
52
61
61
46
43
54
52
48
53
49
44
49
57
49
49
47
44
50
39
59
47
49
43
52
41
50
41
53
61
48
54
54
49
58
51
43
47
53
53
41
44
45
51
49
49
38
33
41
50
57
46
52
53
49
47
55
40
49
45
72
52
49
46
55
55
40
33
46
47
51
58
56
53
51
57
48
48
57
41
56
42
45
52
47
42
46
47
51
55
46
42
41
42
49
62
69
74
60
48
48
36
34
37
46
43
36
41
50
43
56
44
42
51
39
42
32
35
39
45
44
38
44
42
52
47
41
39
45
44
36
46
41
35
46
43
36
39
42
45
50
48
38
41
34
43
39
34
53
41
36
36
32
36
40
30
43
43
36
37
44
42
39
48
46
45
41
48
34
32
34
35
57
33
47
40
36
26
38
38
35
44
67
84
95
72
41
34
51
41
36
46
35
37
44
43
41
35
32
47
40
50
47
35
37
41
47
39
36
39
35
34
32
40
30
44
39
31
21
28
38
37
30
36
31
35
29
32
36
47
36
36
29
30
39
36
41
43
33
38
37
42
40
38
31
39
32
36
29
39
25
41
35
34
52
41
35
30
41
28
30
36
36
31
40
38
29
36
38
35
31
32
30
38
64
39
36
39
28
38
42
42
33
45
55
44
30
39
32
37
28
29
29
28
33
37
16
31
30
36
32
28
30
31
34
30
29
27
37
41
45
51
54
61
55
39
30
28
27
33
22
35
32
34
33
35
36
30
34
29
25
34
28
33
29
42
27
30
34
25
28
24
33
37
29
29
32
35
34
38
36
27
30
24
26
31
30
28
36
28
28
28
30
52
71
98
88
89
37
45
30
42
31
18
27
31
24
29
34
31
31
23
21
30
29
35
30
28
42
29
27
33
28
19
23
39
23
36
27
28
36
29
24
28
23
31
17
28
31
35
30
25
27
19
24
29
27
27
32
30
34
31
32
27
21
22
34
36
53
44
46
32
26
38
19
26
25
26
25
31
35
38
26
26
35
29
18
34
34
33
37
33
31
17
29
23
28
21
24
25
34
29
33
22
34
33
35
24
28
27
25
17
23
23
26
27
37
32
40
26
28
28
28
28
27
32
36
19
32
23
43
28
40
17
23
32
27
22
32
41
42
32
31
29
23
27
20
14
31
20
24
29
27
35
18
26
25
31
18
20
39
26
28
29
47
63
44
39
28
21
30
22
19
24
22
21
18
20
34
24
29
16
25
22
15
29
21
20
20
26
30
27
23
42
31
35
28
25
29
27
21
17
25
25
24
28
32
24
22
19
21
26
17
13
26
14
24
19
20
20
26
13
26
21
18
17
23
32
19
20
25
23
19
25
24
32
39
19
31
22
29
41
37
30
20
26
13
18
17
14
23
13
19
21
25
20
21
18
34
24
28
32
23
25
24
21
17
20
17
12
24
19
27
21
23
27
22
17
19
14
24
17
17
15
29
18
22
26
14
30
18
22
21
25
27
17
19
26
15
14
30
21
23
17
15
21
15
16
16
23
15
21
19
25
15
31
20
9
31
31
15
15
21
20
20
18
26
19
22
20
21
24
13
13
16
12
30
27
11
24
17
13
20
15
21
20
14
20
18
15
21
19
26
14
17
18
17
15
20
14
24
24
31
38
42
56
35
16
19
17
16
20
21
14
22
21
17
22
19
17
17
28
10
19
13
15
21
14
24
19
18
23
18
21
15
13
18
30
26
14
17
15
25
20
18
19
24
22
23
11
21
21
17
14
20
22
14
21
18
10
21
16
17
21
24
12
14
18
7
16
18
18
19
18
23
31
19
11
13
16
13
23
22
20
19
21
16
18
14
17
23
25
13
17
21
22
24
17
19
19
19
15
16
26
19
15
25
17
21
20
30
32
24
21
23
18
19
21
14
14
22
19
34
23
18
27
23
17
20
22
18
15
15
9
18
14
17
14
15
20
9
15
23
6
26
26
19
19
15
27
19
11
19
17
16
15
12
21
8
10
13
22
17
23
17
24
7
11
18
19
25
16
20
18
16
18
20
20
16
16
14
14
9
20
19
19
26
21
22
16
17
16
19
20
15
17
27
10
19
19
19
23
17
22
17
15
11
19
15
14
17
18
18
13
26
16
19
17
18
13
15
11
13
17
9
12
16
14
16
15
14
17
14
9
16
13
12
16
10
17
14
18
20
14
21
10
18
18
16
11
17
13
19
17
12
17
18
19
16
17
8
11
12
19
20
13
12
20
20
9
17
21
8
17
12
14
8
13
25
15
16
12
17
12
17
12
12
19
16
19
20
12
12
15
21
14
13
10
19
17
13
11
15
11
10
12
13
7
20
7
13
13
21
23
16
12
12
19
13
10
7
8
15
10
13
16
13
14
14
19
15
15
16
14
22
19
28
24
44
48
37
31
26
13
16
10
12
12
27
15
13
18
24
13
19
13
20
23
20
20
22
15
18
13
18
13
16
18
9
12
7
17
17
13
14
8
20
16
15
22
14
11
9
18
13
16
14
12
14
10
6
10
14
13
21
13
15
12
10
12
11
10
16
13
16
14
16
13
11
12
17
10
20
15
12
11
13
11
11
16
10
11
9
17
7
14
11
9
9
17
16
13
18
15
18
9
13
9
16
9
10
14
10
13
9
19
14
20
17
13
14
14
14
8
15
17
9
12
14
11
12
29
168
802
1549
1606
804
230
98
58
37
32
24
28
24
18
12
21
18
19
17
18
16
15
19
15
15
12
8
8
5
11
14
13
10
14
12
15
14
21
7
15
8
6
14
13
7
16
14
13
9
12
17
13
13
13
15
9
13
6
15
15
17
13
8
8
12
10
11
9
14
10
11
10
16
17
11
21
22
18
27
13
17
13
11
14
11
14
13
10
8
13
9
9
11
7
12
11
17
14
22
21
18
13
12
13
18
21
24
14
10
17
17
10
12
10
9
12
12
10
8
12
9
7
9
12
10
6
14
14
10
7
12
8
9
10
19
14
11
8
12
8
11
15
15
8
12
13
11
8
15
14
7
19
12
14
10
15
10
11
11
7
12
9
4
11
9
14
6
11
12
12
11
12
5
10
11
9
9
15
11
6
17
12
8
13
12
8
12
13
8
11
14
8
8
7
15
13
13
9
11
14
11
7
6
13
13
11
11
15
9
14
16
12
16
9
9
4
7
13
9
11
12
10
9
9
5
15
7
11
5
13
15
10
5
10
13
12
13
7
11
10
5
8
10
9
12
13
12
10
8
6
8
7
7
15
6
8
10
11
8
6
17
14
5
8
11
4
8
8
10
11
8
8
9
10
15
14
10
6
10
14
10
7
9
18
9
9
4
8
10
10
8
10
8
9
6
5
10
7
11
14
9
11
13
7
6
6
9
4
9
7
13
9
10
16
12
9
14
4
12
12
10
12
14
9
7
11
10
10
10
19
12
17
13
9
15
16
18
18
14
17
14
11
12
8
12
10
11
9
10
11
6
16
10
9
9
6
10
7
12
9
4
7
11
12
9
11
9
9
9
8
7
10
4
11
12
8
12
14
7
8
10
13
11
11
13
12
9
8
16
8
6
8
11
11
4
17
5
13
4
7
8
6
12
17
12
10
11
8
15
11
9
23
13
8
4
10
3
12
8
12
12
10
8
7
6
5
11
10
11
12
11
10
7
18
8
14
9
16
10
8
8
17
13
11
9
11
18
8
9
10
9
11
17
12
7
18
11
11
12
9
11
5
11
11
11
12
7
9
9
7
9
4
7
4
7
9
4
11
8
4
8
7
9
10
10
6
7
9
6
10
9
11
14
8
7
14
12
19
9
9
6
7
15
9
5
12
8
9
8
8
10
6
7
6
7
9
9
6
7
8
7
12
7
11
6
8
12
4
8
7
7
8
8
14
6
6
7
8
13
7
10
5
13
8
6
7
5
5
7
8
4
7
8
3
7
9
13
5
9
11
15
9
7
10
6
3
5
8
12
5
6
10
3
5
7
9
6
11
7
4
10
10
14
4
5
6
7
7
11
5
10
7
8
9
11
6
3
9
10
8
6
8
6
7
14
7
8
6
4
6
4
8
4
4
7
11
11
6
9
7
16
9
8
6
4
7
3
4
9
4
7
4
13
10
11
6
10
7
10
6
12
5
4
5
7
5
15
10
3
11
7
2
7
9
10
6
8
12
9
10
9
7
9
9
1
8
9
6
8
7
5
15
12
9
13
4
7
4
4
12
10
12
6
9
4
11
3
6
7
6
8
4
16
6
3
9
7
5
9
7
4
11
7
6
11
7
9
1
5
8
6
7
6
7
4
8
7
6
4
7
6
9
8
7
6
6
9
4
6
9
9
15
11
5
8
6
3
8
7
11
4
10
8
5
9
7
5
7
7
7
6
15
13
10
8
8
9
2
7
1
6
9
10
6
10
2
4
1
10
6
5
6
4
5
5
8
6
8
7
8
4
4
7
12
5
9
8
6
6
6
8
8
10
7
7
3
9
6
6
9
5
7
6
5
7
5
12
7
7
5
5
8
9
8
8
4
5
7
9
3
9
8
7
11
8
13
10
7
7
5
7
4
9
11
4
12
5
8
4
6
10
4
10
9
3
8
7
8
7
5
9
5
5
9
5
7
3
4
6
8
9
8
10
3
8
3
5
5
8
6
4
6
5
6
4
5
9
8
4
5
10
10
10
3
3
8
3
2
4
6
8
13
6
1
4
9
11
10
5
3
5
10
4
9
5
4
4
4
8
7
8
6
6
6
9
8
2
6
9
12
9
9
4
4
6
7
8
4
9
9
7
9
2
10
5
5
8
6
3
8
11
9
8
3
2
6
6
10
4
5
8
5
7
3
5
7
8
2
6
6
5
9
3
4
8
6
10
9
9
8
5
7
8
6
8
5
9
3
9
9
4
5
5
4
9
6
3
5
5
4
2
6
9
5
9
8
1
8
6
6
6
2
4
7
5
9
8
4
5
5
9
0
6
5
6
7
6
8
8
4
6
3
8
9
8
13
8
4
6
4
8
3
6
5
4
1
6
7
7
7
6
4
6
1
8
4
8
7
2
4
5
3
9
7
5
7
5
7
5
7
8
4
5
4
5
9
3
6
8
8
10
6
7
3
7
3
6
8
7
4
5
7
7
8
12
5
4
2
3
9
4
4
5
4
3
5
6
6
5
8
5
11
5
8
2
8
3
6
2
3
7
6
3
3
2
0
11
11
9
3
4
7
6
8
3
6
4
5
10
4
8
9
2
5
9
11
5
1
5
6
4
6
11
9
7
4
6
11
3
7
8
4
4
6
11
7
6
8
6
4
4
5
10
11
4
6
6
5
4
6
3
6
6
5
6
8
6
7
4
5
7
6
5
8
4
4
9
12
8
8
1
6
7
6
0
6
10
8
9
8
13
5
2
6
8
10
4
11
1
3
10
4
2
8
4
6
4
5
7
5
10
5
7
3
4
3
5
6
6
7
9
5
6
3
4
8
2
6
8
7
5
4
3
10
2
7
5
5
5
4
6
5
7
6
6
6
7
9
7
10
5
5
4
4
4
11
9
4
6
5
5
5
4
4
5
5
6
2
6
5
5
3
9
4
4
6
4
3
2
11
5
3
6
5
6
5
4
7
4
5
5
3
6
7
5
3
8
8
6
3
3
5
6
5
7
5
8
9
5
2
5
8
6
4
8
6
9
5
5
4
8
6
4
7
3
1
8
4
6
6
4
0
3
8
5
3
3
7
7
4
7
6
5
2
5
3
1
5
4
5
5
3
1
4
3
6
5
2
2
2
7
5
5
5
5
4
7
2
6
7
6
2
5
4
2
10
9
3
4
3
5
4
4
1
7
2
6
7
5
3
5
7
4
3
4
5
5
3
4
2
5
0
5
8
12
9
7
4
5
6
3
5
4
8
6
6
5
4
3
3
3
4
4
8
3
2
5
2
1
2
3
7
4
4
3
6
1
4
3
2
5
5
5
3
9
5
2
2
4
1
5
4
8
8
6
1
4
6
4
3
5
6
6
6
3
4
1
4
5
11
7
5
6
3
9
7
2
11
5
1
5
4
8
4
7
5
1
6
6
3
4
5
7
5
8
9
7
5
1
5
6
5
3
6
3
3
3
5
1
8
3
7
9
3
7
6
2
2
2
3
7
4
4
5
6
6
7
4
1
3
10
6
5
8
6
7
4
4
7
6
3
3
4
1
6
5
6
4
0
3
8
5
3
1
3
2
3
5
4
3
4
5
4
5
3
5
5
2
4
4
1
9
4
7
10
2
2
3
4
6
7
1
3
5
6
5
2
5
6
4
4
4
9
8
1
6
1
5
1
6
4
3
10
5
4
3
6
4
3
3
2
7
3
5
4
2
1
3
3
4
2
2
8
7
1
3
3
6
3
4
7
8
5
4
7
2
4
2
2
3
6
3
7
4
8
2
4
3
4
8
6
3
4
6
2
2
2
3
3
2
3
5
3
6
4
1
4
7
4
6
2
4
5
4
1
6
2
1
2
1
4
4
3
4
3
8
6
3
2
3
4
1
2
4
6
1
7
3
9
5
4
4
6
5
2
4
2
5
2
6
8
1
5
3
6
3
4
3
4
3
7
6
4
7
5
6
7
5
3
3
1
2
3
3
6
3
3
5
6
6
3
4
5
3
2
3
4
3
4
3
7
6
3
4
3
8
1
4
4
3
3
1
2
5
6
5
3
6
5
3
4
1
1
10
2
5
4
8
6
3
5
4
3
4
2
3
4
8
5
5
6
4
5
10
5
3
3
2
2
8
1
3
1
8
2
5
4
2
4
2
2
5
3
5
4
2
7
4
3
5
4
6
6
3
2
3
6
2
2
1
8
5
2
1
2
7
5
2
3
3
2
3
5
5
4
4
1
5
5
1
5
4
1
3
2
7
2
6
5
2
1
2
1
6
3
5
1
4
7
3
2
3
8
3
8
4
4
6
5
3
3
2
1
1
5
2
7
1
5
3
3
5
3
8
5
3
5
4
2
2
4
2
6
4
2
5
1
5
5
6
7
11
6
3
2
3
4
3
2
1
6
7
6
4
4
2
1
4
6
3
2
4
4
2
1
3
4
4
2
5
5
0
7
2
3
6
3
3
5
6
4
3
6
3
0
4
5
5
4
5
1
1
1
3
6
3
4
2
1
5
3
5
5
2
2
2
4
1
0
4
2
3
3
3
3
5
2
2
2
2
5
2
1
3
4
2
1
3
2
4
7
3
4
8
8
7
8
11
6
7
4
3
5
3
1
3
6
2
3
4
4
5
1
3
3
5
2
3
8
2
0
1
3
3
4
2
2
2
6
1
6
6
6
2
1
5
1
3
5
7
5
6
0
6
3
3
5
2
2
4
4
3
3
3
4
2
2
4
2
2
1
2
2
5
3
4
3
4
3
4
5
2
4
3
3
4
1
5
6
1
2
3
3
3
0
2
6
4
5
3
2
5
0
3
6
2
4
2
1
2
5
1
4
5
1
4
6
3
1
1
3
1
1
3
1
4
2
2
2
5
5
2
5
3
1
4
1
2
3
4
1
2
3
2
3
9
3
1
2
3
3
3
4
0
7
4
4
4
3
2
5
4
5
1
3
3
4
3
4
6
4
2
4
5
4
2
3
0
3
4
0
4
1
2
4
3
1
2
3
2
4
1
2
1
7
3
2
2
2
0
3
0
2
2
1
2
2
3
5
2
3
4
5
2
1
3
5
4
3
5
1
3
1
5
1
3
2
5
2
1
2
3
3
6
9
7
6
6
6
4
3
0
2
7
2
2
3
5
3
4
2
2
3
1
3
4
2
5
2
3
3
4
3
1
4
5
4
0
1
2
4
3
5
1
1
4
3
2
3
3
1
2
4
5
4
4
3
1
5
3
5
4
2
3
1
2
3
3
2
3
4
1
2
1
1
1
3
3
2
2
4
0
1
7
3
3
3
2
7
4
0
1
2
4
4
6
1
3
3
3
3
4
2
3
4
2
6
4
4
1
7
5
2
4
5
2
1
2
2
1
2
3
3
4
1
2
1
8
2
1
4
3
2
3
4
5
1
4
2
3
2
5
2
3
1
5
0
3
7
3
1
2
1
6
1
1
5
0
3
4
3
4
2
3
3
0
3
3
3
1
5
5
3
3
1
2
3
7
5
3
3
4
3
6
2
5
4
2
1
2
2
3
1
2
1
2
1
4
1
4
6
3
2
1
3
1
4
1
4
3
1
5
4
1
2
1
2
2
2
2
1
2
2
1
2
4
1
0
4
1
0
1
4
4
2
1
7
1
0
2
2
3
2
2
1
2
6
0
1
4
3
0
0
1
1
0
1
2
3
4
1
2
0
2
3
5
2
0
6
4
1
3
4
3
6
1
2
4
2
1
4
3
1
1
4
4
1
5
3
1
2
5
4
2
1
1
1
3
1
2
1
2
3
0
1
3
1
4
2
2
1
3
3
2
4
3
4
3
0
2
6
1
5
0
4
4
2
5
4
1
1
4
3
0
1
1
1
3
2
1
2
0
1
1
4
2
3
4
3
4
2
3
3
2
2
1
2
1
3
2
3
2
3
1
1
1
2
2
2
1
3
2
3
1
1
2
0
3
3
5
3
1
0
3
2
1
4
1
4
2
2
2
4
2
3
4
3
2
2
4
2
1
6
0
1
2
0
2
3
1
2
2
1
3
2
1
3
3
5
1
1
2
3
2
3
1
6
4
1
3
3
1
3
1
3
1
4
1
3
4
2
4
3
2
2
2
5
5
2
4
1
3
6
1
5
1
1
1
2
2
1
3
3
0
4
4
6
3
2
1
2
8
2
2
4
4
0
4
2
2
3
2
6
2
2
3
2
1
0
4
2
3
1
6
2
0
1
2
0
2
1
2
1
1
1
1
0
2
4
2
1
5
2
0
3
1
7
2
3
1
3
2
0
0
1
2
3
1
4
3
2
0
2
4
4
1
3
2
2
1
1
3
1
0
1
2
1
1
1
1
5
3
3
2
3
2
3
2
2
3
1
0
4
2
3
3
2
2
4
3
6
2
8
6
2
6
3
1
3
3
1
4
0
2
0
3
2
3
6
2
2
2
4
3
2
2
1
2
3
2
0
1
3
1
2
2
5
2
0
3
0
1
7
2
1
1
1
3
2
4
5
1
1
3
3
3
3
1
2
4
1
4
5
7
3
2
2
4
2
2
2
3
1
2
0
3
2
1
1
4
3
2
2
3
2
1
1
0
1
2
2
4
3
0
3
4
3
2
2
4
1
1
3
3
1
4
1
1
0
1
1
3
1
0
2
0
2
3
1
0
3
1
0
1
2
1
3
3
2
2
1
1
2
2
0
3
2
3
1
1
3
3
0
2
7
2
0
2
4
3
1
0
1
2
1
2
0
1
2
0
5
2
2
1
2
3
1
1
1
2
3
0
2
2
2
2
1
2
1
1
1
0
1
2
2
2
2
1
3
1
2
0
2
2
1
2
5
0
2
5
2
3
2
2
0
2
1
3
5
2
3
3
3
2
4
4
4
3
1
4
0
2
3
2
1
1
0
4
2
3
3
2
6
1
0
2
2
2
0
3
3
2
1
3
3
1
1
2
0
2
4
2
1
2
0
4
2
5
0
3
5
2
2
0
3
2
1
3
3
1
2
5
0
5
2
2
2
3
2
1
1
0
3
0
0
0
2
3
3
5
2
2
3
2
2
2
1
2
0
4
4
1
4
3
3
1
1
2
1
2
0
3
4
1
3
3
0
1
2
2
2
0
0
4
4
0
2
2
3
4
2
5
2
3
5
4
0
2
1
3
1
4
2
2
1
5
4
4
5
1
1
1
0
3
2
1
3
4
6
0
2
2
2
5
3
3
0
5
1
2
4
1
3
2
1
2
2
3
2
4
3
3
1
2
0
1
0
4
4
0
3
1
2
3
2
0
4
3
2
3
5
4
1
2
4
1
1
2
1
2
2
1
2
2
2
3
1
1
3
1
7
3
2
1
1
0
3
1
1
1
1
3
0
2
2
1
4
1
4
4
4
5
3
1
0
2
1
0
0
1
3
2
1
2
2
3
0
2
1
0
1
2
3
0
3
2
2
1
2
2
4
2
0
2
3
5
2
4
1
1
2
1
2
1
2
2
0
1
1
3
0
2
3
4
2
0
3
1
1
2
1
2
2
1
1
3
2
1
1
3
0
2
1
3
2
6
1
3
0
4
3
2
1
1
2
3
0
1
1
5
1
4
3
1
1
2
1
0
2
0
1
1
3
2
4
3
1
3
6
1
3
2
1
1
1
1
1
0
1
2
0
1
0
2
1
1
0
2
2
1
2
5
0
3
3
1
3
1
3
1
1
1
2
2
1
3
0
2
2
2
2
5
0
2
2
2
1
1
4
2
0
3
2
1
1
1
2
1
1
0
3
2
0
1
2
2
0
0
2
1
6
1
1
1
3
2
2
0
0
1
1
1
1
4
2
1
0
3
2
2
1
4
3
1
5
3
3
0
2
1
3
1
1
6
2
3
1
5
3
3
2
0
0
2
1
1
1
2
5
2
3
1
0
3
1
3
1
3
3
1
2
1
1
6
1
1
2
4
1
1
2
2
1
1
2
3
0
1
1
1
1
1
2
1
1
0
2
3
1
0
4
2
2
2
1
6
2
0
4
2
2
0
7
3
3
3
1
0
2
1
2
2
3
0
0
0
3
1
1
1
3
0
1
2
4
0
2
3
1
0
5
1
0
3
2
1
2
2
2
0
1
0
1
2
0
6
2
3
1
1
1
1
0
1
1
3
0
1
3
4
3
2
1
3
0
2
4
1
3
1
1
1
0
3
2
1
2
1
2
2
2
3
1
0
1
2
2
3
2
1
1
2
1
2
1
0
3
2
0
2
1
3
1
0
1
0
3
3
3
0
1
1
4
3
4
2
1
1
2
2
1
0
0
1
1
0
1
3
2
1
2
1
0
0
1
0
3
1
0
1
0
3
1
2
3
3
0
3
2
0
2
1
0
3
0
1
3
2
2
0
3
3
1
3
1
5
3
1
1
0
2
0
0
0
0
2
4
1
1
2
3
2
0
1
3
0
0
3
3
3
3
0
1
1
2
2
1
2
2
0
1
0
1
5
2
3
1
1
3
1
3
2
1
2
1
1
1
4
1
2
2
2
1
3
3
2
1
2
2
1
1
2
2
1
3
0
1
1
3
1
0
2
4
0
4
3
0
5
3
1
1
0
5
3
2
2
1
2
4
3
1
0
2
4
1
1
1
4
2
2
1
0
3
4
2
2
0
1
3
2
3
3
3
2
0
4
1
1
1
0
1
2
1
3
1
2
1
0
1
4
2
5
0
4
1
0
2
1
1
3
1
1
1
0
3
3
1
0
2
1
2
0
2
2
2
2
3
1
4
0
1
1
3
0
3
1
0
1
4
1
0
2
5
1
0
2
4
2
1
4
1
0
0
0
3
3
2
3
2
5
1
2
2
1
2
1
1
1
3
2
3
1
3
0
0
0
1
1
0
2
1
2
1
1
1
0
2
1
1
0
1
0
0
1
0
3
1
3
1
2
1
0
1
1
1
1
2
0
3
1
1
1
1
1
2
3
1
0
1
1
3
1
1
3
2
0
1
3
1
2
1
0
0
1
2
2
1
3
2
3
3
0
0
1
3
4
1
0
2
0
2
1
0
0
2
2
3
2
1
0
1
2
3
3
4
3
0
1
1
1
2
2
0
1
0
2
0
2
1
3
1
3
2
1
1
3
3
1
1
2
1
0
3
1
0
3
1
1
1
2
2
2
1
1
4
1
0
3
2
2
1
0
2
5
2
0
0
1
1
0
3
3
1
1
4
1
0
3
1
2
0
1
2
1
1
1
2
0
2
1
0
5
0
1
3
0
1
1
0
0
1
4
4
3
1
1
1
2
2
1
2
1
2
0
1
0
1
0
1
1
2
1
1
4
1
1
2
3
1
0
1
1
1
1
0
2
2
0
1
1
0
2
0
1
2
1
2
2
0
0
3
0
1
1
3
2
3
1
4
1
1
1
1
2
3
2
1
1
2
2
4
3
2
0
1
0
0
5
0
1
0
1
2
2
1
1
3
3
2
3
1
0
1
1
3
1
0
2
2
1
2
2
1
1
1
1
1
0
1
2
2
0
0
2
2
1
0
1
1
1
2
0
0
0
2
1
2
1
0
2
1
3
1
2
0
5
2
1
1
1
0
2
2
0
2
0
1
0
0
1
1
1
0
1
2
1
0
0
2
2
1
1
0
1
1
0
1
4
3
1
3
1
2
0
1
0
6
2
3
2
3
3
0
2
1
1
1
0
0
0
0
1
2
1
6
1
1
2
1
0
0
3
1
2
2
2
1
1
0
1
3
0
2
1
0
2
1
0
1
1
0
5
1
3
1
4
2
2
1
2
0
1
2
1
0
7
2
1
1
2
0
3
1
2
3
1
1
2
1
1
2
2
1
4
3
2
2
1
0
0
2
3
0
2
2
0
2
2
2
1
1
0
7
1
2
2
1
3
1
3
2
0
1
3
1
1
1
0
0
3
2
0
0
1
1
0
0
1
3
4
1
2
2
0
3
2
3
0
2
2
1
2
0
2
1
2
0
2
0
1
1
1
2
3
0
0
2
3
1
2
0
1
1
0
3
0
2
1
2
2
2
0
0
1
1
1
0
0
4
3
2
1
0
4
0
1
2
0
2
2
4
2
3
0
3
1
4
1
0
1
0
2
0
1
1
1
1
0
3
0
1
1
1
0
0
0
1
3
1
1
2
0
2
0
0
0
1
1
0
1
2
0
1
0
2
2
2
1
2
2
2
0
1
3
2
1
2
2
3
1
2
3
1
0
2
2
2
3
4
0
0
2
2
1
0
0
3
2
1
1
3
1
0
2
0
2
2
1
1
1
2
0
4
0
3
0
1
2
0
1
0
0
0
1
2
2
2
2
1
2
1
1
1
0
0
2
2
0
3
1
0
0
1
1
0
1
1
2
1
3
2
1
0
2
0
1
0
2
0
2
0
2
1
0
1
0
4
1
2
2
2
0
0
0
2
2
0
2
0
3
2
2
1
0
1
2
0
0
2
2
0
2
2
1
2
1
1
4
0
1
1
0
3
3
1
3
2
0
1
0
2
1
2
0
1
1
0
2
2
0
1
4
2
0
2
1
2
1
0
0
0
0
2
2
0
1
0
3
1
1
1
0
1
2
3
1
2
0
1
0
2
0
1
0
2
1
0
0
1
0
3
0
0
0
1
4
3
2
3
1
0
1
1
1
2
1
0
2
0
2
2
1
0
0
3
4
0
2
2
2
1
0
1
2
2
0
3
4
1
1
0
1
1
1
3
0
0
1
0
1
0
3
0
2
1
2
1
1
2
0
0
0
2
1
1
2
1
0
0
1
1
0
3
1
0
0
1
1
2
1
1
0
2
1
0
0
0
1
2
2
2
0
1
3
0
1
0
2
1
2
1
3
0
1
4
4
2
3
2
2
0
2
4
1
1
2
0
0
1
4
2
1
1
1
0
1
1
1
1
0
2
0
2
0
0
0
1
2
0
1
0
1
1
1
3
2
2
2
1
2
0
2
1
1
0
1
0
0
2
5
2
0
1
3
3
1
0
0
0
1
0
1
2
0
2
0
5
2
1
1
1
4
1
3
1
0
0
1
2
1
0
3
1
2
1
1
1
3
0
1
2
1
0
4
2
2754
2754
2754
2754
2754
2754
2754
2754
2754
2754
2754
2754
2754
2754
2754
2754
2754
2754
2754
2754
2754
2754
2754
2754
2754
2754
2754
2754
2754
2754
2754
2754
2754
2754
2754
2754
2754
2754
2754
2754
2754
2754
2754
2754
2754
2754
2754
2754
2754
2754
2754
2754
2754
2754
2754
2754
2754
2754
2754
2754
2754
2754
2754
2754
2754
2754
2754
2754
2754
2754
2754
2754
2754
2754
2754
2754
2754
2754
2754
2754
2754
2754
2754
2754
2754
2754
2754
2754
2754
2754
2754
2754
2754
2754
2754
2754
2754
2754
2754
2754
2754
2754
2754
2754
2754
2754
2754
2754
2754
2754
2754
2754
2754
2754
2754
2754
2754
2754
2754
2754
2754
2754
2754
2754
2754
2754
2754
2754
2754
2754
2754
2754
2754
2754
2754
2754
2754
2754
2754
2754
2754
2754
2754
2754
2754
2754
2754
2754
2754
2754
2754
2754
2754
2754
2754
2754
2754
2754
2754
2754
2754
2754
2754
2754
2754
2754
2754
2754
2754
2754
2754
2754
2754
2754
2754
2754
2754
2754
2754
2754
2754
2754
2754
2754
2754
2754
2754
2754
2754
2754
2754
2754
2754
2754
2754
2754
2754
2754
2754
2754
2754
2754
2754
2754
2754
2754
2754
2754
2754
2754
2754
2754
2754
2754
2754
2754
2754
2754
2754
2754
2754
2754
2754
2754
2754
2754
2754
2754
2754
2754
2754
2754
2754
2754
2754
2754
2754
2754
2754
2754
2754
2754
2754
2754
2754
2754
2754
2754
2754
2754
2754
2754
2754
2754
2754
2754
2754
2754
2754
2754
2754
2754
2754
2754
2754
2754
2754
2754
2754
2754
2754
2754
2754
2754
2754
2754
2754
2754
2754
2754
2754
2754
2754
2754
2754
2754
2754
2754
2754
2754
2754
2754
2754
2754
2754
2754
2754
2754
2754
2754
2754
2754
2754
2754
2754
2754
2754
2754
2754
2754
2754
2754
2754
2754
2754
2754
2754
2754
2754
2754
2754
2754
2754
2754
2754
2754
2754
2754
2754
2754
2754
2754
2754
2754
2754
2754
2754
2754
2754
2754
2754
2754
2754
2754
2754
2754
2754
2754
2754
2754
2754
2754
2754
2754
2754
2754
2754
2754
2754
2754
2754
2754
2754
2754
2754
2754
2754
2754
2754
2754
2754
2754
2754
2754
2754
2754
2754
2754
2754
2754
2754
2754
2754
2754
2754
2754
2754
2754
2754
2754
2754
2754
2754
2754
2754
2754
2754
2754
2754
2754
2754
2754
2754
2754
2754
2754
2754
2754
2754
2754
2754
2754
2754
2754
2754
2754
2754
2754
2754
2754
2754
2754
2754
2754
2754
2754
2754
2754
2754
2754
2754
2754
2754
2754
2754
2754
2754
2754
2754
2754
2754
2754
2754
2754
2754
2754
2754
2754
2754
2754
2754
2754
2754
2754
2754
2754
2754
2754
2754
2754
2754
2754
2754
2754
2754
2754
2754
2754
2754
2754
2754
2754
2754
2754
2754
2754
2754
2754
2754
2754
2754
2754
2754
2754
2754
2754
2754
2754
2754
2754
2754
2754
2754
2754
2754
2754
2754
2754
2754
2754
2754
2754
2754
2754
2754
2754
2754
2754
2754
2754
2754
2754
2754
2754
2754
2754
2754
2754
2754
2754
2754
2754
2754
2754
2754
2754
2754
2754
2754
2754
2754
2754
2754
2754
2754
2754
2754
2754
2754
2754
2754
2754
2754
2754
2754
2754
2754
2754
2754
2754
2754
2754
2754
2754
2754
2754
2754
2754
2754
2754
2754
2754
2754
2754
2754
2754
2754
2754
2754
2754
2754
2754
2754
2754
2754
2754
2754
2754
2754
2754
2754
2754
2754
2754
2754
2754
2754
2754
2754
2754
2754
2754
2754
2754
2754
2754
2754
2754
2754
2754
2754
2754
2754
2754
2754
2754
2754
2754
2754
2754
2754
2754
2754
2754
2754
2754
2754
2754
2754
2754
2754
2754
2754
2754
2754
2754
2754
2754
2754
2754
2754
2754
2754
2754
2754
2754
2754
2754
2754
2754
2754
2754
2754
2754
2754
2754
2754
2754
2754
2754
2754
2754
2754
2754
2754
2754
2754
2754
2754
2754
2754
2754
2754
2754
2754
2754
2754
2754
2754
2754
2754
2754
2754
2754
2754
2754
2754
2754
2754
2754
2754
2754
2754
2754
2754
2754
2754
2754
2754
2754
2754
2754
2754
2754
2754
2754
2754
2754
2754
2754
2754
2754
2754
2754
2754
2754
2754
2754
2754
2754
2754
2754
2754
2754
2754
2754
2754
2754
2754
2754
2754
2754
2754
2754
2754
2754
2754
2754
2754
2754
2754
2754
2754
2754
2754
2754
2754
2754
2754
2754
2754
2754
2754
2754
2754
2754
2754
2754
2754
2754
2754
2754
2754
2754
2754
2754
2754
2754
2754
2754
2754
2754
2754
2754
2754
2754
2754
2754
2754
2754
2754
2754
2754
2754
2754
2754
2754
2754
2754
2754
2754
2754
2754
2754
2754
2754
2754
2754
2754
2754
2754
2754
2754
2754
2754
2754
2754
2754
2754
2754
2754
2754
2754
2754
2754
2754
2754
2754
2754
2754
2754
2754
2754
2754
2754
2754
2754
2754
2754
2754
2754
2754
2754
2754
2754
2754
2754
2754
2754
2754
2754
2754
2754
2754
2754
2754
2754
2754
2754
2754
2754
2754
2754
2754
2754
2754
2754
2754
2754
2754
2754
2754
2754
2754
2754
2754
2754
2754
2754
2754
2754
2754
2754
2754
2754
2754
2754
2754
2754
2754
2754
2754
2754
2754
2754
2754
2754
2754
2754
2754
2754
2754
2754
2754
2754
2754
2754
2754
2754
2754
2754
2754
2754
2754
2754
2754
2754
2754
2754
2754
2754
2754
2754
2754
2754
2754
2754
2754
2754
2754
2754
2754
2754
2754
2754
2754
2754
2754
2754
2754
2754
2754
2754
2754
2754
2754
2754
2754
2754
2754
2754
2754
2754
2754
2754
2754
2754
2754
2754
2754
2754
2754
2754
2754
2754
2754
2754
2754
2754
2754
2754
2754
2754
2754
2754
2754
2754
2754
2754
2754
2754
2754
2754
2754
2754
2754
2754
2754
2754
2754
2754
2754
2754
2754
2754
2754
2754
2754
2754
2754
2754
2754
2754
2754
2754
2754
2754
2754
2754
2754
2754
2754
2754
2754
2754
2754
2754
2754
2754
2754
2754
2754
2754
2754
2754
2754
2754
2754
2754
2754
2754
2754
2754
2754
2754
2754
2754
2754
2754
2754
2754
2754
2754
2754
2754
2754
2754
2754
2754
2754
2754
2754
2754
2754
2754
2754
2754
2754
2754
2754
2754
2754
2754
2754
2754
2754
2754
2754
2754
2754
2754
2754
2754
2754
2754
2754
2754
2754
2754
2754
2754
2754
2754
2754
2754
2754
2754
2754
2754
2754
2754
2754
2754
2754
2754
2754
2754
2754
2754
2754
2754
2754
2754
2754
2754
2754
2754
2754
2754
2754
2754
2754
2754
2754
2754
2754
2754
2754
2754
2754
2754
2754
2754
2754
2754
2754
2754
2754
2754
2754
2754
2754
2754
2754
2754
2754
2754
2754
2754
2754
2754
2754
2754
2754
2754
2754
2754
2754
2754
2754
2754
2754
2754
2754
2754
2754
2754
2754
2754
2754
2754
2754
2754
2754
2754
2754
2754
2754
2754
2754
2754
2754
2754
2754
2754
2754
2754
2754
2754
2754
2754
2754
2754
2754
2754
2754
2754
2754
2754
2754
2754
2754
2754
2754
2754
2754
2754
2754
2754
2754
2754
2754
2754
2754
2754
2754
2754
2754
2754
2754
2754
2754
2754
2754
2754
2754
2754
2754
2754
2754
2754
2754
2754
2754
2754
2754
2754
2754
2754
2754
2754
2754
2754
2754
2754
2754
2754
2754
2754
2754
2754
2754
2754
2754
2754
2754
2754
2754
2754
2754
2754
2754
2754
2754
2754
2754
2754
2754
2754
2754
2754
2754
2754
2754
2754
2754
2754
2754
2754
2754
2754
2754
2754
2754
2754
2754
2754
2754
2754
2754
2754
2754
2754
2754
2754
2754
2754
2754
2754
2754
2754
2754
2754
2754
2754
2754
2754
2754
2754
2754
2754
2754
2754
2754
2754
2754
2754
2754
2754
2754
2754
2754
2754
2754
2754
2754
2754
2754
2754
2754
2754
2754
2754
2754
2754
2754
2754
2754
2754
2754
2754
2754
2754
2754
2754
2754
2754
2754
2754
2754
2754
2754
2754
2754
2754
2754
2754
2754
2754
2754
2754
2754
2754
2754
2754
2754
2754
2754
2754
2754
2754
2754
2754
2754
2754
2754
2754
2754
2754
2754
2754
2754
2754
2754
2754
2754
2754
2754
2754
2754
2754
2754
2754
2754
2754
2754
2754
2754
2754
2754
2754
2754
2754
2754
2754
2754
2754
2754
2754
2754
2754
2754
2754
2754
2754
2754
2754
2754
2754
2754
2754
2754
2754
2754
2754
2754
2754
2754
2754
2754
2754
2754
2754
2754
2754
2754
2754
2754
2754
2754
2754
2754
2754
2754
2754
2754
2754
2754
2754
2754
2754
2754
2754
2754
2754
2754
2754
2754
2754
2754
2754
2754
2754
2754
2754
2754
2754
2754
2754
2754
2754
2754
2754
2754
2754
2754
2754
2754
2754
2754
2754
2754
2754
2754
2754
2754
2754
2754
2754
2754
2754
2754
2754
2754
2754
2754
2754
2754
2754
2754
2754
2754
2754
2754
2754
2754
2754
2754
2754
2754
2754
2754
2754
2754
2754
2754
2754
2754
2754
2754
2754
2754
2754
2754
2754
2754
2754
2754
2754
2754
2754
2754
2754
2754
2754
2754
2754
2754
2754
2754
2754
2754
2754
2754
2754
2754
2754
2754
2754
2754
2754
2754
2754
2754
2754
2754
2754
2754
2754
2754
2754
2754
2754
2754
2754
2754
2754
2754
2754
2754
2754
2754
2754
2754
2754
2754
2754
2754
2754
2754
2754
2754
2754
2754
2754
2754
2754
2754
2754
2754
2754
2754
2754
2754
2754
2754
2754
2754
2754
2754
2754
2754
2754
2754
2754
2754
2754
2754
2754
2754
2754
2754
2754
2754
2754
2754
2754
2754
2754
2754
2754
2754
2754
2754
2754
2754
2754
2754
2754
2754
2754
2754
2754
2754
2754
2754
2754
2754
2754
2754
2754
2754
2754
2754
2754
2754
2754
2754
2754
2754
2754
2754
2754
2754
2754
2754
2754
2754
2754
2754
2754
2754
2754
2754
2754
2754
2754
2754
2754
2754
2754
2754
2754
2754
2754
2754
2754
2754
2754
2754
2754
2754
2754
2754
2754
2754
2754
2754
2754
2754
2754
2754
2754
2754
2754
2754
2754
2754
2754
2754
2754
2754
2754
2754
2754
2754
2754
2754
2754
2754
2754
2754
2754
2754
2754
2754
2754
2754
2754
2754
2754
2754
2754
2754
2754
2754
2754
2754
2754
2754
2754
2754
2754
2754
2754
2754
2754
2754
2754
2754
2754
2754
2754
2754
2754
2754
2754
2754
2754
2754
2754
2754
2754
2754
2754
2754
2754
2754
2754
2754
2754
2754
2754
2754
2754
2754
2754
2754
2754
2754
2754
2754
2754
2754
2754
2754
2754
2754
2754
2754
2754
2754
2754
2754
2754
2754
2754
2754
2754
2754
2754
2754
2754
2754
2754
2754
2754
2754
2754
2754
2754
2754
2754
2754
2754
2754
2754
2754
2754
2754
2754
2754
2754
2754
2754
2754
2754
2754
2754
2754
2754
2754
2754
2754
2754
2754
2754
2754
2754
2754
2754
2754
2754
2754
2754
2754
2754
2754
2754
2754
2754
2754
2754
2754
2754
2754
2754
2754
2754
2754
2754
2754
2754
2754
2754
2754
2754
2754
2754
2754
2754
2754
2754
2754
2754
2754
2754
2754
2754
2754
2754
2754
2754
2754
2754
2754
2754
2754
2754
2754
2754
2754
2754
2754
2754
2754
2754
2754
2754
2754
2754
2754
2754
2754
2754
2754
2754
2754
2754
2754
2754
2754
2754
2754
2754
2754
2754
2754
2754
2754
2754
2754
2754
2754
2754
2754
2754
2754
2754
2754
2754
2754
2754
2754
2754
2754
2754
2754
2754
2754
2754
2754
2754
2754
2754
2754
2754
2754
2754
2754
2754
2754
2754
2754
2754
2754
2754
2754
2754
2754
2754
2754
2754
2754
2754
2754
2754
2754
2754
2754
2754
2754
2754
2754
2754
2754
2754
2754
2754
2754
2754
2754
2754
2754
2754
2754
2754
2754
2754
2754
2754
2754
2754
2754
2754
2754
2754
2754
2754
2754
2754
2754
2754
2754
2754
2754
2754
2754
2754
2754
2754
2754
2754
2754
2754
2754
2754
2754
2754
2754
2754
2754
2754
2754
2754
2754
2754
2754
2754
2754
2754
2754
2754
2754
2754
2754
2754
2754
2754
2754
2754
2754
2754
2754
2754
2754
2754
2754
2754
2754
2754
2754
2754
2754
2754
2754
2754
2754
2754
2754
2754
2754
2754
2754
2754
2754
2754
2754
2754
2754
2754
2754
2754
2754
2754
2754
2754
2754
2754
2754
2754
2754
2754
2754
2754
2754
2754
2754
2754
2754
2754
2754
2754
2754
2754
2754
2754
2754
2754
2754
2754
2754
2754
2754
2754
2754
2754
2754
2754
2754
2754
2754
2754
2754
2754
2754
2754
2754
2754
2754
2754
2754
2754
2754
2754
2754
2754
2754
2754
2754
2754
2754
2754
2754
2754
2754
2754
2754
2754
2754
2754
2754
2754
2754
2754
2754
2754
2754
2754
2754
2754
2754
2754
2754
2754
2754
2754
2754
2754
2754
2754
2754
2754
2754
2754
2754
2754
2754
2754
2754
2754
2754
2754
2754
2754
2754
2754
2754
2754
2754
2754
2754
2754
2754
2754
2754
2754
2754
2754
2754
2754
2754
2754
2754
2754
2754
2754
2754
2754
2754
2754
2754
2754
2754
2754
2754
2754
2754
2754
2754
2754
2754
2754
2754
2754
2754
2754
2754
2754
2754
2754
2754
2754
2754
2754
2754
2754
2754
2754
2754
2754
2754
2754
2754
2754
2754
2754
2754
2754
2754
2754
2754
2754
2754
2754
2754
2754
2754
2754
2754
2754
2754
2754
2754
2754
2754
2754
2754
2754
2754
2754
2754
2754
2754
2754
2754
2754
2754
2754
2754
2754
2754
2754
2754
2754
2754
2754
2754
2754
2754
2754
2754
2754
2754
2754
2754
2754
2754
2754
2754
2754
2754
2754
2754
2754
2754
2754
2754
2754
2754
2754
2754
2754
2754
2754
2754
2754
2754
2754
2754
2754
2754
2754
2754
2754
2754
2754
2754
2754
2754
2754
2754
2754
2754
2754
2754
2754
2754
2754
2754
2754
2754
2754
2754
2754
2754
2754
2754
2754
2754
2754
2754
2754
2754
2754
2754
2754
2754
2754
2754
2754
2754
2754
2754
2754
2754
2754
2754
2754
2754
2754
2754
2754
2754
2754
2754
2754
2754
2754
2754
2754
2754
2754
2754
2754
2754
2754
2754
2754
2754
2754
2754
2754
2754
2754
2754
2754
2754
2754
2754
2754
2754
2754
2754
2754
2754
2754
2754
2754
2754
2754
2754
2754
2754
2754
2754
2754
2754
2754
2754
2754
2754
2754
2754
2754
2754
2754
2754
2754
2754
2754
2754
2754
2754
2754
2754
2754
2754
2754
2754
2754
2754
2754
2754
2754
2754
2754
2754
2754
2754
2754
2754
2754
2754
2754
2754
2754
2754
2754
2754
2754
2754
2754
2754
2754
2754
2754
2754
2754
2754
2754
2754
2754
2754
2754
2754
2754
2754
2754
2754
2754
2754
2754
2754
2754
2754
2754
2754
2754
2754
2754
2754
2754
2754
2754
2754
2754
2754
2754
2754
2754
2754
2754
2754
2754
2754
2754
2754
2754
2754
2754
2754
2754
2754
2754
2754
2754
2754
2754
2754
2754
2754
2754
2754
2754
2754
2754
2754
2754
2754
2754
2754
2754
2754
2754
2754
2754
2754
2754
2754
2754
2754
2754
2754
2754
2754
2754
2754
2754
2754
2754
2754
2754
2754
2754
2754
2754
2754
2754
2754
2754
2754
2754
2754
2754
2754
2754
2754
2754
2754
2754
2754
2754
2754
2754
2754
2754
2754
2754
2754
2754
2754
2754
2754
2754
2754
2754
2754
2754
2754
2754
2754
2754
2754
2754
2754
2754
2754
2754
2754
2754
2754
2754
2754
2754
2754
2754
2754
2754
2754
2754
2754
2754
2754
2754
2754
2754
2754
2754
2754
2754
2754
2754
2754
2754
2754
2754
2754
2754
2754
2754
2754
2754
2754
2754
2754
2754
2754
2754
2754
2754
2754
2754
2754
2754
2754
2754
2754
2754
2754
2754
2754
2754
2754
2754
2754
2754
2754
2754
2754
2754
2754
2754
2754
2754
2754
2754
2754
2754
2754
2754
2754
2754
2754
2754
2754
2754
2754
2754
2754
2754
2754
2754
2754
2754
2754
2754
2754
2754
2754
2754
2754
2754
2754
2754
2754
2754
2754
2754
2754
2754
2754
2754
2754
2754
2754
2754
2754
2754
2754
2754
2754
2754
2754
2754
2754
2754
2754
2754
2754
2754
2754
2754
2754
2754
2754
2754
2754
2754
2754
2754
2754
2754
2754
2754
2754
2754
2754
2754
2754
2754
2754
2754
2754
2754
2754
2754
2754
2754
2754
2754
2754
2754
2754
2754
2754
2754
2754
2754
2754
2754
2754
2754
2754
2754
2754
2754
2754
2754
2754
2754
2754
2754
2754
2754
2754
2754
2754
2754
2754
2754
2754
2754
2754
2754
2754
2754
2754
2754
2754
2754
2754
2754
2754
2754
2754
2754
2754
2754
2754
2754
2754
2754
2754
2754
2754
2754
2754
2754
2754
2754
2754
2754
2754
2754
2754
2754
2754
2754
2754
2754
2754
2754
2754
2754
2754
2754
2754
2754
2754
2754
2754
2754
2754
2754
2754
2754
2754
2754
2754
2754
2754
2754
2754
2754
2754
2754
2754
2754
2754
2754
2754
2754
2754
2754
2754
2754
2754
2754
2754
2754
2754
2754
2754
2754
2754
2754
2754
2754
2754
2754
2754
2754
2754
2754
2754
2754
2754
2754
2754
2754
2754
2754
2754
2754
2754
2754
2754
2754
2754
2754
2754
2754
2754
2754
2754
2754
2754
2754
2754
2754
2754
2754
2754
2754
2754
2754
2754
2754
2754
2754
2754
2754
2754
2754
2754
2754
2754
2754
2754
2754
2754
2754
2754
2754
2754
2754
2754
2754
2754
2754
2754
2754
2754
2754
2754
2754
2754
2754
2754
2754
2754
2754
2754
2754
2754
2754
2754
2754
2754
2754
2754
2754
2754
2754
2754
2754
2754
2754
2754
2754
2754
2754
2754
2754
2754
2754
2754
2754
2754
2754
2754
2754
2754
2754
2754
2754
2754
2754
2754
2754
2754
2754
2754
2754
2754
2754
2754
2754
2754
2754
2754
2754
2754
2754
2754
2754
2754
2754
2754
2754
2754
2754
2754
2754
2754
2754
2754
2754
2754
2754
2754
2754
2754
2754
2754
2754
2754
2754
2754
2754
2754
2754
2754
2754
2754
2754
2754
2754
2754
2754
2754
2754
2754
2754
2754
2754
2754
2754
2754
2754
2754
2754
2754
2754
2754
2754
2754
2754
2754
2754
2754
2754
2754
2754
2754
2754
2754
2754
2754
2754
2754
2754
2754
2754
2754
2754
2754
2754
2754
2754
2754
2754
2754
2754
2754
2754
2754
2754
2754
2754
2754
2754
2754
2754
2754
2754
2754
2754
2754
2754
2754
2754
2754
2754
2754
2754
2754
2754
2754
2754
2754
2754
2754
2754
2754
2754
2754
2754
2754
2754
2754
2754
2754
2754
2754
2754
2754
2754
2754
2754
2754
2754
2754
2754
2754
2754
2754
2754
2754
2754
2754
2754
2754
2754
2754
2754
2754
2754
2754
2754
2754
2754
2754
2754
2754
2754
2754
2754
2754
2754
2754
2754
2754
2754
2754
2754
2754
2754
2754
2754
2754
2754
2754
2754
2754
2754
2754
2754
2754
2754
2754
2754
2754
2754
2754
2754
2754
2754
2754
2754
2754
2754
2754
2754
2754
2754
2754
2754
2754
2754
2754
2754
2754
2754
2754
2754
2754
2754
2754
2754
2754
2754
2754
2754
2754
2754
2754
2754
2754
2754
2754
2754
2754
2754
2754
2754
2754
2754
2754
2754
2754
2754
2754
2754
2754
2754
2754
2754
2754
2754
2754
2754
2754
2754
2754
2754
2754
2754
2754
2754
2754
2754
2754
2754
2754
2754
2754
2754
2754
2754
2754
2754
2754
2754
2754
2754
2754
2754
2754
2754
2754
2754
2754
2754
2754
2754
2754
2754
2754
2754
2754
2754
2754
2754
2754
2754
2754
2754
2754
2754
2754
2754
2754
2754
2754
2754
2754
2754
2754
2754
2754
2754
2754
2754
2754
2754
2754
2754
2754
2754
2754
2754
2754
2754
2754
2754
2754
2754
2754
2754
2754
2754
2754
2754
2754
2754
2754
2754
2754
2754
2754
2754
2754
2754
2754
2754
2754
2754
2754
2754
2754
2754
2754
2754
2754
2754
2754
2754
2754
2754
2754
2754
2754
2754
2754
2754
2754
2754
2754
2754
2754
2754
2754
2754
2754
2754
2754
2754
2754
2754
2754
2754
2754
2754
2754
2754
2754
2754
2754
2754
2754
2754
2754
2754
2754
2754
2754
2754
2754
2754
2754
2754
2754
2754
2754
2754
2754
2754
2754
2754
2754
2754
2754
2754
2754
2754
2754
2754
2754
2754
2754
2754
2754
2754
2754
2754
2754
2754
2754
2754
2754
2754
2754
2754
2754
2754
2754
2754
2754
2754
2754
2754
2754
2754
2754
2754
2754
2754
2754
2754
2754
2754
2754
2754
2754
2754
2754
2754
2754
2754
2754
2754
2754
2754
2754
2754
2754
2754
2754
2754
2754
2754
2754
2754
2754
2754
2754
2754
2754
2754
2754
2754
2754
2754
2754
2754
2754
2754
2754
2754
2754
2754
2754
2754
2754
2754
2754
2754
2754
2754
2754
2754
2754
2754
2754
2754
2754
2754
2754
2754
2754
2754
2754
2754
2754
2754
2754
2754
2754
2754
2754
2754
2754
2754
2754
2754
2754
2754
2754
2754
2754
2754
2754
2754
2754
2754
2754
2754
2754
2754
2754
2754
2754
2754
2754
2754
2754
2754
2754
2754
2754
2754
2754
2754
2754
2754
2754
2754
2754
2754
2754
2754
2754
2754
2754
2754
2754
2754
2754
2754
2754
2754
2754
2754
2754
2754
2754
2754
2754
2754
2754
2754
2754
2754
2754
2754
2754
2754
2754
2754
2754
2754
2754
2754
2754
2754
2754
2754
2754
2754
2754
2754
2754
2754
2754
2754
2754
2754
2754
2754
2754
2754
2754
2754
2754
2754
2754
2754
2754
2754
2754
2754
2754
2754
2754
2754
2754
2754
2754
2754
2754
2754
2754
2754
2754
2754
2754
2754
2754
2754
2754
2754
2754
2754
2754
2754
2754
2754
2754
2754
2754
2754
2754
2754
2754
2754
2754
2754
2754
2754
2754
2754
2754
2754
2754
2754
2754
2754
2754
2754
2754
2754
2754
2754
2754
2754
2754
2754
2754
2754
2754
2754
2754
2754
2754
2754
2754
2754
2754
2754
2754
2754
2754
2754
2754
2754
2754
2754
2754
2754
2754
2754
2754
2754
2754
2754
2754
2754
2754
2754
2754
2754
2754
2754
2754
2754
2754
2754
2754
2754
2754
2754
2754
2754
2754
2754
2754
2754
2754
2754
2754
2754
2754
2754
2754
2754
2754
2754
2754
2754
2754
2754
2754
2754
2754
2754
2754
2754
2754
2754
2754
2754
2754
2754
2754
2754
2754
2754
2754
2754
2754
2754
2754
2754
2754
2754
2754
2754
2754
2754
2754
2754
2754
2754
2754
2754
2754
2754
2754
2754
2754
2754
2754
2754
2754
2754
2754
2754
2754
2754
2754
2754
2754
2754
2754
2754
2754
2754
2754
2754
2754
2754
2754
2754
2754
2754
2754
2754
2754
2754
2754
2754
2754
2754
2754
2754
2754
2754
2754
2754
2754
2754
2754
2754
2754
2754
2754
2754
2754
2754
2754
2754
2754
2754
2754
2754
2754
2754
2754
2754
2754
2754
2754
2754
2754
2754
2754
2754
2754
2754
2754
2754
2754
2754
2754
2754
2754
2754
2754
2754
2754
2754
2754
2754
2754
2754
2754
2754
2754
2754
2754
2754
2754
2754
2754
2754
2754
2754
2754
2754
2754
2754
2754
2754
2754
2754
2754
2754
2754
2754
2754
2754
2754
2754
2754
2754
2754
2754
2754
2754
2754
2754
2754
2754
2754
2754
2754
2754
2754
2754
2754
2754
2754
2754
2754
2754
2754
2754
2754
2754
2754
2754
2754
2754
2754
2754
2754
2754
2754
2754
2754
2754
2754
2754
2754
2754
2754
2754
2754
2754
2754
2754
2754
2754
2754
2754
2754
2754
2754
2754
2754
2754
2754
2754
2754
2754
2754
2754
2754
2754
2754
2754
2754
2754
2754
2754
2754
2754
2754
2754
2754
2754
2754
2754
2754
2754
2754
2754
2754
2754
2754
2754
2754
2754
2754
2754
2754
2754
2754
2754
2754
2754
2754
2754
2754
2754
2754
2754
2754
2754
2754
2754
2754
2754
2754
2754
2754
2754
2754
2754
2754
2754
2754
2754
2754
2754
2754
2754
2754
2754
2754
2754
2754
2754
2754
2754
2754
2754
2754
2754
2754
2754
2754
2754
2754
2754
2754
2754
2754
2754
2754
2754
2754
2754
2754
2754
2754
2754
2754
2754
2754
2754
2754
2754
2754
2754
2754
2754
2754
2754
2754
2754
2754
2754
2754
2754
2754
2754
2754
2754
2754
2754
2754
2754
2754
2754
2754
2754
2754
2754
2754
2754
2754
2754
2754
2754
2754
2754
2754
2754
2754
2754
2754
2754
2754
2754
2754
2754
2754
2754
2754
2754
2754
2754
2754
2754
2754
2754
2754
2754
2754
2754
2754
2754
2754
2754
2754
2754
2754
2754
2754
2754
2754
2754
2754
2754
2754
2754
2754
2754
2754
2754
2754
2754
2754
2754
2754
2754
2754
2754
2754
2754
2754
2754
2754
2754
2754
2754
2754
2754
2754
2754
2754
2754
2754
2754
2754
2754
2754
2754
2754
2754
2754
2754
2754
2754
2754
2754
2754
2754
2754
2754
2754
2754
2754
2754
2754
2754
2754
2754
2754
2754
2754
2754
2754
2754
2754
2754
2754
2754
2754
2754
2754
2754
2754
2754
2754
2754
2754
2754
2754
2754
2754
2754
2754
2754
2754
2754
2754
2754
2754
2754
2754
2754
2754
2754
2754
2754
2754
2754
2754
2754
2754
2754
2754
2754
2754
2754
2754
2754
2754
2754
2754
2754
2754
2754
2754
2754
2754
2754
2754
2754
2754
2754
2754
2754
2754
2754
2754
2754
2754
2754
2754
2754
2754
2754
2754
2754
2754
2754
2754
2754
2754
2754
2754
2754
2754
2754
2754
2754
2754
2754
2754
2754
2754
2754
2754
2754
2754
2754
2754
2754
2754
2754
2754
2754
2754
2754
2754
2754
2754
2754
2754
2754
2754
2754
2754
2754
2754
2754
2754
2754
2754
2754
2754
2754
2754
2754
2754
2754
2754
2754
2754
2754
2754
2754
2754
2754
2754
2754
2754
2754
2754
2754
2754
2754
2754
2754
2754
2754
2754
2754
2754
2754
2754
2754
2754
2754
2754
2754
2754
2754
2754
2754
2754
2754
2754
2754
2754
2754
2754
2754
2754
2754
2754
2754
2754
2754
2754
2754
2754
2754
2754
2754
2754
2754
2754
2754
2754
2754
2754
2754
2754
2754
2754
2754
2754
2754
2754
2754
2754
2754
2754
2754
2754
2754
2754
2754
2754
2754
2754
2754
2754
2754
2754
2754
2754
2754
2754
2754
2754
2754
2754
2754
2754
2754
2754
2754
2754
2754
2754
2754
2754
2754
2754
2754
2754
2754
2754
2754
2754
2754
2754
2754
2754
2754
2754
2754
2754
2754
2754
2754
2754
2754
2754
2754
2754
2754
2754
2754
2754
2754
2754
2754
2754
2754
2754
2754
2754
2754
2754
2754
2754
2754
2754
2754
2754
2754
2754
2754
2754
2754
2754
2754
2754
2754
2754
2754
2754
2754
2754
2754
2754
2754
2754
2754
2754
2754
2754
2754
2754
2754
2754
2754
2754
2754
2754
2754
2754
2754
2754
2754
2754
2754
2754
2754
2754
2754
2754
2754
2754
2754
2754
2754
2754
2754
2754
2754
2754
2754
2754
2754
2754
2754
2754
2754
2754
2754
2754
2754
2754
2754
2754
2754
2754
2754
2754
2754
2754
2754
2754
2754
2754
2754
2754
2754
2754
2754
2754
2754
2754
2754
2754
2754
2754
2754
2754
2754
2754
2754
2754
2754
2754
2754
2754
2754
2754
2754
2754
2754
2754
2754
2754
2754
2754
2754
2754
2754
2754
2754
2754
2754
2754
2754
2754
2754
2754
2754
2754
2754
2754
2754
2754
2754
2754
2754
2754
2754
2754
2754
2754
2754
2754
2754
2754
2754
2754
2754
2754
2754
2754
2754
2754
2754
2754
2754
2754
2754
2754
2754
2754
2754
2754
2754
2754
2754
2754
2754
2754
2754
2754
2754
2754
2754
2754
2754
2754
2754
2754
2754
2754
2754
2754
2754
2754
2754
2754
2754
2754
2754
2754
2754
2754
2754
2754
2754
2754
2754
2754
2754
2754
2754
2754
2754
2754
2754
2754
2754
2754
2754
2754
2754
2754
2754
2754
2754
2754
2754
2754
2754
2754
2754
2754
2754
2754
2754
2754
2754
2754
2754
2754
2754
2754
2754
2754
2754
2754
2754
2754
2754
2754
2754
2754
2754
2754
2754
2754
2754
2754
2754
2754
2754
2754
2754
2754
2754
2754
2754
2754
2754
2754
2754
2754
2754
2754
2754
2754
2754
2754
2754
2754
2754
2754
2754
2754
2754
2754
2754
2754
2754
2754
2754
2754
2754
2754
2754
2754
2754
2754
2754
2754
2754
2754
2754
2754
2754
2754
2754
2754
2754
2754
2754
2754
2754
2754
2754
2754
2754
2754
2754
2754
2754
2754
2754
2754
2754
2754
2754
2754
2754
2754
2754
2754
2754
2754
2754
2754
2754
2754
2754
2754
2754
2754
2754
2754
2754
2754
2754
2754
2754
2754
2754
2754
2754
2754
2754
2754
2754
2754
2754
2754
2754
2754
2754
2754
2754
2754
2754
2754
2754
2754
2754
2754
2754
2754
2754
2754
2754
2754
2754
2754
2754
2754
2754
2754
2754
2754
2754
2754
2754
2754
2754
2754
2754
2754
2754
2754
2754
2754
2754
2754
2754
2754
2754
2754
2754
2754
2754
2754
2754
2754
2754
2754
2754
2754
2754
2754
2754
2754
2754
2754
2754
2754
2754
2754
2754
2754
2754
2754
2754
2754
2754
2754
2754
2754
2754
2754
2754
2754
2754
2754
2754
2754
2754
2754
2754
2754
2754
2754
2754
2754
2754
2754
2754
2754
2754
2754
2754
2754
2754
2754
2754
2754
2754
2754
2754
2754
2754
2754
2754
2754
2754
2754
2754
2754
2754
2754
2754
2754
2754
2754
2754
2754
2754
2754
2754
2754
2754
2754
2754
2754
2754
2754
2754
2754
2754
2754
2754
2754
2754
2754
2754
2754
2754
2754
2754
2754
2754
2754
2754
2754
2754
2754
2754
2754
2754
2754
2754
2754
2754
2754
2754
2754
2754
2754
2754
2754
2754
2754
2754
2754
2754
2754
2754
2754
2754
2754
2754
2754
2754
2754
2754
2754
2754
2754
2754
2754
2754
2754
2754
2754
2754
2754
2754
2754
2754
2754
2754
2754
2754
2754
2754
2754
2754
2754
2754
2754
2754
2754
2754
2754
2754
2754
2754
2754
2754
2754
2754
2754
2754
2754
2754
2754
2754
2754
2754
2754
2754
2754
2754
2754
2754
2754
2754
2754
2754
2754
2754
2754
2754
2754
2754
2754
2754
2754
2754
2754
2754
2754
2754
2754
2754
2754
2754
2754
2754
2754
2754
2754
2754
2754
2754
2754
2754
2754
2754
2754
2754
