0
0
0
0
0
0
0
0
0
0
0
0
0
0
0
0
0
0
0
0
0
0
0
0
0
0
0
0
0
0
0
0
0
0
0
0
0
0
0
0
0
0
0
0
0
0
0
0
0
0
0
0
0
0
0
0
0
0
0
0
0
0
0
0
0
0
0
0
0
0
0
0
0
0
0
0
0
0
0
0
0
0
0
0
0
0
0
0
0
0
0
0
0
0
0
0
0
0
0
0
0
0
0
0
0
0
0
0
0
0
0
0
0
0
0
0
0
0
0
0
0
0
0
0
0
0
0
0
0
0
3
26
226
657
1247
1941
2613
3710
4860
5847
7100
7925
8559
9203
9993
10942
11542
11563
11799
11884
12153
12504
12570
12790
12513
12357
12464
12606
12671
12213
12153
12078
11974
12111
12261
12020
11118
10531
9833
9169
8798
8501
7984
7590
7059
6933
6433
6175
5672
5581
5430
5122
4967
4713
4458
4295
4222
3969
3857
3608
3714
3387
3573
3372
3350
3197
3041
3045
2930
3138
3363
3558
3236
2727
2682
2621
2540
2440
2508
2356
2458
2377
2445
2810
3022
2813
2535
2214
2136
2125
2116
2025
2034
2127
2070
1984
2013
1886
1947
2017
2048
2067
1973
1859
1862
1840
1854
1803
1781
1797
1735
1798
1723
1713
1821
1879
2159
2325
2387
2320
1959
1744
1615
1626
1578
1580
1630
1619
1688
1728
1585
1587
1503
1479
1501
1512
1515
1451
1483
1414
1455
1458
1422
1472
1512
1707
1720
1561
1565
1366
1458
1424
1474
1414
1375
1369
1422
1381
1440
1390
1478
1396
1704
1777
1833
1553
1423
1358
1361
1300
1315
1277
1256
1291
1321
1263
1314
1351
1327
1263
1264
1358
1387
1416
1379
1331
1314
1192
1274
1209
1142
1147
1174
1101
1068
1088
1075
1006
1056
1055
1035
1026
1025
1036
972
1018
1020
1014
1061
988
976
1084
1055
1063
979
994
878
963
886
909
910
957
900
902
860
901
903
832
860
870
897
876
877
905
1080
1429
1590
1252
1068
1055
1098
1161
1036
918
765
833
808
811
803
841
846
763
802
759
796
812
842
820
849
844
931
965
893
822
859
803
892
1231
1536
1510
1235
958
757
718
776
848
881
911
869
834
878
895
838
790
767
709
692
707
678
737
693
657
695
710
701
700
682
622
704
648
671
727
708
756
855
847
791
840
951
913
780
672
693
706
747
753
687
698
698
694
646
691
682
752
688
715
703
722
703
682
697
675
698
706
682
690
719
674
734
689
722
671
690
692
744
668
658
679
670
720
693
714
852
853
1301
3732
10187
16028
14491
6484
2175
889
673
587
559
558
595
715
696
600
563
515
581
639
605
586
639
625
631
748
826
740
745
600
575
521
492
508
509
492
520
512
493
472
507
538
464
501
514
525
593
691
776
730
578
514
514
483
467
455
496
545
604
721
664
567
497
455
470
412
426
471
410
420
450
439
458
468
465
474
559
600
557
502
427
464
494
506
466
449
475
420
411
409
408
412
432
446
421
408
405
429
399
479
417
416
381
413
377
367
401
380
372
428
377
429
391
442
439
402
419
412
351
420
396
388
374
369
405
359
390
386
400
366
398
442
397
325
371
353
344
335
387
408
533
710
852
729
562
409
364
341
320
324
349
329
344
359
351
358
288
322
315
325
421
448
438
375
364
328
299
345
365
449
500
490
452
505
682
867
727
510
365
303
307
302
321
306
294
313
290
298
345
631
1624
4275
6434
5617
3061
1059
426
369
299
303
293
272
299
292
274
308
276
295
313
301
311
298
317
299
273
285
287
296
355
498
508
489
397
283
278
270
235
270
258
249
242
306
282
266
297
308
276
273
271
282
274
283
282
290
314
341
398
413
356
287
257
272
311
331
337
294
265
251
264
228
252
227
244
292
260
232
229
239
263
278
267
292
254
247
269
248
271
308
418
467
394
343
270
354
562
906
1120
948
524
316
249
249
326
353
477
611
765
829
598
403
244
270
315
313
283
246
231
244
274
314
336
495
751
919
731
469
313
241
232
238
242
257
367
456
461
364
260
239
201
223
226
226
239
252
256
284
286
297
285
273
308
279
281
254
273
267
276
243
264
251
243
233
248
233
272
234
234
258
226
222
224
205
230
311
347
403
343
328
250
227
201
219
201
208
222
197
215
189
208
209
199
197
184
189
218
219
178
208
216
199
209
190
206
226
191
203
192
198
209
201
182
259
217
222
206
234
201
206
192
196
221
232
218
198
196
181
195
172
184
218
217
205
219
199
191
165
176
158
183
189
196
208
203
183
203
190
170
156
184
197
243
223
230
244
176
172
169
177
178
164
154
189
176
154
184
159
181
179
170
176
184
146
181
174
160
174
175
146
182
182
180
190
178
159
190
144
146
172
169
155
175
209
240
245
220
202
171
166
182
164
155
182
171
154
168
163
143
183
149
154
146
174
168
169
163
156
143
146
159
169
182
156
188
137
151
156
181
145
166
170
137
174
173
222
201
200
161
178
150
171
175
171
214
179
160
153
151
153
191
208
255
314
274
199
184
168
173
172
173
163
158
170
157
140
156
143
164
147
151
149
143
148
159
157
149
157
165
173
180
206
278
586
988
1295
980
517
271
144
128
180
178
260
231
191
143
147
142
116
133
126
136
131
143
141
140
147
142
146
135
159
147
151
157
136
149
129
151
153
161
189
239
213
198
169
133
131
148
142
119
138
122
123
137
140
141
137
138
109
132
141
130
122
146
165
147
133
140
155
162
149
202
215
227
211
176
117
139
141
132
148
121
114
125
141
127
143
135
123
131
133
141
169
135
124
149
164
167
168
165
142
190
203
261
200
176
134
146
114
158
184
181
165
138
104
118
123
126
149
162
180
167
214
199
137
130
132
108
117
109
120
126
149
128
140
130
117
115
131
134
124
123
97
107
116
130
135
150
133
147
156
125
125
121
103
110
119
114
140
125
114
104
110
125
124
131
118
97
119
106
109
117
130
105
137
130
109
108
113
118
133
113
129
129
125
128
134
106
109
105
118
124
118
142
149
144
141
123
116
133
127
126
108
130
120
127
114
135
107
113
98
121
136
209
310
396
295
220
131
116
115
102
98
99
126
105
108
112
97
102
131
115
131
127
107
129
118
119
109
94
94
106
112
114
102
110
125
105
91
110
114
106
115
108
95
125
112
97
94
97
107
111
131
118
122
117
96
119
110
137
131
120
107
113
100
98
99
111
100
112
155
151
173
184
169
117
100
94
102
107
91
104
109
99
101
107
110
103
95
110
98
94
101
112
100
88
87
98
96
114
98
92
92
104
127
127
116
113
114
131
102
102
96
112
83
100
92
117
98
92
104
104
114
92
89
105
100
104
111
120
114
95
98
89
96
113
118
115
113
105
85
87
73
113
103
109
113
131
137
135
117
92
87
94
94
75
82
82
103
81
136
132
191
221
235
143
98
88
110
103
102
123
126
139
142
138
164
172
159
121
106
103
97
111
85
94
71
79
84
83
92
83
95
85
79
109
97
80
82
75
84
79
87
96
79
71
78
90
86
95
83
78
77
86
76
105
80
81
88
76
81
97
84
111
100
92
80
72
89
71
90
98
103
83
103
76
86
94
87
87
110
83
65
80
89
88
76
103
92
106
111
89
76
76
95
84
78
93
103
86
84
90
89
99
74
89
93
90
90
148
159
183
127
106
94
91
78
88
82
84
88
103
99
97
92
91
93
74
80
82
65
84
84
114
91
104
77
79
94
80
84
78
86
65
76
82
70
85
73
68
97
91
75
95
102
96
135
109
109
125
150
141
149
117
113
120
99
79
102
79
80
82
88
102
79
91
103
115
123
140
133
110
79
114
107
110
96
90
82
74
71
77
91
78
90
78
81
76
65
72
92
79
85
80
78
67
68
68
85
91
71
74
59
70
69
67
75
85
76
87
82
75
65
81
82
86
86
95
87
86
80
98
75
97
84
76
77
88
88
91
99
107
100
82
96
82
79
95
79
79
75
68
71
75
59
63
73
89
85
84
72
77
79
85
90
71
73
72
80
81
76
84
80
69
82
81
81
71
63
71
85
73
67
75
92
73
76
93
91
80
81
92
65
73
87
70
88
78
71
81
74
81
75
82
72
82
90
88
93
96
97
99
92
90
90
79
77
70
70
81
78
76
82
57
84
74
56
89
92
79
99
105
94
102
101
106
106
117
79
105
124
106
107
92
76
70
87
97
72
68
75
84
59
70
77
89
77
82
75
73
79
79
98
75
82
87
79
79
51
69
79
74
78
76
74
85
91
78
70
74
62
73
54
63
70
69
61
63
81
74
60
76
72
69
74
75
70
64
46
76
71
74
68
69
57
82
58
71
75
90
76
67
75
68
69
77
86
78
82
83
98
112
100
75
84
76
82
67
75
83
80
82
74
78
62
75
76
59
71
84
68
88
71
69
67
82
71
80
70
76
54
76
67
76
62
64
79
77
72
57
62
69
68
99
87
82
74
52
54
59
70
85
77
90
87
87
44
75
66
55
78
69
81
87
74
72
59
72
63
74
77
82
65
55
73
71
79
78
64
69
60
75
66
74
73
82
71
70
73
67
88
151
153
209
219
206
130
99
64
75
61
53
73
57
65
58
59
72
63
64
69
55
67
61
61
57
57
59
65
64
64
60
63
57
66
72
53
66
61
77
64
54
62
45
67
42
50
51
55
55
52
45
58
59
56
62
73
75
76
73
89
75
77
63
57
63
46
55
48
64
57
67
60
53
64
60
51
57
59
95
108
133
145
123
88
89
90
56
72
69
51
50
51
54
55
61
64
68
68
55
50
63
46
58
50
63
62
52
58
45
48
63
60
60
33
50
59
66
48
52
51
55
57
60
81
100
102
78
81
48
44
45
57
53
58
55
56
56
50
51
48
45
49
47
58
42
63
62
65
60
71
56
52
72
77
59
55
47
61
55
66
90
109
185
282
386
409
329
194
116
108
78
69
63
46
39
54
59
52
57
59
54
73
216
916
1760
1761
786
188
68
62
55
47
48
55
46
32
42
56
58
42
54
49
65
54
39
44
49
43
42
51
57
40
46
65
54
43
51
50
40
57
63
45
66
72
72
108
155
191
241
202
125
82
65
57
55
63
55
52
47
49
46
51
39
45
57
45
55
59
56
50
46
50
41
37
49
42
47
69
45
69
79
55
60
65
52
62
69
71
59
49
44
49
47
53
50
43
41
42
57
64
81
64
68
48
45
50
54
63
67
66
57
53
47
46
53
41
48
47
46
47
48
50
55
49
32
42
42
52
51
56
60
47
64
53
51
65
47
49
49
56
45
44
37
56
41
43
47
57
75
77
85
90
84
57
58
63
61
65
67
86
100
104
103
110
82
55
64
56
46
45
48
47
51
46
43
47
45
37
45
38
43
34
55
66
74
74
52
60
53
36
50
39
54
46
50
40
50
47
42
35
46
38
41
52
64
59
59
54
38
59
49
50
45
54
50
61
40
40
56
60
44
70
40
52
38
50
41
31
54
37
40
48
35
55
49
50
43
56
53
46
59
38
44
57
36
50
56
50
49
46
42
46
41
43
50
47
34
40
71
51
42
37
50
49
45
54
56
45
57
58
68
46
47
47
47
44
47
43
45
48
55
39
41
49
51
52
44
49
45
37
47
56
52
42
47
48
35
49
50
57
44
47
40
51
41
50
59
55
40
43
57
43
36
42
47
46
55
38
41
46
55
47
57
49
54
50
51
51
58
49
45
37
40
53
60
43
38
40
52
48
35
45
43
53
39
43
39
46
42
48
43
42
48
50
43
52
49
41
50
44
42
58
47
53
42
43
43
64
51
67
48
45
43
65
61
50
39
63
47
54
51
46
64
64
49
40
60
42
47
59
61
63
70
48
60
49
58
44
49
62
62
79
83
103
105
78
46
47
55
53
52
61
57
49
53
55
50
63
74
70
53
42
44
39
36
45
42
52
43
44
47
57
63
39
43
45
46
39
34
53
49
37
40
39
45
48
36
37
45
57
42
39
36
58
37
58
43
45
42
40
43
36
33
29
35
40
44
25
33
42
39
38
42
38
40
25
34
38
31
44
40
33
28
24
49
40
38
42
39
36
32
45
42
34
37
40
39
54
53
55
32
43
47
34
36
31
29
43
32
35
28
43
31
41
42
36
29
45
37
33
29
31
24
26
31
37
38
38
24
35
34
37
44
31
37
34
30
20
40
39
33
27
26
24
35
37
20
33
25
34
24
40
32
44
39
40
29
34
37
34
25
28
22
23
22
22
25
28
16
15
25
30
31
30
39
53
89
91
77
68
50
37
28
19
32
20
28
24
26
34
35
37
38
37
72
64
77
76
72
41
37
30
27
35
27
25
29
19
26
29
24
33
33
27
29
41
35
51
60
104
93
86
62
43
41
28
24
30
28
33
21
18
26
35
26
25
33
44
24
24
31
31
31
24
27
19
26
21
31
24
20
25
31
44
47
51
52
55
107
149
191
257
275
178
98
80
63
68
90
137
225
274
340
302
216
137
66
33
26
21
18
19
24
33
27
19
21
16
22
24
34
29
19
21
31
20
15
23
19
27
27
14
19
29
21
22
29
20
22
25
22
24
22
24
23
21
28
19
17
17
26
25
22
21
18
24
22
24
19
18
20
26
28
21
26
22
22
25
30
19
18
20
21
20
25
19
24
25
21
34
16
20
21
21
19
16
18
24
23
23
18
31
26
24
22
20
24
22
15
20
21
28
31
23
24
50
54
65
70
50
37
36
24
23
17
24
18
19
19
21
26
17
19
21
24
16
31
16
28
23
25
22
19
24
13
31
32
27
28
30
26
24
23
16
27
25
23
24
26
26
19
24
19
21
20
22
19
24
21
20
21
26
26
27
23
35
33
36
33
36
41
35
28
24
28
25
15
19
30
24
26
24
12
18
22
13
22
19
23
24
28
22
23
29
21
17
24
16
20
16
18
19
19
13
17
27
26
27
22
23
27
24
21
19
13
23
19
16
17
19
20
25
29
29
24
16
13
9
17
14
6
20
15
12
21
19
21
10
22
18
18
12
19
17
21
19
14
17
8
10
18
15
19
16
15
16
17
20
28
24
28
26
23
26
16
17
16
23
18
14
12
16
16
16
9
21
19
11
20
9
18
22
11
9
19
19
14
20
21
6
16
13
20
14
23
7
10
15
9
12
16
19
13
17
16
19
26
10
16
19
10
15
12
11
13
18
10
14
16
11
12
10
6
16
10
11
15
11
7
14
14
11
5
7
15
10
9
6
13
12
12
5
10
11
15
10
18
17
9
12
10
13
9
9
13
9
11
10
13
11
7
6
18
9
16
10
9
14
8
11
10
7
14
14
14
12
13
7
18
9
6
12
6
5
14
13
6
6
11
12
12
12
15
11
8
19
15
17
9
12
14
12
7
11
9
13
5
11
3
8
11
9
10
8
11
13
13
8
4
16
5
8
11
10
10
12
10
19
14
16
20
25
49
67
90
126
186
221
221
181
124
63
29
26
14
11
8
11
7
15
12
7
10
5
14
5
14
11
9
8
6
11
3
11
10
7
13
13
13
13
8
6
12
12
14
8
7
14
13
7
9
12
8
5
9
7
10
7
7
6
6
7
10
9
8
7
5
11
2
9
12
7
6
8
9
9
13
13
12
11
3
11
11
10
7
3
10
5
12
9
11
4
5
14
10
7
11
9
14
15
13
17
11
7
11
10
9
10
8
9
11
21
13
18
20
15
11
10
12
11
7
6
16
13
8
7
5
5
8
8
7
11
7
5
9
13
8
16
11
9
11
17
9
8
4
8
20
11
12
10
8
11
15
6
10
10
8
4
11
5
8
6
7
6
11
11
8
14
12
3
7
7
4
6
5
7
3
4
5
7
8
15
6
10
6
9
6
7
5
9
7
7
6
11
4
11
3
4
6
14
1
8
8
7
4
6
2
5
5
9
6
11
9
9
8
5
6
9
6
6
12
6
5
14
10
8
7
7
6
7
10
9
3
9
7
12
8
4
12
6
10
2
6
7
6
8
11
3
4
8
10
3
8
14
8
6
7
9
14
17
8
8
6
7
7
3
9
7
4
7
5
2
10
8
7
3
4
4
12
8
8
8
6
5
5
8
4
11
5
8
5
13
6
7
5
5
4
3
2
1
8
7
4
10
7
5
5
6
1
8
10
8
7
6
11
15
19
21
22
15
16
17
11
13
8
7
3
8
6
1
5
4
10
8
11
7
7
5
7
5
4
7
9
3
11
5
8
7
5
7
4
7
4
11
4
5
5
8
9
4
4
6
3
6
5
10
3
6
7
5
9
5
4
10
7
8
8
6
3
5
6
4
12
11
9
6
2
7
12
6
2
9
5
7
5
8
5
4
12
9
8
5
5
11
9
7
8
8
4
11
11
4
7
8
5
7
7
6
9
6
6
5
9
4
9
3
6
12
8
7
8
3
5
6
5
3
2
5
6
7
3
11
9
7
7
2
2
8
3
7
8
1
6
7
9
11
9
7
5
9
4
7
5
11
3
8
4
6
8
8
10
8
4
7
7
6
8
3
5
9
7
2
12
4
8
7
5
6
9
4
5
10
5
9
5
6
4
8
9
7
5
4
7
6
5
8
4
8
7
5
3
7
7
5
5
3
0
7
7
3
4
8
4
5
3
4
5
7
4
3
2
9
5
6
7
11
4
5
11
5
11
8
9
6
5
4
2
7
9
5
3
6
6
3
5
3
1
5
9
3
5
5
3
6
2
5
8
5
5
4
6
6
6
2
7
8
7
9
9
6
9
2
5
3
3
7
1
6
9
3
4
8
9
11
4
5
6
8
8
10
6
8
4
9
7
6
4
5
3
1
5
4
10
6
6
8
8
2
5
4
9
7
10
10
8
5
9
10
13
6
3
4
6
6
2
12
2
5
4
7
2
3
9
7
4
2
4
8
8
6
4
4
4
6
7
5
4
7
5
7
12
5
4
4
5
7
3
7
1
2
6
8
6
3
4
3
5
7
3
5
7
2
8
7
12
5
4
9
5
3
8
7
3
3
4
8
5
4
7
1
9
5
12
8
6
11
2
5
2
4
0
6
5
3
4
6
5
0
1
3
5
4
3
3
4
5
4
4
7
4
3
5
10
4
2
3
7
6
4
4
5
3
11
4
3
1
5
7
7
3
5
4
9
5
3
3
3
4
3
7
3
3
1
2
5
5
6
7
0
5
4
5
2
9
4
2
4
11
3
6
2
9
4
3
11
4
2
7
4
3
5
3
2
0
4
2
8
10
2
4
2
4
3
2
3
5
5
7
5
5
2
5
3
9
3
4
6
6
3
3
5
4
5
5
5
5
8
2
7
4
1
2
5
1
3
3
3
3
3
3
2
4
4
2
2
5
6
4
6
3
3
8
3
10
4
6
4
5
3
5
7
2
4
5
5
1
6
6
3
5
9
5
6
10
9
7
4
8
8
5
4
3
1
8
4
4
6
3
3
2
2
4
6
3
6
1
7
7
3
6
2
2
1
2
6
4
2
3
5
6
4
3
5
8
5
4
5
9
11
11
9
7
9
5
6
5
9
3
3
5
6
4
7
6
5
2
3
3
5
4
5
3
4
4
6
4
7
7
8
4
4
4
2
2
3
0
5
2
1
3
2
1
3
7
1
5
5
5
5
6
2
7
3
4
3
6
8
4
8
9
1
3
0
6
4
0
6
5
3
6
7
5
6
4
5
5
3
3
6
3
3
7
6
5
2
5
6
2
0
6
4
5
5
2
4
4
7
2
6
3
2
5
6
4
0
4
1
2
3
3
6
1
4
2
3
2
4
5
3
2
2
2
1
3
7
6
3
2
1
9
2
4
3
7
2
1
4
4
3
7
1
4
2
1
2
2
4
5
4
2
3
3
2
3
1
3
1
4
8
1
9
2
6
5
2
4
7
3
1
5
1
1
4
2
5
5
2
5
2
2
3
1
6
3
2
5
8
5
3
3
2
4
3
3
0
2
2
4
3
2
6
6
2
2
3
3
1
3
6
4
0
5
2
7
1
4
2
5
5
4
4
1
1
1
6
4
8
6
6
6
8
2
6
5
5
0
1
6
1
2
2
6
2
5
2
2
2
1
2
1
6
2
4
3
6
5
6
5
5
1
3
7
5
1
2
3
5
3
4
6
1
3
4
2
2
1
7
2
6
7
0
6
3
4
8
2
5
4
5
4
3
3
5
3
4
4
2
3
8
4
0
4
6
6
2
1
5
3
3
3
1
5
6
3
4
3
6
1
7
6
3
5
1
7
3
0
1
3
2
4
2
4
4
7
5
1
3
1
6
3
2
6
3
3
2
3
1
2
5
1
1
3
2
5
4
4
2
3
1
4
6
3
3
2
4
4
6
3
1
4
1
2
3
4
4
2
1
0
7
3
0
1
5
4
2
1
2
2
4
3
1
0
0
5
1
2
2
2
1
4
2
4
3
4
1
2
2
3
3
1
5
2
1
3
5
2
4
3
8
5
4
6
5
3
2
8
3
3
3
1
8
2
3
2
1
2
3
1
6
9
2
2
0
1
2
2
1
2
1
1
3
3
7
5
3
4
5
3
2
1
5
0
1
2
4
4
3
2
3
6
3
3
2
3
7
3
1
5
3
5
1
3
2
1
3
4
2
2
4
8
2
3
3
4
5
4
3
2
6
3
2
2
3
2
4
4
6
3
2
2
3
2
6
3
1
7
3
5
2
1
0
3
4
1
0
2
2
5
6
2
3
3
4
0
5
1
2
3
3
2
2
0
2
2
2
2
1
2
3
1
5
3
4
6
5
3
6
1
5
1
4
2
1
1
2
3
4
2
2
6
5
2
2
8
1
1
3
2
3
3
1
3
1
2
3
5
2
2
1
5
4
3
2
7
2
2
1
0
5
3
4
2
2
1
2
4
6
5
4
2
6
4
2
0
0
3
2
3
3
2
4
1
3
5
4
2
0
2
2
2
2
4
1
2
4
2
3
1
0
1
1
4
1
3
4
1
1
3
1
1
2
4
3
2
7
4
0
7
4
5
3
3
3
2
4
0
1
2
3
4
4
1
2
3
3
1
3
1
2
1
3
0
3
2
1
2
3
2
2
2
3
1
2
2
3
0
1
1
3
2
2
0
3
2
1
6
5
2
3
0
3
1
1
4
1
6
0
4
0
2
4
1
2
1
1
2
1
4
1
2
3
2
2
4
3
6
2
2
0
3
3
5
4
3
2
2
2
3
2
3
1
3
1
4
4
4
5
5
3
6
1
1
4
3
4
2
2
2
5
3
1
0
7
3
2
1
2
3
5
3
0
2
1
4
1
4
3
1
6
3
0
3
8
0
9
6
2
0
5
3
4
3
2
2
1
1
0
2
1
7
0
2
4
3
3
4
3
0
3
2
1
3
4
1
1
1
2
2
1
5
2
4
1
1
3
1
1
4
2
3
1
4
3
3
5
3
0
4
3
0
7
2
6
1
2
4
3
5
3
2
0
2
5
4
2
3
4
2
4
4
2
2
2
0
3
2
2
1
1
1
2
1
0
1
0
3
1
2
2
4
3
3
2
0
1
2
4
3
1
6
3
1
0
1
4
0
2
3
2
5
2
3
0
1
2
0
2
1
3
2
1
2
3
2
1
0
4
4
1
1
1
1
5
1
2
1
3
1
3
3
4
4
2
3
2
4
0
1
2
3
5
4
2
1
3
0
2
0
0
2
1
4
8
2
1
2
3
4
2
2
2
2
4
4
1
0
3
1
1
0
2
2
1
1
1
2
2
2
2
3
3
1
1
1
3
2
2
2
0
2
3
4
0
1
3
1
0
0
2
2
0
2
0
1
1
2
0
2
1
3
0
1
1
0
1
1
1
1
1
3
2
2
2
3
1
0
7
3
1
0
3
1
1
2
1
1
3
4
5
3
5
1
4
2
1
1
1
1
3
4
2
1
2
4
3
5
3
2
3
1
3
1
2
2
0
0
1
1
1
2
2
2
2
4
5
1
2
1
2
3
3
3
4
2
1
3
2
0
1
1
0
2
3
1
4
2
4
1
2
2
1
5
1
0
2
1
3
1
1
4
0
0
5
3
2
3
2
3
2
4
0
0
2
3
0
4
4
3
1
1
1
3
3
0
2
0
0
0
1
2
3
1
2
0
1
1
1
1
0
1
1
1
2
4
2
2
1
3
4
2
1
3
2
3
1
2
1
4
4
3
2
1
3
1
2
4
1
0
3
1
5
4
4
2
4
3
2
3
3
2
2
2
2
3
3
1
0
3
0
2
1
2
2
1
1
2
1
2
6
2
1
2
0
3
4
1
5
3
1
1
2
0
2
1
7
2
2
5
4
2
1
2
2
0
4
1
1
3
0
1
3
2
2
1
3
2
2
2
3
2
1
5
7
4
1
2
3
1
2
0
2
3
4
2
0
2
2
3
2
3
2
1
0
4
0
2
1
1
3
0
3
1
0
3
3
2
1
1
1
3
3
2
0
2
0
2
3
4
1
1
1
1
0
1
0
2
0
1
1
0
1
1
0
2
1
2
3
1
1
2
2
1
3
2
1
2
1
1
2
2
3
1
5
2
2
0
1
0
2
2
0
0
2
1
1
1
0
1
1
2
2
2
0
4
2
1
1
1
5
3
3
1
0
1
1
2
1
4
2
0
1
1
1
2
2
4
0
0
2
1
2
3
2
2
1
0
2
1
2
1
4
1
2
2
1
3
2
1
1
2
2
4
3
0
2
0
3
1
2
0
1
2
0
4
3
1
2
0
3
2
1
2
2
2
1
2
2
0
3
1
3
0
3
5
1
2
0
5
1
2
0
2
1
2
1
1
5
2
2
0
1
1
1
2
1
2
0
3
1
3
2
2
2
1
0
4
0
0
2
0
1
3
2
0
1
1
1
2
1
2
0
1
1
2
2
2
1
1
2
2
1
2
1
2
1
2
2
0
1
2
1
1
3
0
2
0
1
1
3
1
1
2
2
2
3
2
1
1
1
1
1
1
2
2
2
0
0
0
1
1
1
2
2
2
4
0
1
1
1
2
3
0
1
1
1
1
2
2
3
2
1
1
2
1
1
1
3
2
0
3
1
1
4
0
3
2
0
0
2
0
1
2
2
3
1
0
3
3
4
1
1
0
2
2
1
1
4
1
1
2
2
1
1
2
1
3
2
1
1
1
5
0
5
4
1
1
2
1
0
1
2
1
3
3
1
2
1
3
0
2
4
4
0
1
1
2
0
1
0
1
1
1
2
0
0
0
1
3
2
1
1
2
2
3
3
1
0
0
2
0
1
2
1
1
0
0
3
0
1
1
1
1
1
3
1
3
1
0
2
0
0
3
2
1
2
1
0
1
4
0
2
0
4
1
1
1
0
3
1
0
1
3
1
1
4
4
0
2
1
1
0
0
1
1
0
2
2
1
3
5
3
1
1
2
0
1
1
6
1
1
2
0
1
0
1
3
2
0
2
1
3
1
2
0
0
3
1
0
2
0
0
1
1
0
0
3
1
0
2
0
1
0
3
1
2
2
3
2
1
2
2
1
2
2
0
1
0
1
1
2
1
6
1
4
2
0
0
2
0
3
0
2
1
1
4
4
0
0
2
1
0
2
1
1
3
2
2
0
0
1
4
1
1
1
0
0
1
1
4
2
0
1
1
4
1
2
1
0
0
1
1
1
1
0
3
1
2
0
1
3
1
3
1
1
1
1
1
0
2
4
1
1
1
1
1
1
3
2
2
0
1
1
0
1
1
1
0
1
2
1
2
2
1
1
4
0
2
4
2
2
1
1
0
1
0
1
2
2
2
2
0
0
3
2
1
1
3
1
3
1
4
0
1
2
2
2
0
1
1
1
3
1
2
1
1
1
1
2
0
3
2
0
2
1
0
1
0
0
2
2
1
1
0
3
3
2
1
2
1
1
0
1
1
1
1
0
1
2
2
3
0
0
2
1
1
2
2
4
1
1
1
2
1
1
3
3
2
0
4
2
3
2
1
3
2
0
2
1
0
1
2
0
2
1
1
0
0
0
1
2
2
1
0
0
0
2
1
2
0
1
1
1
1
0
1
0
2
0
1
1
0
2
0
1
1
2
3
2
0
0
0
0
1
2
1
0
1
0
1
0
2
3
2
0
1
0
2
1
0
0
0
1
1
1
1
1
0
1
0
3
2
1
2
2
0
1
0
2
1
1
2
0
0
2
3
3
0
1
1
1
0
0
2
1
2
2
0
1
3
1
3
0
2
1
0
2
2
0
0
0
1
2
2
1
0
2
3
0
0
1
0
0
4
0
0
0
1
2
2
1
0
1
0
2
0
2
2
0
1
3
3
1
2
2
0
0
1
3
2
2
2
2
0
2
2
1
0
3
2
3
1
1
1
1
0
1
1
4
1
1
1
0
2
0
4
1
1
3
0
0
1
1
0
0
0
2
1
0
0
1
2
0
1
0
2
0
1
1
1
1
2
3
0
3
2
2
0
1
3
0
2
0
2
1
1
2
0
1
1
2
1
0
2
0
0
0
0
1
1
0
1
0
0
2
2
0
0
2
4
3
1
1
2
1
1
2
1
0
0
0
1
0
1
1
1
1
0
0
0
2
0
1
1
1
1
0
0
1
1
2
0
2
1
3
2
1
1
2
0
0
1
1
0
1
0
0
1
1
0
1
2
2
0
1
1
5
0
0
3
3
2
3
3
0
2
1
1
1
1
0
1
1
0
2
0
0
1
1
1
2
2
0
0
0
1
2
1
1
0
1
2
1
0
3
0
0
2
0
1
4
3
0
0
2
1
5
1
1
0
0
1
1
1
1
0
0
1
2
0
1
2
0
0
1
0
0
0
1
2
0
0
0
0
0
1
0
1
0
1
0
1
1
1
0
1
1
2
2
0
0
2
1
0
2
1
1
3
2
0
0
0
0
2
0
0
0
1
0
2
2
0
2
1
3
3
2
1
2
0
0
0
1
0
1
2
0
1
0
0
0
3
4
0
3
0
0
2
1
1
0
0
0
1
0
0
1
0
2
0
0
0
1
1
2
0
2
0
1
0
0
0
3
0
3
2
0
2
4
1
0
1
2
1
1
0
0
3
3
1
0
2
2
1
1
1
1
2
0
0
2
3
3
1
2
1
1
2
3
0
1
0
1
3
2
3
1
1
3
1
1
1
0
2
0
1
1
0
0
0
1
1
0
0
1
1
0
1
1
0
4
1
0
1
1
1
0
1
0
1
2
2
1
1
0
0
2
1
0
1
0
2
1
0
3
0
2
0
0
2
0
0
1
1
0
0
0
0
1
0
2
0
2
1
1
2
1
1
0
1
1
3
1
1
2
2
0
0
0
0
2
5
4
1
3
2
0
2
1
1
0
1
0
1
2
0
1
0
1
0
2
1
1
0
2
2
1
0
2
1
0
1
1
0
0
1
0
0
0
1
1
0
0
1
2
1
1
1
1
1
3
1
0
1
3
2
0
2
3
1
0
2
1
1
3
0
1
0
2
0
2
3
2
1
0
1
1
1
2
2
0
1
2
2
2
1
1
0
0
0
1
1
0
0
1
1
2
1
0
0
1
0
1
0
2
3
0
0
0
1
1
1
2
0
0
0
1
1
0
1
2
1
0
0
0
2
2
1
2
1
1
1
1
1
0
1
0
2
0
1
0
0
0
1
2
0
2
4
1
1
3
1
2
2
1
2
1
1
4
1
1
0
2
0
4
1
1
0
1
2
1
1
1
3
1
1
0
4
0
1
0
0
2
3
2
1
5
2
1
3
2
1
4
1
0
1
3
4
3
1
1
0
0
0
0
1
1
0
2
2
0
1
2
0
3
0
0
2
2
2
1
1
2
0
1
1
0
2
1
1
2
0
1
1
3
1
1
1
1
0
1
1
1
0
0
2
1
1
3
2
1
1
1
0
0
1
2
0
0
2
1
4
1
0
1
1
1
2
2
0
0
0
0
0
0
3
1
1
0
0
0
1
1
0
1
2
2
4
2
0
2
0
1
2
0
1
0
2
2186
2186
2186
2186
2186
2186
2186
2186
2186
2186
2186
2186
2186
2186
2186
2186
2186
2186
2186
2186
2186
2186
2186
2186
2186
2186
2186
2186
2186
2186
2186
2186
2186
2186
2186
2186
2186
2186
2186
2186
2186
2186
2186
2186
2186
2186
2186
2186
2186
2186
2186
2186
2186
2186
2186
2186
2186
2186
2186
2186
2186
2186
2186
2186
2186
2186
2186
2186
2186
2186
2186
2186
2186
2186
2186
2186
2186
2186
2186
2186
2186
2186
2186
2186
2186
2186
2186
2186
2186
2186
2186
2186
2186
2186
2186
2186
2186
2186
2186
2186
2186
2186
2186
2186
2186
2186
2186
2186
2186
2186
2186
2186
2186
2186
2186
2186
2186
2186
2186
2186
2186
2186
2186
2186
2186
2186
2186
2186
2186
2186
2186
2186
2186
2186
2186
2186
2186
2186
2186
2186
2186
2186
2186
2186
2186
2186
2186
2186
2186
2186
2186
2186
2186
2186
2186
2186
2186
2186
2186
2186
2186
2186
2186
2186
2186
2186
2186
2186
2186
2186
2186
2186
2186
2186
2186
2186
2186
2186
2186
2186
2186
2186
2186
2186
2186
2186
2186
2186
2186
2186
2186
2186
2186
2186
2186
2186
2186
2186
2186
2186
2186
2186
2186
2186
2186
2186
2186
2186
2186
2186
2186
2186
2186
2186
2186
2186
2186
2186
2186
2186
2186
2186
2186
2186
2186
2186
2186
2186
2186
2186
2186
2186
2186
2186
2186
2186
2186
2186
2186
2186
2186
2186
2186
2186
2186
2186
2186
2186
2186
2186
2186
2186
2186
2186
2186
2186
2186
2186
2186
2186
2186
2186
2186
2186
2186
2186
2186
2186
2186
2186
2186
2186
2186
2186
2186
2186
2186
2186
2186
2186
2186
2186
2186
2186
2186
2186
2186
2186
2186
2186
2186
2186
2186
2186
2186
2186
2186
2186
2186
2186
2186
2186
2186
2186
2186
2186
2186
2186
2186
2186
2186
2186
2186
2186
2186
2186
2186
2186
2186
2186
2186
2186
2186
2186
2186
2186
2186
2186
2186
2186
2186
2186
2186
2186
2186
2186
2186
2186
2186
2186
2186
2186
2186
2186
2186
2186
2186
2186
2186
2186
2186
2186
2186
2186
2186
2186
2186
2186
2186
2186
2186
2186
2186
2186
2186
2186
2186
2186
2186
2186
2186
2186
2186
2186
2186
2186
2186
2186
2186
2186
2186
2186
2186
2186
2186
2186
2186
2186
2186
2186
2186
2186
2186
2186
2186
2186
2186
2186
2186
2186
2186
2186
2186
2186
2186
2186
2186
2186
2186
2186
2186
2186
2186
2186
2186
2186
2186
2186
2186
2186
2186
2186
2186
2186
2186
2186
2186
2186
2186
2186
2186
2186
2186
2186
2186
2186
2186
2186
2186
2186
2186
2186
2186
2186
2186
2186
2186
2186
2186
2186
2186
2186
2186
2186
2186
2186
2186
2186
2186
2186
2186
2186
2186
2186
2186
2186
2186
2186
2186
2186
2186
2186
2186
2186
2186
2186
2186
2186
2186
2186
2186
2186
2186
2186
2186
2186
2186
2186
2186
2186
2186
2186
2186
2186
2186
2186
2186
2186
2186
2186
2186
2186
2186
2186
2186
2186
2186
2186
2186
2186
2186
2186
2186
2186
2186
2186
2186
2186
2186
2186
2186
2186
2186
2186
2186
2186
2186
2186
2186
2186
2186
2186
2186
2186
2186
2186
2186
2186
2186
2186
2186
2186
2186
2186
2186
2186
2186
2186
2186
2186
2186
2186
2186
2186
2186
2186
2186
2186
2186
2186
2186
2186
2186
2186
2186
2186
2186
2186
2186
2186
2186
2186
2186
2186
2186
2186
2186
2186
2186
2186
2186
2186
2186
2186
2186
2186
2186
2186
2186
2186
2186
2186
2186
2186
2186
2186
2186
2186
2186
2186
2186
2186
2186
2186
2186
2186
2186
2186
2186
2186
2186
2186
2186
2186
2186
2186
2186
2186
2186
2186
2186
2186
2186
2186
2186
2186
2186
2186
2186
2186
2186
2186
2186
2186
2186
2186
2186
2186
2186
2186
2186
2186
2186
2186
2186
2186
2186
2186
2186
2186
2186
2186
2186
2186
2186
2186
2186
2186
2186
2186
2186
2186
2186
2186
2186
2186
2186
2186
2186
2186
2186
2186
2186
2186
2186
2186
2186
2186
2186
2186
2186
2186
2186
2186
2186
2186
2186
2186
2186
2186
2186
2186
2186
2186
2186
2186
2186
2186
2186
2186
2186
2186
2186
2186
2186
2186
2186
2186
2186
2186
2186
2186
2186
2186
2186
2186
2186
2186
2186
2186
2186
2186
2186
2186
2186
2186
2186
2186
2186
2186
2186
2186
2186
2186
2186
2186
2186
2186
2186
2186
2186
2186
2186
2186
2186
2186
2186
2186
2186
2186
2186
2186
2186
2186
2186
2186
2186
2186
2186
2186
2186
2186
2186
2186
2186
2186
2186
2186
2186
2186
2186
2186
2186
2186
2186
2186
2186
2186
2186
2186
2186
2186
2186
2186
2186
2186
2186
2186
2186
2186
2186
2186
2186
2186
2186
2186
2186
2186
2186
2186
2186
2186
2186
2186
2186
2186
2186
2186
2186
2186
2186
2186
2186
2186
2186
2186
2186
2186
2186
2186
2186
2186
2186
2186
2186
2186
2186
2186
2186
2186
2186
2186
2186
2186
2186
2186
2186
2186
2186
2186
2186
2186
2186
2186
2186
2186
2186
2186
2186
2186
2186
2186
2186
2186
2186
2186
2186
2186
2186
2186
2186
2186
2186
2186
2186
2186
2186
2186
2186
2186
2186
2186
2186
2186
2186
2186
2186
2186
2186
2186
2186
2186
2186
2186
2186
2186
2186
2186
2186
2186
2186
2186
2186
2186
2186
2186
2186
2186
2186
2186
2186
2186
2186
2186
2186
2186
2186
2186
2186
2186
2186
2186
2186
2186
2186
2186
2186
2186
2186
2186
2186
2186
2186
2186
2186
2186
2186
2186
2186
2186
2186
2186
2186
2186
2186
2186
2186
2186
2186
2186
2186
2186
2186
2186
2186
2186
2186
2186
2186
2186
2186
2186
2186
2186
2186
2186
2186
2186
2186
2186
2186
2186
2186
2186
2186
2186
2186
2186
2186
2186
2186
2186
2186
2186
2186
2186
2186
2186
2186
2186
2186
2186
2186
2186
2186
2186
2186
2186
2186
2186
2186
2186
2186
2186
2186
2186
2186
2186
2186
2186
2186
2186
2186
2186
2186
2186
2186
2186
2186
2186
2186
2186
2186
2186
2186
2186
2186
2186
2186
2186
2186
2186
2186
2186
2186
2186
2186
2186
2186
2186
2186
2186
2186
2186
2186
2186
2186
2186
2186
2186
2186
2186
2186
2186
2186
2186
2186
2186
2186
2186
2186
2186
2186
2186
2186
2186
2186
2186
2186
2186
2186
2186
2186
2186
2186
2186
2186
2186
2186
2186
2186
2186
2186
2186
2186
2186
2186
2186
2186
2186
2186
2186
2186
2186
2186
2186
2186
2186
2186
2186
2186
2186
2186
2186
2186
2186
2186
2186
2186
2186
2186
2186
2186
2186
2186
2186
2186
2186
2186
2186
2186
2186
2186
2186
2186
2186
2186
2186
2186
2186
2186
2186
2186
2186
2186
2186
2186
2186
2186
2186
2186
2186
2186
2186
2186
2186
2186
2186
2186
2186
2186
2186
2186
2186
2186
2186
2186
2186
2186
2186
2186
2186
2186
2186
2186
2186
2186
2186
2186
2186
2186
2186
2186
2186
2186
2186
2186
2186
2186
2186
2186
2186
2186
2186
2186
2186
2186
2186
2186
2186
2186
2186
2186
2186
2186
2186
2186
2186
2186
2186
2186
2186
2186
2186
2186
2186
2186
2186
2186
2186
2186
2186
2186
2186
2186
2186
2186
2186
2186
2186
2186
2186
2186
2186
2186
2186
2186
2186
2186
2186
2186
2186
2186
2186
2186
2186
2186
2186
2186
2186
2186
2186
2186
2186
2186
2186
2186
2186
2186
2186
2186
2186
2186
2186
2186
2186
2186
2186
2186
2186
2186
2186
2186
2186
2186
2186
2186
2186
2186
2186
2186
2186
2186
2186
2186
2186
2186
2186
2186
2186
2186
2186
2186
2186
2186
2186
2186
2186
2186
2186
2186
2186
2186
2186
2186
2186
2186
2186
2186
2186
2186
2186
2186
2186
2186
2186
2186
2186
2186
2186
2186
2186
2186
2186
2186
2186
2186
2186
2186
2186
2186
2186
2186
2186
2186
2186
2186
2186
2186
2186
2186
2186
2186
2186
2186
2186
2186
2186
2186
2186
2186
2186
2186
2186
2186
2186
2186
2186
2186
2186
2186
2186
2186
2186
2186
2186
2186
2186
2186
2186
2186
2186
2186
2186
2186
2186
2186
2186
2186
2186
2186
2186
2186
2186
2186
2186
2186
2186
2186
2186
2186
2186
2186
2186
2186
2186
2186
2186
2186
2186
2186
2186
2186
2186
2186
2186
2186
2186
2186
2186
2186
2186
2186
2186
2186
2186
2186
2186
2186
2186
2186
2186
2186
2186
2186
2186
2186
2186
2186
2186
2186
2186
2186
2186
2186
2186
2186
2186
2186
2186
2186
2186
2186
2186
2186
2186
2186
2186
2186
2186
2186
2186
2186
2186
2186
2186
2186
2186
2186
2186
2186
2186
2186
2186
2186
2186
2186
2186
2186
2186
2186
2186
2186
2186
2186
2186
2186
2186
2186
2186
2186
2186
2186
2186
2186
2186
2186
2186
2186
2186
2186
2186
2186
2186
2186
2186
2186
2186
2186
2186
2186
2186
2186
2186
2186
2186
2186
2186
2186
2186
2186
2186
2186
2186
2186
2186
2186
2186
2186
2186
2186
2186
2186
2186
2186
2186
2186
2186
2186
2186
2186
2186
2186
2186
2186
2186
2186
2186
2186
2186
2186
2186
2186
2186
2186
2186
2186
2186
2186
2186
2186
2186
2186
2186
2186
2186
2186
2186
2186
2186
2186
2186
2186
2186
2186
2186
2186
2186
2186
2186
2186
2186
2186
2186
2186
2186
2186
2186
2186
2186
2186
2186
2186
2186
2186
2186
2186
2186
2186
2186
2186
2186
2186
2186
2186
2186
2186
2186
2186
2186
2186
2186
2186
2186
2186
2186
2186
2186
2186
2186
2186
2186
2186
2186
2186
2186
2186
2186
2186
2186
2186
2186
2186
2186
2186
2186
2186
2186
2186
2186
2186
2186
2186
2186
2186
2186
2186
2186
2186
2186
2186
2186
2186
2186
2186
2186
2186
2186
2186
2186
2186
2186
2186
2186
2186
2186
2186
2186
2186
2186
2186
2186
2186
2186
2186
2186
2186
2186
2186
2186
2186
2186
2186
2186
2186
2186
2186
2186
2186
2186
2186
2186
2186
2186
2186
2186
2186
2186
2186
2186
2186
2186
2186
2186
2186
2186
2186
2186
2186
2186
2186
2186
2186
2186
2186
2186
2186
2186
2186
2186
2186
2186
2186
2186
2186
2186
2186
2186
2186
2186
2186
2186
2186
2186
2186
2186
2186
2186
2186
2186
2186
2186
2186
2186
2186
2186
2186
2186
2186
2186
2186
2186
2186
2186
2186
2186
2186
2186
2186
2186
2186
2186
2186
2186
2186
2186
2186
2186
2186
2186
2186
2186
2186
2186
2186
2186
2186
2186
2186
2186
2186
2186
2186
2186
2186
2186
2186
2186
2186
2186
2186
2186
2186
2186
2186
2186
2186
2186
2186
2186
2186
2186
2186
2186
2186
2186
2186
2186
2186
2186
2186
2186
2186
2186
2186
2186
2186
2186
2186
2186
2186
2186
2186
2186
2186
2186
2186
2186
2186
2186
2186
2186
2186
2186
2186
2186
2186
2186
2186
2186
2186
2186
2186
2186
2186
2186
2186
2186
2186
2186
2186
2186
2186
2186
2186
2186
2186
2186
2186
2186
2186
2186
2186
2186
2186
2186
2186
2186
2186
2186
2186
2186
2186
2186
2186
2186
2186
2186
2186
2186
2186
2186
2186
2186
2186
2186
2186
2186
2186
2186
2186
2186
2186
2186
2186
2186
2186
2186
2186
2186
2186
2186
2186
2186
2186
2186
2186
2186
2186
2186
2186
2186
2186
2186
2186
2186
2186
2186
2186
2186
2186
2186
2186
2186
2186
2186
2186
2186
2186
2186
2186
2186
2186
2186
2186
2186
2186
2186
2186
2186
2186
2186
2186
2186
2186
2186
2186
2186
2186
2186
2186
2186
2186
2186
2186
2186
2186
2186
2186
2186
2186
2186
2186
2186
2186
2186
2186
2186
2186
2186
2186
2186
2186
2186
2186
2186
2186
2186
2186
2186
2186
2186
2186
2186
2186
2186
2186
2186
2186
2186
2186
2186
2186
2186
2186
2186
2186
2186
2186
2186
2186
2186
2186
2186
2186
2186
2186
2186
2186
2186
2186
2186
2186
2186
2186
2186
2186
2186
2186
2186
2186
2186
2186
2186
2186
2186
2186
2186
2186
2186
2186
2186
2186
2186
2186
2186
2186
2186
2186
2186
2186
2186
2186
2186
2186
2186
2186
2186
2186
2186
2186
2186
2186
2186
2186
2186
2186
2186
2186
2186
2186
2186
2186
2186
2186
2186
2186
2186
2186
2186
2186
2186
2186
2186
2186
2186
2186
2186
2186
2186
2186
2186
2186
2186
2186
2186
2186
2186
2186
2186
2186
2186
2186
2186
2186
2186
2186
2186
2186
2186
2186
2186
2186
2186
2186
2186
2186
2186
2186
2186
2186
2186
2186
2186
2186
2186
2186
2186
2186
2186
2186
2186
2186
2186
2186
2186
2186
2186
2186
2186
2186
2186
2186
2186
2186
2186
2186
2186
2186
2186
2186
2186
2186
2186
2186
2186
2186
2186
2186
2186
2186
2186
2186
2186
2186
2186
2186
2186
2186
2186
2186
2186
2186
2186
2186
2186
2186
2186
2186
2186
2186
2186
2186
2186
2186
2186
2186
2186
2186
2186
2186
2186
2186
2186
2186
2186
2186
2186
2186
2186
2186
2186
2186
2186
2186
2186
2186
2186
2186
2186
2186
2186
2186
2186
2186
2186
2186
2186
2186
2186
2186
2186
2186
2186
2186
2186
2186
2186
2186
2186
2186
2186
2186
2186
2186
2186
2186
2186
2186
2186
2186
2186
2186
2186
2186
2186
2186
2186
2186
2186
2186
2186
2186
2186
2186
2186
2186
2186
2186
2186
2186
2186
2186
2186
2186
2186
2186
2186
2186
2186
2186
2186
2186
2186
2186
2186
2186
2186
2186
2186
2186
2186
2186
2186
2186
2186
2186
2186
2186
2186
2186
2186
2186
2186
2186
2186
2186
2186
2186
2186
2186
2186
2186
2186
2186
2186
2186
2186
2186
2186
2186
2186
2186
2186
2186
2186
2186
2186
2186
2186
2186
2186
2186
2186
2186
2186
2186
2186
2186
2186
2186
2186
2186
2186
2186
2186
2186
2186
2186
2186
2186
2186
2186
2186
2186
2186
2186
2186
2186
2186
2186
2186
2186
2186
2186
2186
2186
2186
2186
2186
2186
2186
2186
2186
2186
2186
2186
2186
2186
2186
2186
2186
2186
2186
2186
2186
2186
2186
2186
2186
2186
2186
2186
2186
2186
2186
2186
2186
2186
2186
2186
2186
2186
2186
2186
2186
2186
2186
2186
2186
2186
2186
2186
2186
2186
2186
2186
2186
2186
2186
2186
2186
2186
2186
2186
2186
2186
2186
2186
2186
2186
2186
2186
2186
2186
2186
2186
2186
2186
2186
2186
2186
2186
2186
2186
2186
2186
2186
2186
2186
2186
2186
2186
2186
2186
2186
2186
2186
2186
2186
2186
2186
2186
2186
2186
2186
2186
2186
2186
2186
2186
2186
2186
2186
2186
2186
2186
2186
2186
2186
2186
2186
2186
2186
2186
2186
2186
2186
2186
2186
2186
2186
2186
2186
2186
2186
2186
2186
2186
2186
2186
2186
2186
2186
2186
2186
2186
2186
2186
2186
2186
2186
2186
2186
2186
2186
2186
2186
2186
2186
2186
2186
2186
2186
2186
2186
2186
2186
2186
2186
2186
2186
2186
2186
2186
2186
2186
2186
2186
2186
2186
2186
2186
2186
2186
2186
2186
2186
2186
2186
2186
2186
2186
2186
2186
2186
2186
2186
2186
2186
2186
2186
2186
2186
2186
2186
2186
2186
2186
2186
2186
2186
2186
2186
2186
2186
2186
2186
2186
2186
2186
2186
2186
2186
2186
2186
2186
2186
2186
2186
2186
2186
2186
2186
2186
2186
2186
2186
2186
2186
2186
2186
2186
2186
2186
2186
2186
2186
2186
2186
2186
2186
2186
2186
2186
2186
2186
2186
2186
2186
2186
2186
2186
2186
2186
2186
2186
2186
2186
2186
2186
2186
2186
2186
2186
2186
2186
2186
2186
2186
2186
2186
2186
2186
2186
2186
2186
2186
2186
2186
2186
2186
2186
2186
2186
2186
2186
2186
2186
2186
2186
2186
2186
2186
2186
2186
2186
2186
2186
2186
2186
2186
2186
2186
2186
2186
2186
2186
2186
2186
2186
2186
2186
2186
2186
2186
2186
2186
2186
2186
2186
2186
2186
2186
2186
2186
2186
2186
2186
2186
2186
2186
2186
2186
2186
2186
2186
2186
2186
2186
2186
2186
2186
2186
2186
2186
2186
2186
2186
2186
2186
2186
2186
2186
2186
2186
2186
2186
2186
2186
2186
2186
2186
2186
2186
2186
2186
2186
2186
2186
2186
2186
2186
2186
2186
2186
2186
2186
2186
2186
2186
2186
2186
2186
2186
2186
2186
2186
2186
2186
2186
2186
2186
2186
2186
2186
2186
2186
2186
2186
2186
2186
2186
2186
2186
2186
2186
2186
2186
2186
2186
2186
2186
2186
2186
2186
2186
2186
2186
2186
2186
2186
2186
2186
2186
2186
2186
2186
2186
2186
2186
2186
2186
2186
2186
2186
2186
2186
2186
2186
2186
2186
2186
2186
2186
2186
2186
2186
2186
2186
2186
2186
2186
2186
2186
2186
2186
2186
2186
2186
2186
2186
2186
2186
2186
2186
2186
2186
2186
2186
2186
2186
2186
2186
2186
2186
2186
2186
2186
2186
2186
2186
2186
2186
2186
2186
2186
2186
2186
2186
2186
2186
2186
2186
2186
2186
2186
2186
2186
2186
2186
2186
2186
2186
2186
2186
2186
2186
2186
2186
2186
2186
2186
2186
2186
2186
2186
2186
2186
2186
2186
2186
2186
2186
2186
2186
2186
2186
2186
2186
2186
2186
2186
2186
2186
2186
2186
2186
2186
2186
2186
2186
2186
2186
2186
2186
2186
2186
2186
2186
2186
2186
2186
2186
2186
2186
2186
2186
2186
2186
2186
2186
2186
2186
2186
2186
2186
2186
2186
2186
2186
2186
2186
2186
2186
2186
2186
2186
2186
2186
2186
2186
2186
2186
2186
2186
2186
2186
2186
2186
2186
2186
2186
2186
2186
2186
2186
2186
2186
2186
2186
2186
2186
2186
2186
2186
2186
2186
2186
2186
2186
2186
2186
2186
2186
2186
2186
2186
2186
2186
2186
2186
2186
2186
2186
2186
2186
2186
2186
2186
2186
2186
2186
2186
2186
2186
2186
2186
2186
2186
2186
2186
2186
2186
2186
2186
2186
2186
2186
2186
2186
2186
2186
2186
2186
2186
2186
2186
2186
2186
2186
2186
2186
2186
2186
2186
2186
2186
2186
2186
2186
2186
2186
2186
2186
2186
2186
2186
2186
2186
2186
2186
2186
2186
2186
2186
2186
2186
2186
2186
2186
2186
2186
2186
2186
2186
2186
2186
2186
2186
2186
2186
2186
2186
2186
2186
2186
2186
2186
2186
2186
2186
2186
2186
2186
2186
2186
2186
2186
2186
2186
2186
2186
2186
2186
2186
2186
2186
2186
2186
2186
2186
2186
2186
2186
2186
2186
2186
2186
2186
2186
2186
2186
2186
2186
2186
2186
2186
2186
2186
2186
2186
2186
2186
2186
2186
2186
2186
2186
2186
2186
2186
2186
2186
2186
2186
2186
2186
2186
2186
2186
2186
2186
2186
2186
2186
2186
2186
2186
2186
2186
2186
2186
2186
2186
2186
2186
2186
2186
2186
2186
2186
2186
2186
2186
2186
2186
2186
2186
2186
2186
2186
2186
2186
2186
2186
2186
2186
2186
2186
2186
2186
2186
2186
2186
2186
2186
2186
2186
2186
2186
2186
2186
2186
2186
2186
2186
2186
2186
2186
2186
2186
2186
2186
2186
2186
2186
2186
2186
2186
2186
2186
2186
2186
2186
2186
2186
2186
2186
2186
2186
2186
2186
2186
2186
2186
2186
2186
2186
2186
2186
2186
2186
2186
2186
2186
2186
2186
2186
2186
2186
2186
2186
2186
2186
2186
2186
2186
2186
2186
2186
2186
2186
2186
2186
2186
2186
2186
2186
2186
2186
2186
2186
2186
2186
2186
2186
2186
2186
2186
2186
2186
2186
2186
2186
2186
2186
2186
2186
2186
2186
2186
2186
2186
2186
2186
2186
2186
2186
2186
2186
2186
2186
2186
2186
2186
2186
2186
2186
2186
2186
2186
2186
2186
2186
2186
2186
2186
2186
2186
2186
2186
2186
2186
2186
2186
2186
2186
2186
2186
2186
2186
2186
2186
2186
2186
2186
2186
2186
2186
2186
2186
2186
2186
2186
2186
2186
2186
2186
2186
2186
2186
2186
2186
2186
2186
2186
2186
2186
2186
2186
2186
2186
2186
2186
2186
2186
2186
2186
2186
2186
2186
2186
2186
2186
2186
2186
2186
2186
2186
2186
2186
2186
2186
2186
2186
2186
2186
2186
2186
2186
2186
2186
2186
2186
2186
2186
2186
2186
2186
2186
2186
2186
2186
2186
2186
2186
2186
2186
2186
2186
2186
2186
2186
2186
2186
2186
2186
2186
2186
2186
2186
2186
2186
2186
2186
2186
2186
2186
2186
2186
2186
2186
2186
2186
2186
2186
2186
2186
2186
2186
2186
2186
2186
2186
2186
2186
2186
2186
2186
2186
2186
2186
2186
2186
2186
2186
2186
2186
2186
2186
2186
2186
2186
2186
2186
2186
2186
2186
2186
2186
2186
2186
2186
2186
2186
2186
2186
2186
2186
2186
2186
2186
2186
2186
2186
2186
2186
2186
2186
2186
2186
2186
2186
2186
2186
2186
2186
2186
2186
2186
2186
2186
2186
2186
2186
2186
2186
2186
2186
2186
2186
2186
2186
2186
2186
2186
2186
2186
2186
2186
2186
2186
2186
2186
2186
2186
2186
2186
2186
2186
2186
2186
2186
2186
2186
2186
2186
2186
2186
2186
2186
2186
2186
2186
2186
2186
2186
2186
2186
2186
2186
2186
2186
2186
2186
2186
2186
2186
2186
2186
2186
2186
2186
2186
2186
2186
2186
2186
2186
2186
2186
2186
2186
2186
2186
2186
2186
2186
2186
2186
2186
2186
2186
2186
2186
2186
2186
2186
2186
2186
2186
2186
2186
2186
2186
2186
2186
2186
2186
2186
2186
2186
2186
2186
2186
2186
2186
2186
2186
2186
2186
2186
2186
2186
2186
2186
2186
2186
2186
2186
2186
2186
2186
2186
2186
2186
2186
2186
2186
2186
2186
2186
2186
2186
2186
2186
2186
2186
2186
2186
2186
2186
2186
2186
2186
2186
2186
2186
2186
2186
2186
2186
2186
2186
2186
2186
2186
2186
2186
2186
2186
2186
2186
2186
2186
2186
2186
2186
2186
2186
2186
2186
2186
2186
2186
2186
2186
2186
2186
2186
2186
2186
2186
2186
2186
2186
2186
2186
2186
2186
2186
2186
2186
2186
2186
2186
2186
2186
2186
2186
2186
2186
2186
2186
2186
2186
2186
2186
2186
2186
2186
2186
2186
2186
2186
2186
2186
2186
2186
2186
2186
2186
2186
2186
2186
2186
2186
2186
2186
2186
2186
2186
2186
2186
2186
2186
2186
2186
2186
2186
2186
2186
2186
2186
2186
2186
2186
2186
2186
2186
2186
2186
2186
2186
2186
2186
2186
2186
2186
2186
2186
2186
2186
2186
2186
2186
2186
2186
2186
2186
2186
2186
2186
2186
2186
2186
2186
2186
2186
2186
2186
2186
2186
2186
2186
2186
2186
2186
2186
2186
2186
2186
2186
2186
2186
2186
2186
2186
2186
2186
2186
2186
2186
2186
2186
2186
2186
2186
2186
2186
2186
2186
2186
2186
2186
2186
2186
2186
2186
2186
2186
2186
2186
2186
2186
2186
2186
2186
2186
2186
2186
2186
2186
2186
2186
2186
2186
2186
2186
2186
2186
2186
2186
2186
2186
2186
2186
2186
2186
2186
2186
2186
2186
2186
2186
2186
2186
2186
2186
2186
2186
2186
2186
2186
2186
2186
2186
2186
2186
2186
2186
2186
2186
2186
2186
2186
2186
2186
2186
2186
2186
2186
2186
2186
2186
2186
2186
2186
2186
2186
2186
2186
2186
2186
2186
2186
2186
2186
2186
2186
2186
2186
2186
2186
2186
2186
2186
2186
2186
2186
2186
2186
2186
2186
2186
2186
2186
2186
2186
2186
2186
2186
2186
2186
2186
2186
2186
2186
2186
2186
2186
2186
2186
2186
2186
2186
2186
2186
2186
2186
2186
2186
2186
2186
2186
2186
2186
2186
2186
2186
2186
2186
2186
2186
2186
2186
2186
2186
2186
2186
2186
2186
2186
2186
2186
2186
2186
2186
2186
2186
2186
2186
2186
2186
2186
2186
2186
2186
2186
2186
2186
2186
2186
2186
2186
2186
2186
2186
2186
2186
2186
2186
2186
2186
2186
2186
2186
2186
2186
2186
2186
2186
2186
2186
2186
2186
2186
2186
2186
2186
2186
2186
2186
2186
2186
2186
2186
2186
2186
2186
2186
2186
2186
2186
2186
2186
2186
2186
2186
2186
2186
2186
2186
2186
2186
2186
2186
2186
2186
2186
2186
2186
2186
2186
2186
2186
2186
2186
2186
2186
2186
2186
2186
2186
2186
2186
2186
2186
2186
2186
2186
2186
2186
2186
2186
2186
2186
2186
2186
2186
2186
2186
2186
2186
2186
2186
2186
2186
2186
2186
2186
2186
2186
2186
2186
2186
2186
2186
2186
2186
2186
2186
2186
2186
2186
2186
2186
2186
2186
2186
2186
2186
2186
2186
2186
2186
2186
2186
2186
2186
2186
2186
2186
2186
2186
2186
2186
2186
2186
2186
2186
2186
2186
2186
2186
2186
2186
2186
2186
2186
2186
2186
2186
2186
2186
2186
2186
2186
2186
2186
2186
2186
2186
2186
2186
2186
2186
2186
2186
2186
2186
2186
2186
2186
2186
2186
2186
2186
2186
2186
2186
2186
2186
2186
2186
2186
2186
2186
2186
2186
2186
2186
2186
2186
2186
2186
2186
2186
2186
2186
2186
2186
2186
2186
2186
2186
2186
2186
2186
2186
2186
2186
2186
2186
2186
2186
2186
2186
2186
2186
2186
2186
2186
2186
2186
2186
2186
2186
2186
2186
2186
2186
2186
2186
2186
2186
2186
2186
2186
2186
2186
2186
2186
2186
2186
2186
2186
2186
2186
2186
2186
2186
2186
2186
2186
2186
2186
2186
2186
2186
2186
2186
2186
2186
2186
2186
2186
2186
2186
2186
2186
2186
2186
2186
2186
2186
2186
2186
2186
2186
2186
2186
2186
2186
2186
2186
2186
2186
2186
2186
2186
2186
2186
2186
2186
2186
2186
2186
2186
2186
2186
2186
2186
2186
2186
2186
2186
2186
2186
2186
2186
2186
2186
2186
2186
2186
2186
2186
2186
2186
2186
2186
2186
2186
2186
2186
2186
2186
2186
2186
2186
2186
2186
2186
2186
2186
2186
2186
2186
2186
2186
2186
2186
2186
2186
2186
2186
2186
2186
2186
2186
2186
2186
2186
2186
2186
2186
2186
2186
2186
2186
2186
2186
2186
2186
2186
2186
2186
2186
2186
2186
2186
2186
2186
2186
2186
2186
2186
2186
2186
2186
2186
2186
2186
2186
2186
2186
2186
2186
2186
2186
2186
2186
2186
2186
2186
2186
2186
2186
2186
2186
2186
2186
2186
2186
2186
2186
2186
2186
2186
2186
2186
2186
2186
2186
2186
2186
2186
2186
2186
2186
2186
2186
2186
2186
2186
2186
2186
2186
2186
2186
2186
2186
2186
2186
2186
2186
2186
2186
2186
2186
2186
2186
2186
2186
2186
2186
2186
2186
2186
2186
2186
2186
2186
2186
2186
2186
2186
2186
2186
2186
2186
2186
2186
2186
2186
2186
2186
2186
2186
2186
2186
2186
2186
2186
2186
2186
2186
2186
2186
2186
2186
2186
2186
2186
2186
2186
2186
2186
2186
2186
2186
2186
2186
2186
2186
2186
2186
2186
2186
2186
2186
2186
2186
2186
2186
2186
2186
2186
2186
2186
2186
2186
2186
2186
2186
2186
2186
2186
2186
2186
2186
2186
2186
2186
2186
2186
2186
2186
2186
2186
2186
2186
2186
2186
2186
2186
2186
2186
2186
2186
2186
2186
2186
2186
2186
2186
2186
2186
2186
2186
2186
2186
2186
2186
2186
2186
2186
2186
2186
2186
2186
2186
2186
2186
2186
2186
2186
2186
2186
2186
2186
2186
2186
2186
2186
2186
2186
2186
2186
2186
2186
2186
2186
2186
2186
2186
2186
2186
2186
2186
2186
2186
2186
2186
2186
2186
2186
2186
2186
2186
2186
2186
2186
2186
2186
2186
2186
2186
2186
2186
2186
2186
2186
2186
2186
2186
2186
2186
2186
2186
2186
2186
2186
2186
2186
2186
2186
2186
2186
2186
2186
2186
2186
2186
2186
2186
2186
2186
2186
2186
2186
2186
2186
2186
2186
2186
2186
2186
2186
2186
2186
2186
2186
2186
2186
2186
2186
2186
2186
2186
2186
2186
2186
2186
2186
2186
2186
2186
2186
2186
2186
2186
2186
2186
2186
2186
2186
2186
2186
2186
2186
2186
2186
2186
2186
2186
2186
2186
2186
2186
2186
2186
2186
2186
2186
2186
2186
2186
2186
2186
2186
2186
2186
2186
2186
2186
2186
2186
2186
2186
2186
2186
2186
2186
2186
2186
2186
2186
2186
2186
2186
2186
2186
2186
2186
2186
2186
2186
2186
2186
2186
2186
2186
2186
2186
2186
2186
2186
2186
2186
2186
2186
2186
2186
2186
2186
2186
2186
2186
2186
2186
2186
2186
2186
2186
2186
2186
2186
2186
2186
2186
2186
2186
2186
2186
2186
2186
2186
2186
2186
2186
2186
2186
2186
2186
2186
2186
2186
2186
2186
2186
2186
2186
2186
2186
2186
2186
2186
2186
2186
2186
2186
2186
2186
2186
2186
2186
2186
2186
2186
2186
2186
2186
2186
2186
2186
2186
2186
2186
2186
2186
2186
2186
2186
2186
2186
2186
2186
2186
2186
2186
2186
2186
2186
2186
2186
2186
2186
2186
2186
2186
2186
2186
2186
2186
2186
2186
2186
2186
2186
2186
2186
2186
2186
2186
2186
2186
2186
2186
2186
2186
2186
2186
2186
2186
2186
2186
2186
2186
2186
2186
2186
2186
2186
2186
2186
2186
2186
2186
2186
2186
2186
2186
2186
2186
2186
2186
2186
2186
2186
2186
2186
2186
2186
2186
2186
2186
2186
2186
2186
2186
2186
2186
2186
2186
2186
2186
2186
2186
2186
2186
2186
2186
2186
2186
2186
2186
2186
2186
2186
2186
2186
2186
2186
2186
2186
2186
2186
2186
2186
2186
2186
2186
2186
2186
2186
2186
2186
2186
2186
2186
2186
2186
2186
2186
2186
2186
2186
2186
2186
2186
2186
2186
2186
2186
2186
2186
2186
2186
2186
2186
2186
2186
2186
2186
2186
2186
2186
2186
2186
2186
2186
2186
2186
2186
2186
2186
2186
2186
2186
2186
2186
2186
2186
2186
2186
2186
2186
2186
2186
2186
2186
2186
2186
2186
2186
2186
2186
2186
2186
2186
2186
2186
2186
2186
2186
2186
2186
2186
2186
2186
2186
2186
2186
2186
2186
2186
2186
2186
2186
2186
2186
2186
2186
2186
2186
2186
2186
2186
2186
2186
2186
2186
2186
2186
2186
2186
2186
2186
2186
2186
2186
2186
2186
2186
2186
2186
2186
2186
2186
2186
2186
2186
2186
2186
2186
2186
2186
2186
2186
2186
2186
2186
2186
2186
2186
2186
2186
2186
2186
2186
2186
2186
2186
2186
2186
2186
2186
2186
2186
2186
2186
2186
2186
2186
2186
2186
