0
0
0
0
0
0
0
0
0
0
0
0
0
0
0
0
0
0
0
0
0
0
0
0
0
0
0
0
0
697
3069
3441
3667
4451
4780
5424
6361
7447
9078
11371
27078
294433
375702
162205
57990
17116
7613
6000
5441
4654
3893
3430
3007
2640
2488
2355
2262
2126
2223
2154
2205
2346
2255
2141
2069
2063
2067
2143
2118
2155
2166
2222
2193
2230
2287
2353
2380
2331
2262
2329
2294
2346
2287
2454
2360
2418
2373
2413
2396
2405
2342
2463
2417
2355
2440
2411
2367
2345
2414
2453
2379
2390
2468
2389
2400
2347
2287
2352
2274
2360
2321
2298
2379
2374
2752
4191
4234
3100
2534
2414
2151
2214
2150
2098
2128
2153
2078
2060
1967
2086
1983
1974
2035
2070
2072
2003
2047
1942
1963
2000
1989
1921
2053
2069
2060
2004
2045
2084
2122
2049
2071
2040
2030
2026
2056
2096
1940
1958
1903
1923
1910
1839
1927
1919
1813
1824
1787
1807
1695
1751
1803
1703
1632
1665
1704
1707
1562
1717
2043
2571
2057
1743
1572
1498
1560
1507
1461
1417
1457
1430
1416
1439
1419
1436
1449
1373
1392
1330
1309
1295
1300
1283
1291
1242
1337
1217
1224
1207
1151
1193
1238
1350
1201
1115
1140
1114
1057
1110
1098
1070
1081
1086
1004
1081
1037
1009
1022
963
1025
1022
1004
953
955
950
977
976
1019
991
947
925
952
965
902
862
889
836
867
890
885
807
818
817
823
834
801
827
817
792
806
799
783
844
847
912
800
814
738
742
764
724
749
721
705
763
727
810
779
747
748
699
677
714
704
669
604
650
688
673
650
685
757
679
722
965
1161
984
747
739
742
766
769
776
743
723
722
735
747
737
743
760
790
814
866
1182
3357
6400
4578
2417
1552
1030
825
748
692
892
2036
2483
1528
1010
849
711
559
570
551
527
537
499
536
483
522
546
612
562
522
543
545
624
651
679
671
956
1022
902
948
2288
3702
2565
1355
981
666
583
530
633
1009
1048
722
573
511
477
594
1075
1354
1086
1116
926
637
499
463
421
381
396
393
359
367
395
371
368
351
369
328
338
341
348
396
356
338
377
336
350
333
355
348
405
427
427
446
362
337
379
367
344
375
353
355
324
437
441
421
420
380
394
354
367
388
370
361
382
377
371
350
388
706
896
673
477
437
455
665
583
482
517
538
524
454
419
373
363
391
361
329
315
304
296
330
281
295
271
297
301
331
276
322
316
265
311
303
290
317
324
326
325
305
324
305
298
317
295
295
317
255
325
286
304
305
288
276
274
296
320
270
301
288
279
301
267
312
300
288
330
353
419
823
1289
996
592
475
348
356
347
284
289
333
378
363
337
352
332
272
267
256
243
271
242
242
249
245
243
236
236
239
255
256
245
222
249
264
228
264
258
246
257
253
254
238
241
234
231
242
221
314
322
404
451
344
319
258
237
267
260
272
240
286
254
265
239
238
251
288
242
282
304
361
359
306
273
242
248
214
246
257
232
231
259
243
298
348
274
242
244
229
235
241
241
242
241
315
439
463
335
289
238
234
222
264
384
394
375
336
284
226
245
227
218
241
214
207
175
210
204
227
210
270
272
241
220
230
223
211
197
182
210
184
235
198
231
200
199
270
293
266
247
262
246
223
208
204
188
182
198
210
216
294
291
295
224
231
200
217
226
256
242
208
181
199
215
235
274
272
251
229
237
231
255
274
398
678
602
416
336
334
273
218
254
205
191
173
206
206
200
200
208
205
237
204
218
192
218
193
206
197
207
212
212
216
194
190
197
184
175
176
186
171
180
190
163
207
234
249
277
328
263
252
222
190
197
197
306
356
301
261
200
195
204
213
236
227
199
182
206
179
194
213
226
219
212
201
173
172
187
163
182
167
150
182
189
164
155
167
168
183
176
203
192
195
190
164
240
277
213
210
180
174
168
160
157
170
170
186
166
180
160
148
184
198
194
221
247
288
205
189
172
170
199
179
169
176
171
178
180
181
178
213
263
340
325
268
245
214
188
167
156
171
155
162
171
168
171
246
314
438
356
262
208
186
186
159
191
138
157
147
131
176
162
146
160
170
185
185
204
188
177
155
155
126
141
142
171
169
158
152
150
162
122
161
170
171
199
217
249
212
183
150
139
184
206
253
244
215
156
151
137
147
169
170
156
156
136
152
137
131
156
159
140
128
145
153
151
153
150
145
169
169
165
180
186
183
169
116
124
149
143
169
177
184
168
161
153
153
143
153
165
167
174
134
137
169
138
136
164
178
194
207
163
191
184
225
419
626
527
308
235
170
178
138
136
132
128
121
137
139
148
154
159
157
165
164
125
110
120
136
142
142
166
139
166
135
146
125
108
111
114
116
119
120
125
122
124
119
107
109
130
104
112
120
110
116
119
123
122
158
191
173
128
121
146
128
128
127
149
191
188
177
134
138
118
119
127
86
84
119
111
118
135
152
173
145
118
126
117
97
103
134
134
140
137
113
107
107
99
101
120
123
171
181
128
118
93
121
96
119
123
124
127
107
121
109
108
99
127
127
131
243
298
267
186
132
107
86
107
93
100
103
102
96
83
70
99
96
135
127
109
97
100
115
125
183
147
116
114
124
106
109
120
113
97
88
114
98
84
89
95
96
105
99
113
102
96
107
108
108
103
117
117
109
109
120
165
247
308
235
185
144
105
121
98
88
85
92
104
98
106
102
110
103
105
107
83
92
99
98
83
97
92
112
117
101
106
87
112
104
101
101
121
96
110
93
88
94
120
130
172
157
203
198
135
82
96
90
97
101
99
122
113
117
114
104
131
150
198
231
172
132
88
76
100
83
103
86
80
107
121
175
188
203
137
136
103
88
114
103
89
86
124
125
115
109
113
102
103
93
124
101
122
121
126
159
239
420
402
305
181
173
143
143
129
123
174
254
351
476
432
314
319
281
223
246
295
293
249
168
120
86
86
75
53
76
75
80
75
78
94
83
83
63
92
84
96
87
73
74
87
83
64
65
93
80
69
75
74
92
86
68
79
69
97
68
73
69
71
71
85
90
93
79
82
115
113
79
83
78
78
92
102
106
78
82
88
87
97
106
122
94
71
72
81
75
61
63
68
71
62
63
86
64
87
74
68
64
97
99
83
79
77
97
87
101
71
87
73
84
72
95
70
76
91
82
114
134
140
116
72
84
88
74
77
79
79
85
107
91
84
89
104
103
110
87
67
82
78
57
72
75
81
103
91
92
77
70
69
65
61
66
72
60
84
48
59
62
72
66
63
65
67
62
63
73
63
69
55
66
70
82
97
98
101
97
81
79
70
52
54
62
58
65
68
72
70
81
84
68
65
76
65
56
67
72
68
59
57
57
59
62
77
66
56
56
54
57
61
81
92
70
74
56
59
69
61
58
56
53
50
67
49
71
68
63
73
60
66
61
59
50
59
51
58
55
61
64
96
82
66
64
81
60
67
80
66
71
70
63
61
61
71
92
82
74
72
48
69
56
49
79
67
53
64
60
82
66
63
72
66
81
82
100
78
69
60
63
56
55
58
71
66
66
69
113
116
99
73
76
89
73
77
71
67
57
53
56
51
46
59
79
73
85
82
98
94
104
75
75
101
140
216
264
207
153
106
55
52
51
50
48
43
45
52
48
55
44
35
54
77
49
72
59
52
77
66
70
78
56
77
80
80
64
62
61
61
58
50
64
51
55
53
49
46
41
54
45
54
48
36
51
53
63
57
45
56
54
51
53
52
43
62
62
40
45
55
39
53
38
47
60
66
48
45
57
77
81
85
72
42
57
39
52
49
37
44
48
50
48
50
54
48
47
44
56
38
50
47
59
50
71
56
43
53
52
53
41
52
50
34
64
43
44
60
46
55
51
55
47
54
57
57
48
49
41
42
50
59
59
51
40
43
64
54
38
54
40
71
67
65
67
60
54
52
49
43
41
41
35
46
34
33
50
49
53
57
53
47
53
56
39
47
46
41
48
57
59
49
38
53
26
39
54
43
50
47
42
45
55
51
36
48
31
52
42
46
51
62
57
55
51
80
63
71
59
50
48
50
54
43
46
52
41
48
33
43
37
42
32
39
39
45
45
39
37
48
32
44
43
40
52
49
45
44
45
40
38
48
44
46
29
41
35
31
37
30
37
40
41
41
33
42
40
36
39
44
44
43
43
39
38
41
43
38
28
41
45
38
42
38
50
50
51
49
42
41
44
31
42
42
40
38
41
39
37
35
43
38
33
35
32
33
40
36
39
34
31
34
47
30
38
52
37
49
44
40
41
43
43
52
54
42
55
58
60
72
78
67
62
54
42
46
46
48
54
64
57
57
49
54
52
42
45
35
41
49
44
50
55
62
55
47
35
44
36
38
37
41
24
43
48
36
39
38
40
39
48
57
51
62
61
44
33
42
42
46
58
48
43
38
28
42
38
29
29
31
38
33
32
34
26
46
36
26
31
34
34
35
37
42
35
52
47
42
39
38
42
46
33
33
29
32
31
36
27
44
38
36
35
32
38
26
27
35
33
28
33
35
40
31
26
29
31
28
24
40
25
39
35
33
26
28
30
24
29
31
35
31
41
43
48
58
51
44
49
32
33
24
41
24
32
25
35
33
16
38
27
30
39
24
29
29
29
46
44
47
35
25
34
36
33
35
39
20
25
31
30
29
35
33
37
39
37
34
37
30
37
32
33
36
30
39
36
35
28
35
37
30
39
24
25
23
34
30
37
29
31
25
37
19
15
19
27
32
36
38
31
26
32
40
36
43
32
19
34
39
30
38
24
28
40
22
23
25
21
32
31
17
26
36
27
27
21
24
26
21
15
28
31
22
25
30
22
31
25
37
28
22
22
24
24
26
38
26
25
45
48
34
30
29
38
22
28
17
30
29
33
17
29
30
30
21
27
25
34
30
33
25
29
52
31
34
33
23
23
25
39
36
23
30
25
28
33
20
24
30
28
23
22
25
15
19
23
26
17
31
32
26
28
28
24
21
33
28
18
32
27
21
30
29
19
15
25
35
21
32
30
26
29
30
24
25
18
26
24
32
16
36
23
21
15
20
26
14
31
23
27
25
22
26
22
25
24
23
26
16
27
26
38
31
25
34
19
31
32
24
35
35
37
37
33
33
42
42
44
41
38
28
37
26
31
24
25
16
20
17
26
20
17
17
21
25
19
24
27
26
26
22
23
28
31
41
37
35
41
39
34
41
26
18
24
26
20
25
22
29
31
23
22
17
19
20
27
17
24
19
26
20
20
26
23
27
21
23
24
18
23
24
14
31
23
17
32
24
21
20
23
18
21
22
20
17
23
14
21
22
20
9
16
22
27
15
21
23
25
20
12
30
14
20
22
16
27
20
19
15
15
21
19
19
25
28
21
23
19
13
28
12
19
22
20
31
20
21
38
29
20
14
17
24
26
33
18
16
21
27
36
28
21
31
23
18
21
23
24
14
23
23
14
22
20
12
22
25
22
17
24
24
25
17
20
22
23
29
29
26
21
22
19
22
22
14
21
20
19
21
27
17
26
20
31
23
18
33
23
23
13
14
18
14
21
21
21
16
21
24
15
23
21
20
21
24
22
23
18
16
19
33
21
16
16
9
23
16
19
20
13
23
17
9
10
21
15
18
12
12
19
13
24
27
19
14
27
24
17
18
22
7
15
17
15
16
16
18
5
16
15
16
17
16
16
12
15
21
12
12
15
16
16
20
19
18
16
20
18
13
22
18
27
23
18
12
10
13
21
12
11
12
19
17
15
23
23
12
22
13
17
13
17
12
19
20
15
11
23
14
23
16
19
18
15
20
14
17
16
17
9
22
13
13
18
16
15
19
13
12
18
18
20
26
21
18
16
19
21
13
19
14
12
19
22
16
21
30
19
16
11
21
23
21
18
19
14
21
19
25
20
23
26
28
21
23
25
21
25
13
22
24
23
12
12
11
22
15
20
15
12
14
6
13
16
16
17
15
16
13
22
15
12
11
9
25
12
6
13
14
11
15
16
6
17
9
12
19
15
9
10
8
14
12
23
16
12
20
19
11
11
7
22
16
15
11
9
14
14
14
15
10
15
11
15
13
17
13
15
18
8
18
15
24
19
17
18
13
11
11
18
10
12
7
14
10
16
12
15
18
12
10
15
12
13
21
13
19
8
17
5
14
17
12
19
9
14
10
22
11
12
15
10
12
7
9
14
10
14
11
11
12
12
13
13
11
19
17
15
10
14
15
9
13
10
10
17
11
8
14
6
14
15
8
7
11
5
9
5
15
14
6
11
14
9
12
6
5
8
14
6
7
15
12
12
9
7
6
8
11
10
9
9
8
9
9
7
8
6
9
11
14
9
5
9
12
13
13
7
8
11
10
11
7
9
12
14
13
3
8
13
9
16
9
7
10
11
10
14
5
6
7
10
11
7
16
10
10
16
5
8
13
16
6
10
2
7
10
8
9
7
5
12
6
15
13
4
10
6
7
7
13
6
11
8
16
7
8
12
8
10
7
9
8
11
8
14
6
5
11
8
8
6
6
9
10
5
9
6
9
9
10
11
4
5
9
7
7
3
7
7
5
4
8
10
4
7
5
8
5
5
5
7
10
5
6
11
15
6
9
10
9
9
4
6
5
4
9
9
8
8
5
8
15
9
7
10
7
11
12
11
8
12
5
9
11
7
6
5
14
7
9
4
10
5
7
6
8
6
13
13
8
6
8
6
10
14
13
9
13
9
9
13
11
16
13
20
10
14
12
13
9
15
16
16
17
21
21
22
25
23
18
23
19
11
13
4
2
6
6
8
6
6
5
4
6
6
9
3
12
8
6
10
5
8
4
1
5
3
5
12
6
2
4
2
4
4
6
2
7
8
2
8
6
7
6
4
9
7
6
12
6
7
9
3
8
6
10
5
8
4
12
2
5
11
8
4
7
11
8
6
4
6
5
2
7
6
2
2
3
11
6
6
7
1
6
9
4
5
6
1
4
6
1
3
6
2
2
7
7
3
6
2
4
3
1
4
11
5
3
7
5
7
7
2
7
6
5
4
3
3
6
7
7
4
3
4
5
6
10
6
7
6
3
10
3
5
2
4
1
4
5
6
5
3
2
6
2
5
5
6
3
6
4
6
9
6
4
10
8
5
5
3
7
7
6
5
6
4
3
6
3
5
8
4
4
5
3
6
6
5
8
2
4
6
5
4
4
5
6
2
4
2
4
3
0
7
5
4
5
4
1
1
3
5
2
2
7
3
3
5
4
2
6
2
4
9
5
5
4
5
2
1
5
2
4
4
7
5
8
2
7
5
3
5
6
5
2
4
5
7
5
0
5
7
1
4
2
5
5
5
4
5
7
1
9
3
5
4
4
3
8
7
4
2
2
5
9
6
6
4
3
8
2
3
3
1
3
4
4
2
4
7
7
3
7
2
2
2
4
2
4
5
1
1
1
6
3
4
4
3
4
7
5
3
5
2
3
4
4
1
7
5
5
1
3
2
3
4
1
4
2
3
3
3
3
2
5
2
4
2
1
4
4
2
5
5
4
2
5
2
1
3
8
2
9
4
6
2
4
3
2
3
1
3
1
6
1
5
5
5
5
1
3
2
4
3
4
4
3
2
2
2
1
2
2
3
2
2
4
2
2
4
3
3
5
1
4
4
2
3
3
6
3
2
3
4
3
6
4
2
2
1
6
3
6
6
3
1
3
1
3
3
4
5
1
5
4
7
3
4
1
3
0
1
4
3
5
3
6
2
4
2
2
3
3
2
4
3
5
6
7
7
4
3
7
2
4
2
4
4
3
5
2
6
5
6
3
2
2
1
4
5
2
3
1
3
3
6
1
2
1
2
4
1
2
3
2
3
3
5
0
5
5
3
4
5
1
2
1
0
1
5
3
3
2
3
6
3
3
2
3
2
6
3
2
3
8
4
2
6
4
6
2
5
1
1
2
5
3
2
1
1
2
2
3
2
3
3
3
0
2
4
1
2
4
2
2
3
4
3
3
2
2
1
3
4
2
7
3
3
0
1
2
2
2
3
2
4
4
4
6
4
2
8
1
0
1
1
4
3
3
0
2
5
3
4
3
2
4
0
4
0
3
2
4
5
5
3
5
1
2
3
2
1
4
6
1
5
5
1
0
4
4
5
3
2
3
1
4
6
1
0
1
1
3
4
4
7
4
5
2
6
8
1
1
3
3
2
6
2
7
3
2
3
2
1
4
2
4
1
4
3
4
2
3
4
1
3
3
5
10
1
2
5
4
0
2
2
3
5
2
5
2
4
4
3
2
1
1
3
4
2
2
4
2
3
2
4
2
2
2
0
1
1
3
4
3
2
0
3
3
2
1
1
1
4
2
2
1
1
1
4
5
1
0
3
3
3
4
4
2
1
5
3
1
1
4
0
0
3
7
2
3
2
4
2
4
4
1
1
2
5
7
3
2
0
2
3
2
1
2
2
1
3
2
2
3
2
6
4
2
5
2
0
5
3
3
2
2
2
0
2
3
7
2
3
5
3
2
0
5
3
1
4
1
5
0
1
5
2
3
1
3
1
2
1
4
3
1
2
2
3
2
1
3
1
1
2
3
3
1
2
2
1
1
3
1
2
3
1
2
3
2
4
2
1
2
3
0
2
2
0
1
1
1
0
4
1
2
1
2
0
3
2
2
3
0
4
5
2
5
0
3
1
2
1
1
2
6
3
3
3
2
5
3
1
1
1
3
1
2
2
4
1
2
3
1
0
2
0
2
1
0
3
2
2
2
2
0
3
2
4
3
4
0
2
3
4
0
1
3
3
3
2
2
3
2
3
1
1
4
2
1
4
1
2
5
0
1
1
2
1
3
0
2
2
2
2
4
1
1
2
1
2
3
2
2
0
1
2
1
5
4
2
3
0
3
2
2
1
2
3
1
3
0
2
1
1
1
3
4
1
3
1
2
2
3
1
4
1
3
1
0
2
4
0
2
3
3
3
1
2
3
2
4
6
0
3
1
0
3
0
2
4
3
1
1
4
2
3
1
3
1
1
1
4
0
3
0
1
0
3
0
1
2
1
2
1
2
3
4
2
0
1
2
5
1
1
7
5
3
0
0
1
3
1
3
1
1
3
2
2
3
1
4
1
3
2
2
0
2
4
2
2
3
3
2
3
1
1
4
3
0
1
2
1
1
0
1
0
3
1
2
2
1
0
1
3
2
2
2
2
2
3
1
4
3
1
0
1
0
0
4
5
1
1
1
1
3
2
1
1
1
0
2
2
2
5
0
3
3
0
1
1
0
3
3
2
3
4
2
1
1
0
2
1
0
0
2
2
2
0
1
2
0
1
0
3
2
2
2
1
0
0
2
2
1
2
0
1
1
1
3
2
1
1
0
1
2
3
1
1
3
1
2
2
2
0
2
2
1
5
3
1
3
1
3
2
1
0
5
2
4
2
0
1
2
0
1
2
1
1
0
0
0
1
2
4
1
1
2
3
3
2
3
2
4
2
0
2
0
2
3
3
0
3
2
2
3
1
1
3
1
4
0
1
0
4
2
3
1
1
0
3
0
0
1
1
2
3
1
3
2
4
2
1
1
1
0
2
1
1
2
1
1
1
2
2
1
2
4
1
0
0
2
0
3
1
1
2
3
1
0
2
1
1
1
4
3
2
2
2
5
1
2
3
2
2
3
4
2
3
4
2
0
3
1
0
3
1
2
0
0
2
1
0
2
0
0
1
0
1
2
2
0
1
1
3
2
0
2
3
1
1
0
1
0
1
1
2
0
1
0
2
0
2
1
0
2
0
3
3
1
2
3
0
0
2
1
3
3
1
1
2
0
0
1
1
3
3
1
0
0
1
3
2
1
0
2
2
1
1
2
0
2
0
0
2
0
0
2
1
4
3
1
1
3
1
1
2
2
0
1
1
1
2
0
2
0
1
2
2
3
1
1
1
2
2
1
1
0
0
1
0
1
2
0
3
1
5
2
1
0
1
0
0
0
2
1
4
1
3
1
1
0
0
1
1
1
0
0
1
1
3
2
2
0
2
3
0
1
2
1
0
3
1
1
1
0
2
2
0
1
2
2
2
2
1
2
0
0
0
2
2
0
0
0
1
0
1
1
1
1
0
1
1
0
3
1
2
2
2
1
0
0
1
2
1
0
1
1
1
0
1
0
0
1
4
1
1
3
0
2
0
1
2
2
2
2
1
3
5
5
1
2
5
3
1
2
2
2
1
2
1
1
2
1
1
4
1
0
1
1
2
0
0
0
1
2
2
1
3
0
2
1
0
1
0
0
0
2
0
0
2
2
1
2
0
1
1
0
0
2
0
1
2
2
1
3
3
2
0
0
1
1
0
0
1
2
1
4
1
4
1
2
0
1
2
2
0
0
2
2
0
0
2
2
0
0
0
1
1
0
4
0
0
3
1
3
1
1
2
0
1
0
3
1
1
0
1
0
2
0
1
2
0
2
1
0
1
2
1
1
0
1
1
0
1
0
1
1
2
2
0
0
0
1
2
1
2
0
2
1
0
1
0
1
1
1
1
1
2
0
1
2
3
1
1
0
2
1
1
4
1
2
1
1
4
0
0
2
0
0
0
0
2
0
2
0
0
1
2
0
2
1
1
0
0
1
3
2
0
0
3
3
0
1
0
1
1
1
1
1
4
1
0
0
4
0
0
1
0
3
0
1
0
1
4
0
1
1
1
2
1
3
0
0
2
0
1
0
0
2
3
0
1
3
1
0
0
2
1
1
1
2
0
1
0
3
1
1
1
2
1
3
1
3
2
0
0
0
2
1
1
1
0
2
1
1
1
0
1
0
0
2
1
1
1
0
1
2
0
1
2
2
2
1
0
0
0
1
2
0
3
3
1
0
1
1
1
1
1
0
0
2
1
1
3
0
0
0
3
0
0
0
1
3
1
2
0
0
1
0
0
0
1
0
0
0
0
1
3
0
2
1
1
1
2
1
1
0
1
1
2
2
0
0
0
0
2
2
2
0
1
1
0
1
0
2
0
1
1
1
3
1
0
0
0
0
1
0
1
2
0
3
0
0
1
0
0
2
0
1
0
3
2
0
0
2
1
3
2
1
0
0
0
3
1
3
0
2
0
2
2
2
2
4
3
0
1
1
0
1
2
0
0
0
1
1
2
0
0
3
2
2
1
1
0
2
1
0
0
0
3
2
0
0
1
2
4
1
0
0
0
1
1
0
0
1
2
3
0
0
1
2
2
1
1
1
2
1
2
1
0
1
2
2
0
1
1
0
4
3
1
2
0
2
2
1
0
0
3
0
1
1
0
3
3
2
1
0
0
2
2
0
2
1
1
0
2
1
0
0
0
0
2
1
0
1
0
2
0
0
3
1
1
1
0
0
1
1
1
0
0
0
2
1
2
1
0
2
1
2
0
0
1
2
1
0
2
1
0
0
1
0
2
0
2
2
2
3
1
1
0
0
1
1
0
1
0
0
0
2
2
3
0
1
1
0
1
0
1
1
1
0
0
0
1
1
2
0
0
1
1
0
0
1
1
1
2
0
0
1
0
1
1
0
3
0
2
0
1
1
0
0
1
2
2
1
1
2
0
3
2
0
0
2
3
1
0
1
0
2
1
0
0
0
0
0
0
1
2
0
2
0
0
0
1
2
1
0
3
1
1
0
0
1
1
0
1
1
1
0
2
0
0
1
2
2
2
0
2
1
1
0
1
0
2
2
2
0
1
1
1
0
0
0
3
1
0
3
1
0
1
1
0
0
0
2
1
2
1
1
1
0
1
3
0
1
1
1
1
1
2
2
2
1
2
1
0
0
1
1
1
0
1
0
0
2
2
0
0
2
0
1
2
2
2
0
3
3
1
1
1
0
1
0
0
1
0
2
1
1
1
2
2
0
0
0
2
0
2
1
2
0
1
5
0
2
1
0
1
3
1
0
2
1
2
0
0
0
1
1
0
1
1
0
0
0
0
0
1
1
2
1
1
1
0
1
0
2
1
0
0
1
2
0
0
0
1
1
1
0
0
0
1
2
2
1
1
0
1
2
1
0
2
0
0
1
1
0
2
1
0
1
1
1
1
1
0
0
0
1
1
1
2
1
1
3
0
2
0
0
0
1
0
1
0
0
2
0
1
0
1
0
2
0
1
4
1
0
1
2
1
1
0
1
2
1
2
0
0
1
0
1
1
1
1
0
0
0
1
0
0
1
0
1
0
0
2
1
2
1
0
2
1
0
1
1
4
1
0
1
1
1
0
0
2
0
1
0
0
2
0
0
1
2
0
0
0
1
3
3
1
0
3
0
0
1
2
1
0
1
1
1
1
0
0
1
0
0
1
0
1
0
0
0
0
1
2
1
0
1
0
0
1
1
1
2
2
1
1
0
0
1
1
1
0
1
0
0
1
0
0
0
0
2
1
2
0
1
0
2
1
1
1
2
1
1
0
0
0
0
3
0
0
0
0
0
0
0
0
0
0
0
2
0
3
0
0
1
0
0
0
1
2
0
1
1
0
1
1
0
0
1
0
1
2
0
0
1
0
0
2
1
0
2
1
1
1
1
1
0
3
0
2
1
1
0
1
0
1
0
2
3
1
0
0
3
2
2
2
1
0
0
0
2
1
0
2
1
1
1
1
1
1
1
2
1
1
1
0
1
1
1
1
2
0
1
0
0
0
1
1
0
0
0
1
1
1
0
0
0
0
0
0
0
2
1
1
0
1
1
0
1
1
1
2
1
0
0
0
0
0
1
0
0
1
0
0
1
1
0
0
0
0
0
2
1
1
1
0
3
0
0
1
0
1
1
1
1
1
2
1
1
1
0
1
2
1
0
0
2
1
0
1
2
2
0
1
1
0
1
1
1
1
1
1
0
2
0
0
1
1
0
0
0
1
1
0
1
2
0
0
0
2
2
1
1
1
1
1
1
2
0
0
1
1
0
3
0
0
1
1
0
1
0
0
1
0
0
1
3
2
2
0
0
1
0
0
1
0
1
1
1
0
1
0
1
0
2
3
0
0
2
1
0
2
2
1
0
1
0
0
1
0
0
1
0
2
3
2
3
3
0
1
1
1
0
0
0
1
0
1
0
2
2
0
1
0
0
2
2
1
0
2
0
2
0
2
1
1
1
1
0
2
0
1
0
2
0
0
0
0
0
2
0
0
0
0
0
4
1
2
2
0
2
1
0
1
1
0
0
1
0
0
2
0
2
1
1
0
0
0
0
0
0
0
2
0
1
0
2
0
1
1
0
3
0
1
0
3
1
0
3
1
0
2
2
0
1
2
2
3
0
2
1
0
0
1
1
0
0
2
1
1
0
2
1
2
0
0
0
1
0
1
2
1
0
1
0
0
0
0
0
1
1
1
0
2
1
0
0
0
0
1
2
1
0
1
2
1
0
0
0
3
2
1
1
1
0
1
0
1
3
2
2
1
1
1
0
0
0
1
1
1
1
3
1
3
2
0
4
0
0
1
1
1
0
2
2
4
2
3
4
3
3
2
3
1
2
0
3
0
2
0
1
1
0
3
0
0
3
2
0
0
1
1
3
0
0
3
2
0
1
1
0
2
2
1
1
2
5
1
1
1
0
0
2
2
0
1
2
1
0
0
3
0
2
1
0
0
0
1
0
1
1
0
1
2
0
0
1
0
2
0
1
1
1
0
0
2
1
1
2
0
2
2
0
0
0
1
1
0
0
3
1
0
0
1
0
0
1
2
1
0
0
2
2
0
2
0
3
0
3
4
2
0
0
0
0
0
1
2
1
3
1
1
0
1
2
2
0
1
1
0
2
1
0
0
0
1
1
0
2
2
0
0
0
0
1
1
1
0
2
2
2
1
0
1
1
1
1
1
1
0
0
1
0
0
0
2
0
0
0
0
1
1
0
1
2
0
1
0
0
1
2
1
1
0
0
1
1
1
0
3
2
0
0
2
0
2
0
0
0
1
1
0
1
0
0
0
0
2
0
1
1
1
0
1
0
0
0
0
2
1
1
1
0
0
0
0
0
0
1
0
0
1
0
1
1
1
0
1
0
2
1
1
2
1
0
0
3
0
0
1
0
1
1
3
0
1
0
1
0
1
0
0
0
0
2
0
0
0
1
2
0
1
1
0
0
0
1
0
0
1
1
1
1
0
1
0
2
2
1
0
0
1
1
1
0
0
0
1
4
0
2
0
0
0
0
0
2
0
0
1
0
0
0
1
2
0
1
0
2
1
0
1
1
4
2
2
1
1
1
0
0
0
2
2
1
0
1
0
0
5
3
7
2
4
2
2
6
5
6
4
5
5
5
2
2
5
3
3
3
5
2
3
5
4
3
2
4
3
4
3
0
5
5
4
3
6
3
2
5
3
1
2
1
2
3
5
1
0
4
3
5
7
2
3
3
2
2
8
0
7
2
5
2
5
2
1
4
4
2
2
1
2
7
9
5
6
4
2
4
0
2
1
1
1
4
3
4
2
4
1
1
2
3
2
2
3
5
4
0
2
5
1
2
4
2
2
3
7
2
8
3
3
3
3
5
2
1
0
2
3
6
2
5
5
2
2
2
3
3
1
3
1
3
5
2
3
7
2
2
0
3
2
1
5
6
8
3
6
2
5
4
0
5
1
3
0
4
7
0
4
2
2
1
1
0
2
3
1
2
1
4
4
3
3
2
3
6
3
2
1
4
2
10
4
1
2
1
2
5
3
3
1
1
1
2
5
1
3
2
1
5
1
4
5
3
3
3
2
5
2
6
4
3
3
2
5
3
4
4
3
3
4
1
2
3
3
2
1
4
5
2
1
4
5
2
7
6
3
6
1
3
4
8
10
5
6
3
4
7
4
5
5
8
4
3
2
5
4
6
5
5
3
4
2
2
4
3
3
0
3
2
4
1
5
2
3
9
7
2
2
7
2
6
7
4
3
1
4
2
3
2
3
6
3
6
5
3
1
1
6
4
4
2
3
1
8
2
3
1
0
0
3
0
1
4
2
1
3
3
4
9
7
1
3
3
2
4
7
2
4
4
5
3
2
4
10
5
5
6
7
4
6
6
3
5
7
2
2
2
3
4
4
5
1
3
2
0
4
4
2
7
2
2
4
2
1
4
2
6
0
3
6
4
4
7
4
5
3
4
4
4
6
5
4
5
5
5
1
5
4
5
7
5
5
4
6
4
2
3
7
7
6
4
6
6
6
10
9
4
8
9
12
13
12
11
8
15
14
19
18
9
16
7
5
1
0
0
0
0
0
0
1
0
0
0
0
0
0
0
0
0
0
0
0
0
0
0
0
0
0
0
0
0
0
0
0
0
0
0
0
0
0
0
0
0
0
0
0
0
0
0
0
0
0
0
0
0
0
0
0
0
0
0
0
0
0
0
0
0
0
0
0
0
0
0
0
0
0
0
0
0
0
0
0
0
0
0
0
0
0
0
0
0
0
0
0
0
0
0
0
0
0
0
0
0
0
0
0
0
0
0
0
0
0
0
0
0
0
0
0
0
0
0
0
0
0
0
0
0
0
0
0
0
0
0
0
0
0
0
0
0
0
0
0
0
0
0
0
0
0
0
0
0
0
0
0
0
0
0
0
0
0
0
0
0
0
0
0
0
0
0
0
0
0
0
0
0
0
0
0
0
0
0
0
0
0
0
0
0
0
0
0
0
0
0
0
0
0
0
0
0
0
0
0
0
0
0
0
0
0
0
0
0
0
0
0
0
0
0
0
0
0
0
0
0
0
0
0
0
0
0
0
0
0
0
0
0
0
0
0
0
0
0
0
0
0
0
0
0
0
0
0
0
0
0
0
0
0
0
0
0
0
0
0
0
0
0
0
0
0
0
0
0
0
0
0
0
0
0
0
0
0
0
0
0
0
0
0
0
0
0
0
0
0
0
0
0
0
0
0
0
0
0
0
0
0
0
0
0
0
0
0
0
0
0
0
0
0
0
0
0
0
0
0
0
0
0
0
0
0
0
0
0
0
0
0
0
0
0
0
0
0
0
0
0
0
0
0
0
0
0
0
0
0
0
0
0
0
0
0
0
0
0
0
0
0
0
0
37011
37011
37011
37011
37011
37011
37011
37011
37011
37011
37011
37011
37011
37011
37011
37011
37011
37011
37011
37011
37011
37011
37011
37011
37011
37011
37011
37011
37011
37011
37011
37011
37011
37011
37011
37011
37011
37011
37011
37011
37011
37011
37011
37011
37011
37011
37011
37011
37011
37011
37011
37011
37011
37011
37011
37011
37011
37011
37011
37011
37011
37011
37011
37011
37011
37011
37011
37011
37011
37011
37011
37011
37011
37011
37011
37011
37011
37011
37011
37011
37011
37011
37011
37011
37011
37011
37011
37011
37011
37011
37011
37011
37011
37011
37011
37011
37011
37011
37011
37011
37011
37011
37011
37011
37011
37011
37011
37011
37011
37011
37011
37011
37011
37011
37011
37011
37011
37011
37011
37011
37011
37011
37011
37011
37011
37011
37011
37011
37011
37011
37011
37011
37011
37011
37011
37011
37011
37011
37011
37011
37011
37011
37011
37011
37011
37011
37011
37011
37011
37011
37011
37011
37011
37011
37011
37011
37011
37011
37011
37011
37011
37011
37011
37011
37011
37011
37011
37011
37011
37011
37011
37011
37011
37011
37011
37011
37011
37011
37011
37011
37011
37011
37011
37011
37011
37011
37011
37011
37011
37011
37011
37011
37011
37011
37011
37011
37011
37011
37011
37011
37011
37011
37011
37011
37011
37011
37011
37011
37011
37011
37011
37011
37011
37011
37011
37011
37011
37011
37011
37011
37011
37011
37011
37011
37011
37011
37011
37011
37011
37011
37011
37011
37011
37011
37011
37011
37011
37011
37011
37011
37011
37011
37011
37011
37011
37011
37011
37011
37011
37011
37011
37011
37011
37011
37011
37011
37011
37011
37011
37011
37011
37011
37011
37011
37011
37011
37011
37011
37011
37011
37011
37011
37011
37011
37011
37011
37011
37011
37011
37011
37011
37011
37011
37011
37011
37011
37011
37011
37011
37011
37011
37011
37011
37011
37011
37011
37011
37011
37011
37011
37011
37011
37011
37011
37011
37011
37011
37011
37011
37011
37011
37011
37011
37011
37011
37011
37011
37011
37011
37011
37011
37011
37011
37011
37011
37011
37011
37011
37011
37011
37011
37011
37011
37011
37011
37011
37011
37011
37011
37011
37011
37011
37011
37011
37011
37011
37011
37011
37011
37011
37011
37011
37011
37011
37011
37011
37011
37011
37011
37011
37011
37011
37011
37011
37011
37011
37011
37011
37011
37011
37011
37011
37011
37011
37011
37011
37011
37011
37011
37011
37011
37011
37011
37011
37011
37011
37011
37011
37011
37011
37011
37011
37011
37011
37011
37011
37011
37011
37011
37011
37011
37011
37011
37011
37011
37011
37011
37011
37011
37011
37011
37011
37011
37011
37011
37011
37011
37011
37011
37011
37011
37011
37011
37011
37011
37011
37011
37011
37011
37011
37011
37011
37011
37011
37011
37011
37011
37011
37011
37011
37011
37011
37011
37011
37011
37011
37011
37011
37011
37011
37011
37011
37011
37011
37011
37011
37011
37011
37011
37011
37011
37011
37011
37011
37011
37011
37011
37011
37011
37011
37011
37011
37011
37011
37011
37011
37011
37011
37011
37011
37011
37011
37011
37011
37011
37011
37011
37011
37011
37011
37011
37011
37011
37011
37011
37011
37011
37011
37011
37011
37011
37011
37011
37011
37011
37011
37011
37011
37011
37011
37011
37011
37011
37011
37011
37011
37011
37011
37011
37011
37011
37011
37011
37011
37011
37011
37011
37011
37011
37011
37011
37011
37011
37011
37011
37011
37011
37011
37011
37011
37011
37011
37011
37011
37011
37011
37011
37011
37011
37011
37011
37011
37011
37011
37011
37011
37011
37011
37011
37011
37011
37011
37011
37011
37011
37011
37011
37011
37011
37011
37011
37011
37011
37011
37011
37011
37011
37011
37011
37011
37011
37011
37011
37011
37011
37011
37011
37011
37011
37011
37011
37011
37011
37011
37011
37011
37011
37011
37011
37011
37011
37011
37011
37011
37011
37011
37011
37011
37011
37011
37011
37011
37011
37011
37011
37011
37011
37011
37011
37011
37011
37011
37011
37011
37011
37011
37011
37011
37011
37011
37011
37011
37011
37011
37011
37011
37011
37011
37011
37011
37011
37011
37011
37011
37011
37011
37011
37011
37011
37011
37011
37011
37011
37011
37011
37011
37011
37011
37011
37011
37011
37011
37011
37011
37011
37011
37011
37011
37011
37011
37011
37011
37011
37011
37011
37011
37011
37011
37011
37011
37011
37011
37011
37011
37011
37011
37011
37011
37011
37011
37011
37011
37011
37011
37011
37011
37011
37011
37011
37011
37011
37011
37011
37011
37011
37011
37011
37011
37011
37011
37011
37011
37011
37011
37011
37011
37011
37011
37011
37011
37011
37011
37011
37011
37011
37011
37011
37011
37011
37011
37011
37011
37011
37011
37011
37011
37011
37011
37011
37011
37011
37011
37011
37011
37011
37011
37011
37011
37011
37011
37011
37011
37011
37011
37011
37011
37011
37011
37011
37011
37011
37011
37011
37011
37011
37011
37011
37011
37011
37011
37011
37011
37011
37011
37011
37011
37011
37011
37011
37011
37011
37011
37011
37011
37011
37011
37011
37011
37011
37011
37011
37011
37011
37011
37011
37011
37011
37011
37011
37011
37011
37011
37011
37011
37011
37011
37011
37011
37011
37011
37011
37011
37011
37011
37011
37011
37011
37011
37011
37011
37011
37011
37011
37011
37011
37011
37011
37011
37011
37011
37011
37011
37011
37011
37011
37011
37011
37011
37011
37011
37011
37011
37011
37011
37011
37011
37011
37011
37011
37011
37011
37011
37011
37011
37011
37011
37011
37011
37011
37011
37011
37011
37011
37011
37011
37011
37011
37011
37011
37011
37011
37011
37011
37011
37011
37011
37011
37011
37011
37011
37011
37011
37011
37011
37011
37011
37011
37011
37011
37011
37011
37011
37011
37011
37011
37011
37011
37011
37011
37011
37011
37011
37011
37011
37011
37011
37011
37011
37011
37011
37011
37011
37011
37011
37011
37011
37011
37011
37011
37011
37011
37011
37011
37011
37011
37011
37011
37011
37011
37011
37011
37011
37011
37011
37011
37011
37011
37011
37011
37011
37011
37011
37011
37011
37011
37011
37011
37011
37011
37011
37011
37011
37011
37011
37011
37011
37011
37011
37011
37011
37011
37011
37011
37011
37011
37011
37011
37011
37011
37011
37011
37011
37011
37011
37011
37011
37011
37011
37011
37011
37011
37011
37011
37011
37011
37011
37011
37011
37011
37011
37011
37011
37011
37011
37011
37011
37011
37011
37011
37011
37011
37011
37011
37011
37011
37011
37011
37011
37011
37011
37011
37011
37011
37011
37011
37011
37011
37011
37011
37011
37011
37011
37011
37011
37011
37011
37011
37011
37011
37011
37011
37011
37011
37011
37011
37011
37011
37011
37011
37011
37011
37011
37011
37011
37011
37011
37011
37011
37011
37011
37011
37011
37011
37011
37011
37011
37011
37011
37011
37011
37011
37011
37011
37011
37011
37011
37011
37011
37011
37011
37011
37011
37011
37011
37011
37011
37011
37011
37011
37011
37011
37011
37011
37011
37011
37011
37011
37011
37011
37011
37011
37011
37011
37011
37011
37011
37011
37011
37011
37011
37011
37011
37011
37011
37011
37011
37011
37011
37011
37011
37011
37011
37011
37011
37011
37011
37011
37011
37011
37011
37011
37011
37011
37011
37011
37011
37011
37011
37011
37011
37011
37011
37011
37011
37011
37011
37011
37011
37011
37011
37011
37011
37011
37011
37011
37011
37011
37011
37011
37011
37011
37011
37011
37011
37011
37011
37011
37011
37011
37011
37011
37011
37011
37011
37011
37011
37011
37011
37011
37011
37011
37011
37011
37011
37011
37011
37011
37011
37011
37011
37011
37011
37011
37011
37011
37011
37011
37011
37011
37011
37011
37011
37011
37011
37011
37011
37011
37011
37011
37011
37011
37011
37011
37011
37011
37011
37011
37011
37011
37011
37011
37011
37011
37011
37011
37011
37011
37011
37011
37011
37011
37011
37011
37011
37011
37011
37011
37011
37011
37011
37011
37011
37011
37011
37011
37011
37011
37011
37011
37011
37011
37011
37011
37011
37011
37011
37011
37011
37011
37011
37011
37011
37011
37011
37011
37011
37011
37011
37011
37011
37011
37011
37011
37011
37011
37011
37011
37011
37011
37011
37011
37011
37011
37011
37011
37011
37011
37011
37011
37011
37011
37011
37011
37011
37011
37011
37011
37011
37011
37011
37011
37011
37011
37011
37011
37011
37011
37011
37011
37011
37011
37011
37011
37011
37011
37011
37011
37011
37011
37011
37011
37011
37011
37011
37011
37011
37011
37011
37011
37011
37011
37011
37011
37011
37011
37011
37011
37011
37011
37011
37011
37011
37011
37011
37011
37011
37011
37011
37011
37011
37011
37011
37011
37011
37011
37011
37011
37011
37011
37011
37011
37011
37011
37011
37011
37011
37011
37011
37011
37011
37011
37011
37011
37011
37011
37011
37011
37011
37011
37011
37011
37011
37011
37011
37011
37011
37011
37011
37011
37011
37011
37011
37011
37011
37011
37011
37011
37011
37011
37011
37011
37011
37011
37011
37011
37011
37011
37011
37011
37011
37011
37011
37011
37011
37011
37011
37011
37011
37011
37011
37011
37011
37011
37011
37011
37011
37011
37011
37011
37011
37011
37011
37011
37011
37011
37011
37011
37011
37011
37011
37011
37011
37011
37011
37011
37011
37011
37011
37011
37011
37011
37011
37011
37011
37011
37011
37011
37011
37011
37011
37011
37011
37011
37011
37011
37011
37011
37011
37011
37011
37011
37011
37011
37011
37011
37011
37011
37011
37011
37011
37011
37011
37011
37011
37011
37011
37011
37011
37011
37011
37011
37011
37011
37011
37011
37011
37011
37011
37011
37011
37011
37011
37011
37011
37011
37011
37011
37011
37011
37011
37011
37011
37011
37011
37011
37011
37011
37011
37011
37011
37011
37011
37011
37011
37011
37011
37011
37011
37011
37011
37011
37011
37011
37011
37011
37011
37011
37011
37011
37011
37011
37011
37011
37011
37011
37011
37011
37011
37011
37011
37011
37011
37011
37011
37011
37011
37011
37011
37011
37011
37011
37011
37011
37011
37011
37011
37011
37011
37011
37011
37011
37011
37011
37011
37011
37011
37011
37011
37011
37011
37011
37011
37011
37011
37011
37011
37011
37011
37011
37011
37011
37011
37011
37011
37011
37011
37011
37011
37011
37011
37011
37011
37011
37011
37011
37011
37011
37011
37011
37011
37011
37011
37011
37011
37011
37011
37011
37011
37011
37011
37011
37011
37011
37011
37011
37011
37011
37011
37011
37011
37011
37011
37011
37011
37011
37011
37011
37011
37011
37011
37011
37011
37011
37011
37011
37011
37011
37011
37011
37011
37011
37011
37011
37011
37011
37011
37011
37011
37011
37011
37011
37011
37011
37011
37011
37011
37011
37011
37011
37011
37011
37011
37011
37011
37011
37011
37011
37011
37011
37011
37011
37011
37011
37011
37011
37011
37011
37011
37011
37011
37011
37011
37011
37011
37011
37011
37011
37011
37011
37011
37011
37011
37011
37011
37011
37011
37011
37011
37011
37011
37011
37011
37011
37011
37011
37011
37011
37011
37011
37011
37011
37011
37011
37011
37011
37011
37011
37011
37011
37011
37011
37011
37011
37011
37011
37011
37011
37011
37011
37011
37011
37011
37011
37011
37011
37011
37011
37011
37011
37011
37011
37011
37011
37011
37011
37011
37011
37011
37011
37011
37011
37011
37011
37011
37011
37011
37011
37011
37011
37011
37011
37011
37011
37011
37011
37011
37011
37011
37011
37011
37011
37011
37011
37011
37011
37011
37011
37011
37011
37011
37011
37011
37011
37011
37011
37011
37011
37011
37011
37011
37011
37011
37011
37011
37011
37011
37011
37011
37011
37011
37011
37011
37011
37011
37011
37011
37011
37011
37011
37011
37011
37011
37011
37011
37011
37011
37011
37011
37011
37011
37011
37011
37011
37011
37011
37011
37011
37011
37011
37011
37011
37011
37011
37011
37011
37011
37011
37011
37011
37011
37011
37011
37011
37011
37011
37011
37011
37011
37011
37011
37011
37011
37011
37011
37011
37011
37011
37011
37011
37011
37011
37011
37011
37011
37011
37011
37011
37011
37011
37011
37011
37011
37011
37011
37011
37011
37011
37011
37011
37011
37011
37011
37011
37011
37011
37011
37011
37011
37011
37011
37011
37011
37011
37011
37011
37011
37011
37011
37011
37011
37011
37011
37011
37011
37011
37011
37011
37011
37011
37011
37011
37011
37011
37011
37011
37011
37011
37011
37011
37011
37011
37011
37011
37011
37011
37011
37011
37011
37011
37011
37011
37011
37011
37011
37011
37011
37011
37011
37011
37011
37011
37011
37011
37011
37011
37011
37011
37011
37011
37011
37011
37011
37011
37011
37011
37011
37011
37011
37011
37011
37011
37011
37011
37011
37011
37011
37011
37011
37011
37011
37011
37011
37011
37011
37011
37011
37011
37011
37011
37011
37011
37011
37011
37011
37011
37011
37011
37011
37011
37011
37011
37011
37011
37011
37011
37011
37011
37011
37011
37011
37011
37011
37011
37011
37011
37011
37011
37011
37011
37011
37011
37011
37011
37011
37011
37011
37011
37011
37011
37011
37011
37011
37011
37011
37011
37011
37011
37011
37011
37011
37011
37011
37011
37011
37011
37011
37011
37011
37011
37011
37011
37011
37011
37011
37011
37011
37011
37011
37011
37011
37011
37011
37011
37011
37011
37011
37011
37011
37011
37011
37011
37011
37011
37011
37011
37011
37011
37011
37011
37011
37011
37011
37011
37011
37011
37011
37011
37011
37011
37011
37011
37011
37011
37011
37011
37011
37011
37011
37011
37011
37011
37011
37011
37011
37011
37011
37011
37011
37011
37011
37011
37011
37011
37011
37011
37011
37011
37011
37011
37011
37011
37011
37011
37011
37011
37011
37011
37011
37011
37011
37011
37011
37011
37011
37011
37011
37011
37011
37011
37011
37011
37011
37011
37011
37011
37011
37011
37011
37011
37011
37011
37011
37011
37011
37011
37011
37011
37011
37011
37011
37011
37011
37011
37011
37011
37011
37011
37011
37011
37011
37011
37011
37011
37011
37011
37011
37011
37011
37011
37011
37011
37011
37011
37011
37011
37011
37011
37011
37011
37011
37011
37011
37011
37011
37011
37011
37011
37011
37011
37011
37011
37011
37011
37011
37011
37011
37011
37011
37011
37011
37011
37011
37011
37011
37011
37011
37011
37011
37011
37011
37011
37011
37011
37011
37011
37011
37011
37011
37011
37011
37011
37011
37011
37011
37011
37011
37011
37011
37011
37011
37011
37011
37011
37011
37011
37011
37011
37011
37011
37011
37011
37011
37011
37011
37011
37011
37011
37011
37011
37011
37011
37011
37011
37011
37011
37011
37011
37011
37011
37011
37011
37011
37011
37011
37011
37011
37011
37011
37011
37011
37011
37011
37011
37011
37011
37011
37011
37011
37011
37011
37011
37011
37011
37011
37011
37011
37011
37011
37011
37011
37011
37011
37011
37011
37011
37011
37011
37011
37011
37011
37011
37011
37011
37011
37011
37011
37011
37011
37011
37011
37011
37011
37011
37011
37011
37011
37011
37011
37011
37011
37011
37011
37011
37011
37011
37011
37011
37011
37011
37011
37011
37011
37011
37011
37011
37011
37011
37011
37011
37011
37011
37011
37011
37011
37011
37011
37011
37011
37011
37011
37011
37011
37011
37011
37011
37011
37011
37011
37011
37011
37011
37011
37011
37011
37011
37011
37011
37011
37011
37011
37011
37011
37011
37011
37011
37011
37011
37011
37011
37011
37011
37011
37011
37011
37011
37011
37011
37011
37011
37011
37011
37011
37011
37011
37011
37011
37011
37011
37011
37011
37011
37011
37011
37011
37011
37011
37011
37011
37011
37011
37011
37011
37011
37011
37011
37011
37011
37011
37011
37011
37011
37011
37011
37011
37011
37011
37011
37011
37011
37011
37011
37011
37011
37011
37011
37011
37011
37011
37011
37011
37011
37011
37011
37011
37011
37011
37011
37011
37011
37011
37011
37011
37011
37011
37011
37011
37011
37011
37011
37011
37011
37011
37011
37011
37011
37011
37011
37011
37011
37011
37011
37011
37011
37011
37011
37011
37011
37011
37011
37011
37011
37011
37011
37011
37011
37011
37011
37011
37011
37011
37011
37011
37011
37011
37011
37011
37011
37011
37011
37011
37011
37011
37011
37011
37011
37011
37011
37011
37011
37011
37011
37011
37011
37011
37011
37011
37011
37011
37011
37011
37011
37011
37011
37011
37011
37011
37011
37011
37011
37011
37011
37011
37011
37011
37011
37011
37011
37011
37011
37011
37011
37011
37011
37011
37011
37011
37011
37011
37011
37011
37011
37011
37011
37011
37011
37011
37011
37011
37011
37011
37011
37011
37011
37011
37011
37011
37011
37011
37011
37011
37011
37011
37011
37011
37011
37011
37011
37011
37011
37011
37011
37011
37011
37011
37011
37011
37011
37011
37011
37011
37011
37011
37011
37011
37011
37011
37011
37011
37011
37011
37011
37011
37011
37011
37011
37011
37011
37011
37011
37011
37011
37011
37011
37011
37011
37011
37011
37011
37011
37011
37011
37011
37011
37011
37011
37011
37011
37011
37011
37011
37011
37011
37011
37011
37011
37011
37011
37011
37011
37011
37011
37011
37011
37011
37011
37011
37011
37011
37011
37011
37011
37011
37011
37011
37011
37011
37011
37011
37011
37011
37011
37011
37011
37011
37011
37011
37011
37011
37011
37011
37011
37011
37011
37011
37011
37011
37011
37011
37011
37011
37011
37011
37011
37011
37011
37011
37011
37011
37011
37011
37011
37011
37011
37011
37011
37011
37011
37011
37011
37011
37011
37011
37011
37011
37011
37011
37011
37011
37011
37011
37011
37011
37011
37011
37011
37011
37011
37011
37011
37011
37011
37011
37011
37011
37011
37011
37011
37011
37011
37011
37011
37011
37011
37011
37011
37011
37011
37011
37011
37011
37011
37011
37011
37011
37011
37011
37011
37011
37011
37011
37011
37011
37011
37011
37011
37011
37011
37011
37011
37011
37011
37011
37011
37011
37011
37011
37011
37011
37011
37011
37011
37011
37011
37011
37011
37011
37011
37011
37011
37011
37011
37011
37011
37011
37011
37011
37011
37011
37011
37011
37011
37011
37011
37011
37011
37011
37011
37011
37011
37011
37011
37011
37011
37011
37011
37011
37011
37011
37011
37011
37011
37011
37011
37011
37011
37011
37011
37011
37011
37011
37011
37011
37011
37011
37011
37011
37011
37011
37011
37011
37011
37011
37011
37011
37011
37011
37011
37011
37011
37011
37011
37011
37011
37011
37011
37011
37011
37011
37011
37011
37011
37011
37011
37011
37011
37011
37011
37011
37011
37011
37011
37011
37011
37011
37011
37011
37011
37011
37011
37011
37011
37011
37011
37011
37011
37011
37011
37011
37011
37011
37011
37011
37011
37011
37011
37011
37011
37011
37011
37011
37011
37011
37011
37011
37011
37011
37011
37011
37011
37011
37011
37011
37011
37011
37011
37011
37011
37011
37011
37011
37011
37011
37011
37011
37011
37011
37011
37011
37011
37011
37011
37011
37011
37011
37011
37011
37011
37011
37011
37011
37011
37011
37011
37011
37011
37011
37011
37011
37011
37011
37011
37011
37011
37011
37011
37011
37011
37011
37011
37011
37011
37011
37011
37011
37011
37011
37011
37011
37011
37011
37011
37011
37011
37011
37011
37011
37011
37011
37011
37011
37011
37011
37011
37011
37011
37011
37011
37011
37011
37011
37011
37011
37011
37011
37011
37011
37011
37011
37011
37011
37011
37011
37011
37011
37011
37011
37011
37011
37011
37011
37011
37011
37011
37011
37011
37011
37011
37011
37011
37011
37011
37011
37011
37011
37011
37011
37011
37011
37011
37011
37011
37011
37011
37011
37011
37011
37011
37011
37011
37011
37011
37011
37011
37011
37011
37011
37011
37011
37011
37011
37011
37011
37011
37011
37011
37011
37011
37011
37011
37011
37011
37011
37011
37011
37011
37011
37011
37011
37011
37011
37011
37011
37011
37011
37011
37011
37011
37011
37011
37011
37011
37011
37011
37011
37011
37011
37011
37011
37011
37011
37011
37011
37011
37011
37011
37011
37011
37011
37011
37011
37011
37011
37011
37011
37011
37011
37011
37011
37011
37011
37011
37011
37011
37011
37011
37011
37011
37011
37011
37011
37011
37011
37011
37011
37011
37011
37011
37011
37011
37011
37011
37011
37011
37011
37011
37011
37011
37011
37011
37011
37011
37011
37011
37011
37011
37011
37011
37011
37011
37011
37011
37011
37011
37011
37011
37011
37011
37011
37011
37011
37011
37011
37011
37011
37011
37011
37011
37011
37011
37011
37011
37011
37011
37011
37011
37011
37011
37011
37011
37011
37011
37011
37011
37011
37011
37011
37011
37011
37011
37011
37011
37011
37011
37011
37011
37011
37011
37011
37011
37011
37011
37011
37011
37011
37011
37011
37011
37011
37011
37011
37011
37011
37011
37011
37011
37011
37011
37011
37011
37011
37011
37011
37011
37011
37011
37011
37011
37011
37011
37011
37011
37011
37011
37011
37011
37011
37011
37011
37011
37011
37011
37011
37011
37011
37011
37011
37011
37011
37011
37011
37011
37011
37011
37011
37011
37011
37011
37011
37011
37011
37011
37011
37011
37011
37011
37011
37011
37011
37011
37011
37011
37011
37011
37011
37011
37011
37011
37011
37011
37011
37011
37011
37011
37011
37011
37011
37011
37011
37011
37011
37011
37011
37011
37011
37011
37011
37011
37011
37011
37011
37011
37011
37011
37011
37011
37011
37011
37011
37011
37011
37011
37011
37011
37011
37011
37011
37011
37011
37011
37011
37011
37011
37011
37011
37011
37011
37011
37011
37011
37011
37011
37011
37011
37011
37011
37011
37011
37011
37011
37011
37011
37011
37011
37011
37011
37011
37011
37011
37011
37011
37011
37011
37011
37011
37011
37011
37011
37011
37011
37011
37011
37011
37011
37011
37011
37011
37011
37011
37011
37011
37011
37011
37011
37011
37011
37011
37011
37011
37011
37011
37011
37011
37011
37011
37011
37011
37011
37011
37011
37011
37011
37011
37011
37011
37011
37011
37011
37011
37011
37011
37011
37011
37011
37011
37011
37011
37011
37011
37011
37011
37011
37011
37011
37011
37011
37011
37011
37011
37011
37011
37011
37011
37011
37011
37011
37011
37011
37011
37011
37011
37011
37011
37011
37011
37011
37011
37011
37011
37011
37011
37011
37011
37011
37011
37011
37011
37011
37011
37011
37011
37011
37011
37011
37011
37011
37011
37011
37011
37011
37011
37011
37011
37011
37011
37011
37011
37011
37011
37011
37011
37011
37011
37011
37011
37011
37011
37011
37011
37011
37011
37011
37011
37011
37011
37011
37011
37011
37011
37011
37011
37011
37011
37011
37011
37011
37011
37011
37011
37011
37011
37011
37011
37011
37011
37011
37011
37011
37011
37011
37011
37011
37011
37011
37011
37011
37011
37011
37011
37011
37011
37011
37011
37011
37011
37011
37011
37011
37011
37011
37011
37011
37011
37011
37011
37011
37011
37011
37011
37011
37011
37011
37011
37011
37011
37011
37011
37011
37011
37011
37011
37011
37011
37011
37011
37011
37011
37011
37011
37011
37011
37011
37011
37011
37011
37011
37011
37011
37011
37011
37011
37011
37011
37011
37011
37011
37011
37011
37011
37011
37011
37011
37011
37011
37011
37011
37011
37011
37011
37011
37011
37011
37011
37011
37011
37011
37011
37011
37011
37011
37011
37011
37011
37011
37011
37011
37011
37011
37011
37011
37011
37011
37011
37011
37011
37011
37011
37011
37011
37011
37011
37011
37011
37011
37011
37011
37011
37011
37011
37011
37011
37011
37011
37011
37011
37011
37011
37011
37011
37011
37011
37011
37011
37011
37011
37011
37011
37011
37011
37011
37011
37011
37011
37011
37011
37011
37011
37011
37011
37011
37011
37011
37011
37011
37011
37011
37011
37011
37011
37011
37011
37011
37011
37011
37011
37011
37011
37011
37011
37011
37011
37011
37011
37011
37011
37011
37011
37011
37011
37011
37011
37011
37011
37011
37011
37011
37011
37011
37011
37011
37011
37011
37011
37011
37011
37011
37011
37011
37011
37011
37011
37011
37011
37011
37011
37011
37011
37011
37011
37011
37011
37011
37011
37011
37011
37011
37011
37011
37011
37011
37011
37011
37011
37011
37011
37011
37011
37011
37011
37011
37011
37011
37011
37011
37011
37011
37011
37011
37011
37011
37011
37011
37011
37011
37011
37011
37011
37011
37011
37011
37011
37011
37011
37011
37011
37011
37011
37011
37011
37011
37011
37011
37011
37011
37011
37011
37011
37011
37011
37011
37011
37011
37011
37011
37011
37011
37011
37011
37011
37011
37011
37011
37011
37011
37011
37011
37011
37011
37011
37011
37011
37011
37011
37011
37011
37011
37011
37011
37011
37011
37011
37011
37011
37011
37011
37011
37011
37011
37011
37011
37011
37011
37011
37011
37011
37011
37011
37011
37011
37011
37011
37011
37011
37011
37011
37011
37011
37011
37011
37011
37011
37011
37011
37011
37011
37011
37011
37011
37011
37011
37011
37011
37011
37011
37011
37011
37011
37011
37011
37011
37011
37011
37011
37011
37011
37011
37011
37011
37011
37011
37011
37011
37011
37011
37011
37011
37011
37011
37011
37011
37011
37011
37011
37011
37011
37011
37011
37011
37011
37011
37011
37011
37011
37011
37011
37011
37011
37011
37011
37011
37011
37011
37011
37011
37011
37011
37011
37011
37011
37011
37011
37011
37011
37011
37011
37011
37011
37011
37011
37011
37011
37011
37011
37011
37011
37011
37011
37011
37011
37011
37011
37011
37011
37011
37011
37011
37011
37011
37011
37011
37011
37011
37011
37011
37011
37011
37011
37011
37011
37011
37011
37011
37011
37011
37011
37011
37011
37011
37011
37011
37011
37011
37011
37011
37011
37011
37011
37011
37011
37011
37011
37011
37011
37011
37011
37011
37011
37011
37011
37011
37011
37011
37011
37011
37011
37011
37011
37011
37011
37011
37011
37011
37011
37011
37011
37011
37011
37011
37011
37011
37011
37011
37011
37011
37011
37011
37011
37011
37011
37011
37011
37011
37011
37011
37011
37011
37011
37011
37011
37011
37011
37011
37011
37011
37011
37011
37011
37011
37011
37011
37011
37011
37011
37011
37011
37011
37011
37011
37011
37011
37011
37011
37011
37011
37011
37011
37011
37011
37011
37011
37011
37011
37011
37011
37011
37011
37011
37011
37011
37011
37011
37011
37011
37011
37011
37011
37011
37011
37011
37011
37011
37011
37011
37011
37011
37011
37011
37011
37011
37011
37011
37011
37011
37011
37011
37011
37011
37011
37011
37011
37011
37011
37011
37011
37011
37011
37011
37011
37011
37011
37011
37011
37011
37011
37011
37011
37011
37011
37011
37011
37011
37011
37011
37011
37011
37011
37011
37011
37011
37011
37011
37011
37011
37011
37011
37011
37011
37011
37011
37011
37011
37011
37011
37011
37011
37011
37011
37011
37011
37011
37011
37011
37011
37011
37011
37011
37011
37011
37011
37011
37011
37011
37011
37011
37011
37011
37011
37011
37011
37011
37011
37011
37011
37011
37011
37011
37011
37011
37011
37011
37011
37011
37011
37011
37011
37011
37011
37011
37011
37011
37011
37011
37011
37011
37011
37011
37011
37011
37011
37011
37011
37011
37011
37011
37011
37011
37011
37011
37011
37011
37011
37011
37011
37011
37011
37011
37011
37011
37011
37011
37011
37011
37011
37011
37011
37011
37011
37011
37011
37011
37011
37011
37011
37011
37011
37011
37011
37011
37011
37011
37011
37011
37011
37011
37011
37011
37011
37011
37011
37011
37011
37011
37011
37011
37011
37011
37011
37011
37011
37011
37011
37011
37011
37011
37011
37011
37011
37011
37011
37011
37011
37011
37011
37011
37011
37011
37011
37011
37011
37011
37011
37011
37011
37011
37011
37011
37011
37011
37011
37011
37011
37011
37011
37011
37011
37011
37011
37011
37011
37011
37011
37011
37011
37011
37011
37011
37011
37011
37011
37011
37011
37011
37011
37011
37011
37011
37011
37011
37011
37011
37011
37011
37011
37011
37011
37011
37011
37011
37011
37011
37011
37011
37011
37011
37011
37011
37011
37011
37011
37011
37011
37011
37011
37011
37011
37011
37011
37011
37011
37011
37011
37011
37011
37011
37011
37011
37011
37011
37011
37011
37011
37011
37011
37011
37011
37011
37011
37011
37011
37011
37011
37011
37011
37011
37011
37011
37011
37011
37011
37011
37011
37011
37011
37011
37011
37011
37011
37011
37011
37011
37011
37011
37011
37011
37011
37011
37011
37011
37011
37011
37011
37011
37011
37011
37011
37011
37011
37011
37011
37011
37011
37011
37011
37011
37011
37011
37011
37011
37011
37011
37011
37011
37011
37011
37011
37011
37011
37011
37011
37011
37011
37011
37011
37011
37011
37011
37011
37011
37011
37011
37011
37011
37011
37011
37011
37011
37011
37011
37011
37011
37011
37011
37011
37011
37011
37011
37011
37011
37011
37011
37011
37011
37011
37011
37011
37011
37011
37011
37011
37011
37011
37011
37011
37011
37011
37011
37011
37011
37011
37011
37011
37011
37011
37011
37011
37011
37011
37011
37011
37011
37011
37011
37011
37011
37011
37011
37011
37011
37011
37011
37011
37011
37011
37011
37011
37011
37011
37011
37011
37011
37011
37011
37011
37011
37011
37011
37011
37011
37011
37011
37011
37011
37011
37011
37011
37011
37011
37011
37011
37011
37011
37011
37011
37011
37011
37011
37011
37011
37011
37011
37011
37011
37011
37011
37011
37011
37011
37011
37011
37011
37011
37011
37011
37011
37011
37011
37011
37011
37011
37011
37011
37011
37011
37011
37011
37011
37011
37011
37011
37011
37011
37011
37011
37011
37011
37011
37011
37011
37011
37011
37011
37011
37011
37011
37011
37011
37011
37011
37011
37011
37011
37011
37011
37011
37011
37011
37011
37011
37011
37011
37011
37011
37011
37011
37011
37011
37011
37011
37011
37011
37011
37011
37011
37011
37011
37011
37011
37011
37011
37011
37011
37011
37011
37011
37011
37011
37011
37011
37011
37011
37011
37011
37011
37011
37011
37011
37011
37011
37011
37011
37011
37011
37011
37011
37011
37011
37011
37011
37011
37011
37011
37011
37011
37011
37011
37011
37011
37011
37011
37011
37011
37011
37011
37011
37011
37011
37011
37011
37011
37011
37011
37011
37011
37011
37011
37011
37011
37011
37011
37011
37011
37011
37011
37011
37011
37011
37011
37011
37011
37011
37011
37011
37011
37011
37011
37011
37011
37011
37011
37011
37011
37011
37011
37011
37011
37011
37011
37011
37011
37011
37011
37011
37011
37011
37011
37011
37011
37011
37011
37011
37011
37011
37011
37011
37011
37011
37011
37011
37011
37011
37011
37011
37011
37011
37011
37011
37011
37011
37011
37011
37011
37011
37011
37011
37011
37011
37011
37011
37011
37011
37011
37011
37011
37011
37011
37011
37011
37011
37011
37011
37011
37011
37011
37011
37011
37011
37011
37011
37011
37011
37011
37011
37011
37011
37011
37011
37011
37011
37011
37011
37011
37011
37011
37011
37011
37011
37011
37011
37011
37011
37011
37011
37011
37011
37011
37011
37011
37011
37011
37011
37011
37011
37011
37011
37011
37011
37011
37011
37011
37011
37011
37011
37011
37011
37011
37011
37011
37011
37011
37011
37011
37011
37011
37011
37011
37011
37011
37011
37011
37011
37011
37011
37011
37011
37011
37011
37011
37011
37011
37011
37011
37011
37011
37011
37011
37011
37011
37011
37011
37011
37011
37011
37011
37011
37011
37011
37011
37011
37011
37011
37011
37011
37011
37011
37011
37011
37011
37011
37011
37011
37011
37011
37011
37011
37011
37011
37011
37011
37011
37011
37011
37011
37011
37011
37011
37011
37011
37011
37011
37011
37011
37011
37011
37011
37011
37011
37011
37011
37011
37011
37011
37011
37011
37011
37011
37011
37011
37011
37011
37011
37011
37011
37011
37011
37011
37011
37011
37011
37011
37011
37011
37011
37011
37011
37011
37011
37011
37011
37011
37011
37011
37011
37011
37011
37011
37011
37011
37011
37011
37011
37011
37011
37011
37011
37011
37011
37011
37011
37011
37011
37011
37011
37011
37011
37011
37011
37011
37011
37011
37011
37011
37011
37011
37011
37011
37011
37011
37011
37011
37011
37011
37011
37011
37011
37011
37011
37011
37011
37011
37011
37011
37011
37011
37011
37011
37011
37011
37011
37011
37011
37011
37011
37011
37011
37011
37011
37011
37011
37011
37011
37011
37011
37011
37011
37011
37011
37011
37011
37011
37011
37011
37011
37011
37011
37011
37011
37011
37011
37011
37011
