0
0
0
0
0
0
0
0
0
0
0
0
0
0
0
0
0
0
0
0
0
0
0
0
0
0
0
0
0
372
1682
1794
1976
2150
2465
2907
3519
4205
5156
6617
49950
748396
684659
195256
60511
8769
3500
3203
2865
2397
1975
1700
1629
1462
1310
1211
1197
1164
1110
1158
1067
1169
1139
1083
1162
1145
1116
1160
1158
1150
1169
1180
1185
1279
1285
1230
1315
1301
1281
1269
1334
1251
1284
1306
1351
1443
1364
1330
1327
1353
1338
1310
1224
1317
1340
1255
1356
1286
1231
1282
1312
1262
1350
1329
1315
1248
1296
1300
1309
1229
1218
1223
1221
1261
1265
1357
1879
1998
1403
1203
1218
1174
1289
1695
1992
1465
1513
1298
1142
1111
1063
1090
1066
1067
1091
1035
1016
1010
983
1026
1042
1005
985
992
916
946
937
894
938
830
826
882
861
827
850
837
859
884
813
843
1038
1168
884
826
851
790
807
769
751
762
784
720
771
748
715
776
768
719
717
715
718
755
695
673
677
670
654
660
664
626
609
659
643
606
559
624
566
588
596
572
587
582
607
568
599
601
611
583
568
583
549
620
551
538
565
564
533
525
527
520
548
509
559
570
494
525
469
529
517
521
493
463
473
454
508
456
424
475
480
479
464
454
457
469
457
461
464
457
445
422
532
658
514
401
425
432
440
434
429
419
431
392
495
1111
2410
1848
656
465
411
362
388
331
342
358
353
324
367
332
355
365
347
321
292
335
357
317
303
366
327
303
323
322
313
324
305
291
297
308
275
265
281
309
291
279
269
264
285
262
280
275
300
268
282
263
265
294
297
251
247
262
267
281
252
269
264
253
270
244
258
256
236
296
267
278
363
303
275
242
256
257
218
211
246
245
230
266
327
415
393
289
236
283
230
262
272
274
218
199
214
210
235
214
225
225
243
244
239
223
255
218
376
794
902
571
503
465
288
205
214
216
196
204
217
171
227
179
196
175
209
213
173
178
181
197
172
177
184
193
198
198
202
197
187
206
192
160
202
191
245
491
821
575
293
207
201
173
176
154
170
195
171
163
180
161
162
149
186
177
163
184
204
166
172
171
164
182
184
225
271
271
250
302
243
181
174
176
154
154
131
172
159
155
171
141
157
155
151
149
179
150
181
167
166
202
185
144
162
158
175
165
209
204
182
146
161
134
146
151
169
161
158
149
170
144
156
150
155
163
208
205
134
129
162
140
128
126
144
148
137
147
123
151
133
150
127
122
131
107
134
161
187
204
208
162
128
132
133
137
125
117
135
101
121
124
159
126
123
115
126
119
123
133
109
107
121
129
158
137
141
140
138
117
123
105
140
125
116
110
123
107
117
124
121
156
128
163
186
173
140
133
111
123
110
123
115
115
119
119
109
135
150
124
102
100
90
116
122
116
110
116
134
118
136
117
116
112
121
134
111
121
193
335
322
213
147
126
128
98
105
111
149
145
150
140
132
135
113
100
102
111
121
101
122
144
106
127
123
115
127
147
140
146
114
135
92
99
103
98
104
95
115
107
135
100
103
106
111
148
107
133
99
114
92
103
108
106
85
78
98
89
101
129
158
115
101
97
100
122
102
109
107
100
102
82
113
118
101
91
103
84
85
98
114
111
89
100
122
134
122
111
88
104
94
89
87
80
100
108
138
233
238
120
83
106
118
101
93
97
90
82
79
89
78
81
90
86
86
91
90
92
81
80
91
84
103
93
104
126
102
88
109
75
94
105
73
113
100
108
104
107
91
87
79
88
88
96
96
82
80
86
83
93
88
102
103
95
88
92
88
94
81
83
85
88
95
82
89
85
93
78
84
93
99
77
98
87
62
93
77
92
112
89
88
95
97
85
83
72
75
72
78
88
90
79
89
109
118
99
102
87
93
79
97
77
67
86
85
82
112
94
82
95
92
93
78
85
101
76
63
83
121
107
93
86
108
102
87
101
82
72
97
78
90
63
65
78
73
73
84
86
77
83
109
86
92
89
81
84
77
96
111
85
81
77
65
83
82
89
71
78
86
82
64
84
66
73
82
92
83
82
58
81
71
60
62
84
66
70
70
82
70
79
81
71
75
81
83
87
69
77
87
97
84
73
80
69
77
75
80
62
77
89
73
72
65
74
71
66
75
71
76
90
59
73
78
78
87
70
73
93
72
81
78
78
80
67
79
87
81
67
74
71
64
56
83
73
63
64
69
51
81
60
51
64
67
83
80
72
69
63
54
46
61
67
66
58
69
65
81
76
69
55
52
46
60
63
65
63
63
47
40
67
65
54
63
74
59
52
67
72
61
64
74
76
69
59
58
49
59
58
60
66
75
68
76
55
49
57
54
67
54
45
54
57
57
61
60
62
54
55
61
53
64
74
62
47
43
53
58
56
97
100
69
57
62
50
62
89
120
286
367
297
137
81
65
65
75
68
98
61
56
56
83
59
58
59
59
55
46
43
45
50
39
47
46
57
39
56
55
39
74
102
173
174
118
74
57
52
52
71
48
51
57
52
47
42
55
36
48
50
49
48
62
56
62
39
55
57
42
42
45
51
39
42
71
82
54
46
39
55
42
34
44
61
42
54
44
65
61
49
44
58
48
51
42
40
38
39
57
47
59
45
55
49
57
54
55
52
88
91
77
66
45
55
55
59
59
75
115
173
429
571
465
215
107
72
38
51
51
40
45
37
52
37
40
47
50
43
43
54
51
53
41
60
84
62
60
63
63
47
75
76
57
55
54
66
78
66
49
64
59
41
47
51
61
53
50
52
53
58
44
54
27
52
58
84
113
184
217
148
160
529
1070
1499
1039
376
114
70
45
43
35
42
48
35
35
44
39
33
39
35
26
44
39
46
31
39
44
44
59
42
49
40
37
45
32
34
41
44
45
40
37
49
35
35
33
40
31
37
37
39
43
44
42
37
39
39
40
43
65
87
65
43
45
27
46
46
54
38
37
39
51
43
42
46
45
51
50
34
38
37
28
30
25
36
30
40
33
25
28
33
41
45
35
37
42
32
26
36
29
40
28
34
30
42
32
33
30
30
38
38
37
21
34
35
34
33
37
40
43
50
40
23
24
53
19
39
34
36
37
38
29
30
26
33
32
33
45
38
32
40
32
53
56
47
55
42
43
43
31
32
37
44
30
32
28
32
41
23
35
36
34
33
28
15
25
30
30
30
35
31
41
37
29
33
33
33
31
35
26
20
22
33
27
29
38
42
32
37
35
36
25
29
41
45
43
50
32
27
24
25
22
38
39
31
30
27
32
33
54
40
31
25
31
31
35
28
34
31
39
35
30
27
28
34
27
34
29
21
29
23
31
29
29
32
23
33
30
29
31
35
32
33
33
32
32
39
52
74
60
69
53
39
16
25
27
28
29
29
31
24
23
31
17
22
22
30
27
34
35
46
51
76
67
37
35
38
17
23
25
22
40
16
29
41
35
33
36
24
26
29
30
26
26
35
30
28
30
27
25
33
30
27
18
22
18
31
16
24
20
28
17
21
40
27
21
23
30
26
32
24
35
38
34
45
44
24
23
34
24
23
25
32
27
20
19
27
30
15
26
32
31
37
35
23
25
24
28
19
28
32
35
27
33
21
28
26
29
20
24
17
24
30
26
25
18
20
14
15
28
26
31
18
21
26
22
19
31
26
20
24
22
23
19
25
36
28
18
21
15
23
18
25
19
18
32
26
34
28
34
34
28
31
19
20
18
25
28
24
17
21
17
23
32
15
27
21
24
21
13
26
19
19
27
18
25
20
36
21
19
22
18
18
23
20
23
22
34
19
18
12
21
21
21
17
17
15
17
17
26
24
19
22
26
17
18
19
28
28
23
23
26
16
17
22
16
22
22
25
19
14
17
11
21
15
15
18
17
22
31
23
18
17
23
22
20
29
18
22
26
21
17
24
20
21
20
29
13
20
25
22
26
24
22
25
22
34
41
48
45
35
19
21
21
23
22
18
24
16
18
24
39
38
45
22
22
21
22
25
35
25
23
17
16
15
20
17
15
14
24
25
24
15
37
26
24
18
9
25
23
16
17
22
16
27
24
21
17
23
24
14
23
22
19
16
12
16
23
18
11
16
14
28
24
19
17
27
16
14
25
21
22
28
22
24
16
16
23
21
13
19
26
17
24
24
21
19
12
5
11
13
13
16
20
16
8
14
17
15
13
11
18
23
21
33
24
20
22
22
22
25
18
18
13
19
19
25
11
22
20
21
19
20
17
9
16
18
17
14
26
23
28
29
31
30
34
27
22
18
20
16
17
17
16
24
19
37
25
34
26
21
15
14
14
18
15
17
12
15
24
14
15
16
11
10
20
14
16
16
16
13
10
23
17
15
14
20
10
15
13
13
12
14
18
19
19
14
9
19
15
14
17
23
17
16
15
20
14
14
16
17
16
14
14
15
12
15
12
11
17
11
10
17
20
22
17
16
18
24
16
13
15
21
12
8
16
16
15
19
12
17
13
9
8
19
22
10
13
12
16
21
12
15
11
12
16
15
16
16
18
12
17
13
12
12
21
16
9
14
13
14
12
9
12
21
13
10
15
15
12
18
15
18
14
19
17
13
19
23
24
17
23
21
18
21
17
16
13
12
18
10
11
10
17
14
13
10
20
17
14
15
15
10
17
16
21
11
12
14
12
14
17
12
7
12
13
14
16
20
10
12
17
13
13
17
17
11
19
24
16
17
9
24
16
14
13
14
11
12
12
11
10
7
9
13
10
14
13
20
13
10
10
12
13
13
12
18
12
10
10
12
17
16
21
18
17
8
19
9
6
14
10
10
14
16
16
10
9
9
17
19
12
13
11
12
9
13
11
13
11
22
15
14
12
15
11
14
11
13
14
17
16
13
6
12
17
13
13
16
15
16
19
14
12
7
9
13
16
22
11
19
12
10
15
19
13
22
9
14
10
16
17
9
11
10
15
15
10
14
7
10
14
14
20
14
19
10
13
5
10
12
12
6
7
12
8
8
9
5
8
16
15
14
16
8
10
12
13
10
16
13
11
16
9
17
8
11
14
15
10
9
12
12
13
15
17
12
13
13
14
3
10
12
15
11
17
21
8
8
10
18
16
11
12
19
18
15
15
17
16
21
12
12
19
18
15
17
17
12
12
8
10
13
18
18
13
13
22
15
14
18
12
12
18
14
18
14
18
11
10
13
16
11
17
13
19
10
13
14
7
15
18
7
10
13
8
8
8
11
8
13
10
11
5
11
9
10
8
17
11
6
9
14
13
7
11
12
13
8
9
5
13
11
15
12
13
8
5
9
10
9
13
14
11
12
9
11
9
14
7
11
6
10
7
15
7
11
12
9
17
8
8
10
15
7
14
9
16
9
17
16
10
7
12
13
14
9
13
10
9
20
9
12
12
6
6
13
7
10
9
15
11
9
9
17
12
8
12
14
18
19
15
9
10
16
15
6
12
13
15
15
10
10
12
6
11
10
13
15
6
11
16
11
12
7
17
6
12
8
12
10
8
11
9
7
10
4
8
11
12
7
13
11
8
7
8
11
9
10
9
7
5
10
8
6
13
17
8
17
17
9
13
9
12
10
3
6
10
15
11
11
15
12
10
15
11
11
12
10
12
13
7
8
6
11
9
6
9
6
8
9
6
15
3
10
5
18
6
6
7
3
9
10
7
10
13
4
7
12
9
10
5
8
10
9
8
4
9
10
9
13
12
8
13
8
11
19
12
16
13
9
14
11
9
13
8
8
11
9
12
8
9
10
3
11
5
10
7
6
8
9
15
11
9
11
15
7
17
12
14
10
4
11
8
5
2
6
6
8
6
11
10
11
6
7
5
10
5
5
4
7
5
9
6
10
9
11
13
8
10
12
13
14
16
7
8
8
17
13
1
11
9
4
8
9
7
7
8
7
11
8
9
14
6
12
15
6
7
5
5
9
12
12
9
11
7
7
10
8
12
5
14
13
7
4
10
6
12
11
15
10
14
7
9
5
12
9
11
9
8
8
10
8
12
12
8
7
6
7
6
7
1
4
7
6
7
6
8
5
12
8
14
5
11
5
3
9
4
5
11
11
9
6
7
7
13
11
9
13
7
6
6
15
10
7
3
6
8
4
9
8
16
10
9
13
12
11
11
7
9
16
11
10
7
6
3
9
7
10
14
9
8
4
3
4
7
4
7
3
7
3
5
5
7
9
10
5
8
7
7
9
7
7
4
3
5
9
3
5
4
6
10
8
8
7
6
8
3
6
6
5
4
4
4
5
4
5
4
3
6
7
5
10
7
5
6
8
5
5
5
6
4
4
8
9
8
6
5
6
7
5
12
3
5
3
4
6
7
8
4
6
3
2
3
5
6
5
3
5
5
6
2
6
3
5
5
4
4
4
4
4
5
8
8
5
7
8
3
11
5
5
7
4
7
1
6
7
4
6
11
7
4
4
3
4
6
5
5
6
9
8
5
9
5
7
6
5
4
5
4
9
6
3
10
4
6
7
4
2
3
2
9
6
3
7
5
4
5
5
4
9
9
3
1
2
5
2
4
7
9
9
9
4
10
4
5
7
5
7
7
3
6
4
5
6
7
3
2
6
4
11
8
6
2
5
5
5
3
6
5
1
4
0
7
9
11
5
9
3
11
6
7
6
12
7
1
4
4
3
5
2
3
6
5
4
6
8
3
8
7
1
1
5
4
2
2
2
5
7
1
5
3
5
5
6
1
7
3
5
3
4
6
5
2
1
5
4
6
5
6
3
1
7
4
4
6
10
6
5
7
4
5
5
6
1
3
8
1
6
6
9
5
3
6
8
3
7
1
1
4
1
5
3
5
2
1
8
4
4
2
4
4
3
4
5
2
7
4
4
3
2
2
3
4
4
2
8
8
6
9
4
5
4
2
10
0
3
4
8
4
2
3
1
2
4
9
3
2
4
2
2
4
4
3
6
4
4
2
5
11
5
5
3
4
5
4
1
6
2
9
6
2
3
2
5
6
3
4
7
2
3
5
5
2
5
4
4
5
1
5
4
4
1
3
6
8
3
2
3
3
2
3
5
5
6
2
2
2
6
5
2
8
3
5
4
4
6
3
4
2
2
8
7
0
8
4
7
7
6
3
3
6
5
9
3
2
6
5
7
5
2
1
4
2
2
3
6
4
5
1
1
2
3
7
5
7
2
4
3
3
2
2
5
5
7
6
7
0
3
5
1
5
4
3
2
4
4
5
10
2
1
1
4
4
4
5
4
7
3
1
3
3
0
4
6
7
2
2
3
4
3
6
4
4
4
3
5
1
2
1
1
3
2
2
5
1
3
4
3
5
7
6
2
2
0
4
6
4
6
1
1
3
4
2
3
1
1
4
4
4
4
3
6
2
0
2
4
4
2
1
1
3
4
3
5
4
4
4
3
4
1
3
1
4
3
2
4
1
6
3
2
5
3
7
4
5
4
2
2
5
3
6
8
1
3
5
4
7
3
4
2
4
2
5
3
5
7
2
6
5
2
2
4
3
3
4
4
3
7
2
3
4
6
4
3
0
1
3
4
1
2
5
1
6
3
2
2
2
4
1
3
1
6
3
3
2
4
1
7
0
3
6
3
3
5
4
2
6
6
4
4
3
2
3
4
1
0
5
1
2
3
4
5
0
2
4
2
6
6
5
2
6
4
4
3
1
1
3
5
5
3
3
0
3
4
3
7
5
4
4
5
6
3
6
2
5
4
5
3
5
2
2
0
2
2
3
3
4
3
1
3
4
1
0
5
4
2
2
4
0
1
1
0
4
2
2
4
1
3
2
1
2
2
6
2
2
4
4
2
3
2
5
2
3
3
4
5
4
4
1
2
1
5
5
3
7
6
3
4
3
5
2
6
2
3
3
5
3
1
3
2
2
3
3
6
4
1
4
3
2
1
0
2
2
0
4
2
1
1
2
4
2
4
5
2
5
6
3
2
3
5
2
3
2
2
1
2
0
3
0
1
2
2
1
1
4
6
4
1
2
9
11
1
1
7
5
1
2
1
5
4
3
2
3
1
3
2
6
4
2
2
1
4
2
3
2
3
6
8
0
1
1
3
4
1
1
4
0
4
3
1
3
2
4
3
2
2
0
2
3
0
3
5
4
3
3
2
0
2
7
0
4
2
3
4
0
4
2
0
1
3
2
1
4
2
0
4
4
4
4
1
0
1
0
2
4
9
0
1
3
3
2
4
6
2
1
3
2
3
2
2
5
2
1
5
9
5
1
7
3
3
2
1
3
1
2
3
0
4
3
1
3
4
6
2
1
0
0
2
1
0
3
1
1
2
1
5
2
2
4
2
3
2
0
2
5
1
6
2
2
2
0
2
6
3
4
3
5
2
1
4
6
4
4
1
1
3
0
0
2
2
1
3
8
3
3
2
1
0
5
1
2
2
2
0
2
1
6
4
1
2
1
2
2
1
3
2
4
2
2
3
1
1
1
4
6
1
0
3
4
1
1
4
3
2
3
4
5
3
4
1
1
4
3
5
0
2
4
1
4
2
3
4
3
0
2
5
1
2
1
0
1
4
1
2
3
2
4
0
3
1
1
2
3
2
0
1
4
2
0
3
5
4
2
1
2
3
2
0
1
3
1
4
1
4
5
1
4
1
3
0
4
3
1
3
1
1
2
3
2
2
2
3
3
2
2
4
3
2
2
3
1
4
1
2
3
0
4
0
2
2
2
1
0
2
1
2
0
2
1
1
0
0
3
4
1
1
0
1
2
1
2
1
2
2
4
0
1
1
0
3
1
4
1
1
1
1
2
3
2
1
0
0
2
3
1
2
2
1
4
3
2
3
2
3
2
2
1
2
2
3
1
2
0
3
1
3
2
1
1
5
3
7
4
3
2
2
1
3
0
2
0
0
2
0
1
1
2
1
3
1
4
1
2
2
3
1
4
3
1
1
4
3
1
3
1
1
1
2
1
1
2
1
4
5
1
2
4
1
1
1
1
3
2
2
2
1
3
2
2
1
1
1
1
2
3
0
1
1
2
0
1
3
0
3
2
1
1
1
2
2
2
0
1
1
2
2
2
1
2
4
1
0
3
2
4
4
2
2
2
2
4
2
1
1
3
2
1
3
2
1
0
1
4
2
1
4
2
3
0
1
2
1
0
2
1
2
4
2
1
2
1
2
2
3
2
2
1
1
2
1
4
4
1
2
3
2
2
0
3
1
2
8
1
2
0
1
4
3
2
6
1
1
2
1
0
5
1
2
3
0
4
1
4
1
2
0
2
2
3
2
2
5
2
3
2
2
4
1
1
2
1
0
1
4
3
1
2
1
1
1
5
4
0
1
0
0
4
2
0
1
1
2
2
1
1
4
1
2
1
2
5
4
3
3
2
3
0
1
2
3
1
0
2
4
3
4
3
2
2
2
1
4
1
1
1
0
2
0
3
2
1
2
0
1
2
0
1
1
0
2
3
4
2
4
5
0
2
5
1
2
4
0
2
2
2
2
4
1
1
1
3
3
2
1
1
4
1
1
2
1
4
1
3
2
1
0
3
0
3
0
1
1
1
2
0
1
1
3
2
0
2
0
2
4
2
3
6
3
3
0
3
3
1
6
2
2
5
2
1
4
2
1
3
1
0
1
1
2
1
0
1
1
0
1
1
2
1
1
0
1
2
0
0
0
1
4
2
3
2
1
2
1
3
1
1
3
2
1
3
0
0
0
1
1
4
0
1
1
4
2
2
3
1
0
2
4
1
2
4
1
1
2
0
1
2
1
2
3
2
2
1
1
0
0
0
1
2
1
1
3
4
2
0
2
1
0
0
0
1
2
0
0
1
1
1
2
2
2
1
1
2
1
1
1
3
2
0
4
2
1
0
4
1
0
1
2
2
1
2
3
2
0
1
0
1
1
1
1
0
1
4
2
1
1
2
2
1
1
0
2
1
1
2
4
1
1
2
1
1
0
1
0
1
0
1
1
1
2
2
1
0
0
1
1
1
1
5
1
0
4
0
1
2
1
1
2
2
2
1
2
1
1
0
0
0
1
3
0
0
1
3
3
1
1
1
2
1
0
1
2
0
0
0
3
0
2
2
0
1
1
2
0
0
2
1
2
3
0
2
0
1
3
5
2
0
1
4
4
1
2
9
4
0
4
4
3
5
2
0
3
3
1
1
0
0
1
0
1
1
0
1
0
1
2
2
1
1
1
1
2
0
1
0
1
0
2
2
1
1
0
1
3
4
0
1
0
0
0
0
1
1
0
1
0
2
1
1
0
4
2
0
0
1
1
1
2
2
2
2
0
0
0
0
1
1
0
2
2
3
1
0
0
1
1
2
1
1
1
2
3
3
1
0
2
0
3
0
2
2
0
1
5
2
2
0
0
0
0
2
1
1
1
2
2
2
1
2
1
1
1
1
0
2
1
0
2
3
1
0
1
2
2
1
2
0
1
1
2
3
2
1
0
1
1
1
1
2
1
1
2
2
0
2
2
2
0
2
1
0
2
1
1
0
1
1
2
3
2
0
2
3
0
1
1
3
2
0
1
1
3
3
3
0
4
1
2
0
1
0
1
2
2
3
0
3
1
2
3
0
0
0
0
1
2
0
0
1
1
1
2
1
1
2
0
0
1
1
1
2
2
2
2
0
2
0
1
0
1
0
0
0
0
1
1
0
1
2
0
0
1
0
1
0
0
1
2
0
0
2
0
1
1
0
1
1
1
1
1
1
1
1
0
1
2
0
0
2
2
1
3
1
0
1
0
2
2
1
1
0
0
0
3
1
1
1
0
1
3
0
0
0
1
0
0
2
1
0
1
2
0
1
2
0
0
1
0
3
1
3
1
2
0
0
2
1
2
1
1
0
4
1
2
2
1
0
0
0
1
1
3
0
1
3
3
1
0
1
4
0
0
2
3
0
0
3
0
0
5
4
3
0
1
0
1
1
1
1
2
0
2
0
0
1
0
1
1
1
0
2
2
0
0
2
3
2
1
2
1
0
0
0
1
0
2
1
1
1
3
0
2
1
2
0
1
0
1
1
0
1
2
0
1
0
0
0
1
0
0
1
3
1
0
3
0
5
0
0
0
1
2
1
2
1
0
2
2
1
4
0
1
1
0
2
2
1
1
1
1
0
0
0
2
2
3
1
1
1
0
1
2
1
1
1
1
0
1
1
1
1
1
0
0
0
1
1
0
0
0
0
3
0
1
1
0
2
0
0
0
0
1
3
0
1
1
0
2
0
2
1
0
0
2
1
1
0
2
1
2
1
2
2
0
2
1
0
0
0
4
0
2
0
5
0
0
0
1
3
2
0
1
3
1
0
2
1
1
1
2
0
1
0
1
1
1
4
1
1
1
1
1
2
0
1
0
0
1
3
0
1
3
1
1
0
2
0
2
1
0
0
0
2
0
0
0
0
0
0
1
1
2
3
1
2
1
3
3
1
1
2
3
0
1
0
2
2
1
0
1
4
1
3
0
1
0
1
1
4
2
1
2
1
1
0
1
2
0
0
0
4
1
2
0
1
1
0
1
0
3
0
1
2
1
0
0
1
1
0
1
1
0
2
1
1
0
0
0
0
0
3
1
1
0
0
1
1
2
0
0
0
0
2
4
2
0
1
3
0
1
1
1
1
0
0
1
1
0
1
1
1
0
3
0
0
1
4
0
0
0
2
1
0
0
0
1
2
1
0
0
0
3
0
1
2
3
1
3
0
0
0
0
0
1
0
0
0
1
2
1
2
2
0
2
1
1
2
0
0
0
1
3
0
1
0
0
1
0
0
0
1
1
0
3
0
0
1
0
0
0
0
1
0
1
0
1
1
4
0
0
0
2
0
1
0
2
1
1
1
0
3
2
1
2
0
2
0
1
4
2
0
2
1
0
1
1
1
2
2
0
1
0
1
2
0
0
1
1
3
0
2
2
3
0
0
0
0
0
0
0
2
0
2
1
0
2
0
1
0
1
2
5
4
0
0
1
1
1
0
1
2
0
2
0
1
1
1
1
1
1
1
1
0
1
2
2
0
1
0
1
3
0
1
1
1
0
0
2
0
2
0
0
0
2
0
0
1
1
0
1
0
1
1
1
2
1
2
1
0
0
0
2
1
1
1
2
0
1
2
1
0
0
1
2
1
0
3
1
0
1
0
2
0
0
1
2
0
2
0
2
2
2
0
1
0
2
1
0
2
1
0
0
1
1
0
3
0
1
1
1
1
4
2
1
1
1
1
0
1
3
0
0
0
1
1
1
0
1
0
0
1
1
0
1
1
1
2
2
2
4
0
1
0
0
0
0
1
0
1
2
0
1
2
1
1
1
0
0
0
1
3
1
0
1
2
1
1
1
0
1
0
0
1
0
2
1
0
2
1
2
1
1
1
0
0
2
1
0
2
0
2
2
1
0
0
0
0
0
0
0
0
2
1
1
1
0
0
0
2
0
1
0
1
1
1
1
0
1
0
1
1
2
2
0
2
0
0
2
1
3
1
0
2
0
1
0
2
0
1
0
2
0
1
0
1
0
1
1
2
0
2
0
1
1
2
1
0
1
0
0
1
1
0
1
0
0
0
1
1
2
1
0
2
0
0
3
0
1
0
1
0
0
0
0
1
2
0
1
0
1
1
1
1
1
1
0
1
0
3
1
0
1
0
1
0
3
0
3
0
0
1
2
1
2
1
0
2
0
1
1
1
1
2
2
2
0
1
0
1
0
2
0
2
0
0
0
0
0
2
1
1
0
0
0
0
1
2
0
0
1
0
3
0
3
3
0
1
2
0
1
0
0
3
1
1
3
0
0
1
0
4
0
0
0
0
0
2
0
0
0
0
1
0
1
0
1
0
1
0
2
1
0
0
1
0
0
2
0
0
2
1
0
0
0
0
2
1
0
0
1
1
0
0
0
1
0
0
0
0
4
1
1
3
1
1
1
0
0
1
1
0
2
0
0
2
1
1
1
1
0
1
0
1
0
1
0
1
0
1
1
0
3
0
0
2
1
0
0
0
1
1
2
3
2
1
3
0
0
0
4
1
0
0
3
0
1
0
0
1
1
1
1
2
0
0
0
0
1
1
1
1
0
2
0
1
0
1
1
1
1
1
0
0
1
1
2
1
0
0
0
2
0
3
0
1
1
0
3
0
0
0
3
1
1
0
0
1
1
0
1
1
2
0
0
0
1
1
0
0
1
0
0
1
0
1
4
0
0
1
1
1
0
0
1
2
1
0
1
1
1
0
0
0
0
0
0
0
1
0
2
1
0
0
0
0
0
1
0
0
0
0
1
1
0
2
1
0
0
0
1
2
1
1
1
1
2
2
0
2
1
0
0
1
1
0
0
0
2
2
1
3
1
0
1
0
2
2
1
1
1
2
2
1
1
1
2
1
1
0
3
0
1
2
1
1
1
2
2
1
0
2
1
1
2
3
3
2
0
3
1
2
1
0
1
3
0
0
1
1
4
2
1
0
2
1
2
0
2
2
2
2
1
2
0
0
1
0
1
0
1
1
3
2
2
1
1
1
1
1
0
3
0
0
1
3
1
0
1
1
1
0
2
1
0
0
1
1
1
1
1
3
1
1
2
0
3
4
2
0
1
0
2
1
3
3
0
0
1
0
1
1
1
0
1
0
1
0
0
0
2
0
1
0
1
2
1
1
0
2
1
0
1
3
1
0
2
1
1
1
0
0
0
2
1
2
3
1
2
1
0
3
1
2
0
0
1
1
2
2
0
1
1
1
0
0
1
0
0
1
2
2
0
0
1
1
0
0
2
0
0
1
1
0
0
0
1
1
1
0
0
0
0
3
1
4
0
0
2
0
4
2
2
0
1
0
0
0
1
0
1
2
0
0
0
0
0
1
0
2
1
1
0
0
1
1
1
0
1
2
0
0
1
1
0
2
0
1
0
1
0
0
0
0
1
0
0
0
4
1
0
1
0
1
0
1
1
1
1
1
2
1
0
2
1
2
0
0
0
1
1
1
3
1
1
3
1
1
0
0
0
2
0
1
0
1
1
2
1
0
0
2
1
1
0
0
0
0
0
0
2
0
1
0
0
0
0
1
0
3
0
1
3
1
0
0
1
2
1
1
2
0
2
4
0
0
2
0
1
1
0
2
2
0
0
3
0
1
1
0
1
1
0
0
0
0
1
1
0
0
0
0
5
1
0
0
1
0
1
1
0
1
1
0
1
5
3
4
1
3
3
2
4
4
2
6
3
6
1
4
9
5
4
2
2
1
3
4
4
2
3
2
4
5
5
2
4
3
4
7
3
5
3
5
3
5
4
3
3
5
8
3
3
2
4
3
3
4
3
2
3
2
4
1
3
2
5
5
4
8
2
4
3
4
4
0
3
2
5
5
0
2
4
6
4
6
2
4
3
3
2
2
2
3
4
2
2
3
3
3
4
2
1
2
4
5
3
5
2
5
1
5
1
5
5
1
2
3
5
1
3
3
3
3
3
5
5
2
6
2
1
3
0
5
6
1
2
2
2
3
3
1
5
4
2
2
4
4
3
6
3
5
5
4
4
4
2
2
3
1
4
5
3
3
3
7
6
6
2
5
6
0
2
4
0
2
2
5
2
2
2
3
6
7
4
5
3
4
2
1
2
3
0
1
3
6
1
2
5
6
4
5
4
3
2
4
5
4
2
4
4
0
2
2
2
1
2
7
4
4
5
3
2
2
2
1
4
3
3
3
1
4
3
5
3
4
4
3
5
3
1
3
7
6
6
11
0
2
8
8
5
7
13
8
12
15
4
4
8
5
3
6
2
0
2
6
4
2
3
4
5
5
4
6
4
7
4
6
6
4
5
2
4
5
1
3
5
4
2
2
3
7
2
11
3
0
7
5
3
5
4
1
3
2
3
3
0
3
4
1
4
5
5
4
4
5
1
1
5
2
4
4
3
6
2
3
4
3
2
3
3
5
6
7
6
3
5
6
1
5
5
3
3
4
6
8
2
4
2
3
2
4
6
8
7
2
3
3
5
3
7
2
1
2
4
2
1
9
4
4
3
4
3
5
6
3
2
4
4
4
4
2
3
5
2
6
2
1
3
2
3
2
3
6
4
6
3
4
2
3
4
4
8
5
12
4
10
6
8
4
10
4
5
4
9
12
8
11
6
9
19
22
7
27
13
16
15
14
15
6
1
1
1
0
1
0
0
0
0
0
0
0
0
0
0
0
0
0
0
0
0
0
0
0
0
0
0
0
0
0
0
0
0
0
0
0
0
0
0
0
0
0
0
0
0
0
0
0
0
0
0
0
0
0
0
0
0
0
0
0
0
0
0
0
0
0
0
0
0
0
0
0
0
0
0
0
0
0
0
0
0
0
0
0
0
0
0
0
0
0
0
0
0
0
0
0
0
0
0
0
0
0
0
0
0
0
0
0
0
0
0
0
0
0
0
0
0
0
0
0
0
0
0
0
0
0
0
0
0
0
0
0
0
0
0
0
0
0
0
0
0
0
0
0
0
0
0
0
0
0
0
0
0
0
0
0
0
0
0
0
0
0
0
0
0
0
0
0
0
0
0
0
0
0
0
0
0
0
0
0
0
0
0
0
0
0
0
0
0
0
0
0
0
0
0
0
0
0
0
0
0
0
0
0
0
0
0
0
0
0
0
0
0
0
0
0
0
0
0
0
0
0
0
0
0
0
0
0
0
0
0
0
0
0
0
0
0
0
0
0
0
0
0
0
0
0
0
0
0
0
0
0
0
0
0
0
0
0
0
0
0
0
0
0
0
0
0
0
0
0
0
0
0
0
0
0
0
0
0
0
0
0
0
0
0
0
0
0
0
0
0
0
0
0
0
0
0
0
0
0
0
0
0
0
0
0
0
0
0
0
0
0
0
0
0
0
0
0
0
0
0
0
0
0
0
0
0
0
0
0
0
0
0
0
0
0
0
0
0
0
0
0
0
0
0
0
0
0
0
0
0
0
0
0
0
0
0
0
0
0
0
0
0
0
19031
19031
19031
19031
19031
19031
19031
19031
19031
19031
19031
19031
19031
19031
19031
19031
19031
19031
19031
19031
19031
19031
19031
19031
19031
19031
19031
19031
19031
19031
19031
19031
19031
19031
19031
19031
19031
19031
19031
19031
19031
19031
19031
19031
19031
19031
19031
19031
19031
19031
19031
19031
19031
19031
19031
19031
19031
19031
19031
19031
19031
19031
19031
19031
19031
19031
19031
19031
19031
19031
19031
19031
19031
19031
19031
19031
19031
19031
19031
19031
19031
19031
19031
19031
19031
19031
19031
19031
19031
19031
19031
19031
19031
19031
19031
19031
19031
19031
19031
19031
19031
19031
19031
19031
19031
19031
19031
19031
19031
19031
19031
19031
19031
19031
19031
19031
19031
19031
19031
19031
19031
19031
19031
19031
19031
19031
19031
19031
19031
19031
19031
19031
19031
19031
19031
19031
19031
19031
19031
19031
19031
19031
19031
19031
19031
19031
19031
19031
19031
19031
19031
19031
19031
19031
19031
19031
19031
19031
19031
19031
19031
19031
19031
19031
19031
19031
19031
19031
19031
19031
19031
19031
19031
19031
19031
19031
19031
19031
19031
19031
19031
19031
19031
19031
19031
19031
19031
19031
19031
19031
19031
19031
19031
19031
19031
19031
19031
19031
19031
19031
19031
19031
19031
19031
19031
19031
19031
19031
19031
19031
19031
19031
19031
19031
19031
19031
19031
19031
19031
19031
19031
19031
19031
19031
19031
19031
19031
19031
19031
19031
19031
19031
19031
19031
19031
19031
19031
19031
19031
19031
19031
19031
19031
19031
19031
19031
19031
19031
19031
19031
19031
19031
19031
19031
19031
19031
19031
19031
19031
19031
19031
19031
19031
19031
19031
19031
19031
19031
19031
19031
19031
19031
19031
19031
19031
19031
19031
19031
19031
19031
19031
19031
19031
19031
19031
19031
19031
19031
19031
19031
19031
19031
19031
19031
19031
19031
19031
19031
19031
19031
19031
19031
19031
19031
19031
19031
19031
19031
19031
19031
19031
19031
19031
19031
19031
19031
19031
19031
19031
19031
19031
19031
19031
19031
19031
19031
19031
19031
19031
19031
19031
19031
19031
19031
19031
19031
19031
19031
19031
19031
19031
19031
19031
19031
19031
19031
19031
19031
19031
19031
19031
19031
19031
19031
19031
19031
19031
19031
19031
19031
19031
19031
19031
19031
19031
19031
19031
19031
19031
19031
19031
19031
19031
19031
19031
19031
19031
19031
19031
19031
19031
19031
19031
19031
19031
19031
19031
19031
19031
19031
19031
19031
19031
19031
19031
19031
19031
19031
19031
19031
19031
19031
19031
19031
19031
19031
19031
19031
19031
19031
19031
19031
19031
19031
19031
19031
19031
19031
19031
19031
19031
19031
19031
19031
19031
19031
19031
19031
19031
19031
19031
19031
19031
19031
19031
19031
19031
19031
19031
19031
19031
19031
19031
19031
19031
19031
19031
19031
19031
19031
19031
19031
19031
19031
19031
19031
19031
19031
19031
19031
19031
19031
19031
19031
19031
19031
19031
19031
19031
19031
19031
19031
19031
19031
19031
19031
19031
19031
19031
19031
19031
19031
19031
19031
19031
19031
19031
19031
19031
19031
19031
19031
19031
19031
19031
19031
19031
19031
19031
19031
19031
19031
19031
19031
19031
19031
19031
19031
19031
19031
19031
19031
19031
19031
19031
19031
19031
19031
19031
19031
19031
19031
19031
19031
19031
19031
19031
19031
19031
19031
19031
19031
19031
19031
19031
19031
19031
19031
19031
19031
19031
19031
19031
19031
19031
19031
19031
19031
19031
19031
19031
19031
19031
19031
19031
19031
19031
19031
19031
19031
19031
19031
19031
19031
19031
19031
19031
19031
19031
19031
19031
19031
19031
19031
19031
19031
19031
19031
19031
19031
19031
19031
19031
19031
19031
19031
19031
19031
19031
19031
19031
19031
19031
19031
19031
19031
19031
19031
19031
19031
19031
19031
19031
19031
19031
19031
19031
19031
19031
19031
19031
19031
19031
19031
19031
19031
19031
19031
19031
19031
19031
19031
19031
19031
19031
19031
19031
19031
19031
19031
19031
19031
19031
19031
19031
19031
19031
19031
19031
19031
19031
19031
19031
19031
19031
19031
19031
19031
19031
19031
19031
19031
19031
19031
19031
19031
19031
19031
19031
19031
19031
19031
19031
19031
19031
19031
19031
19031
19031
19031
19031
19031
19031
19031
19031
19031
19031
19031
19031
19031
19031
19031
19031
19031
19031
19031
19031
19031
19031
19031
19031
19031
19031
19031
19031
19031
19031
19031
19031
19031
19031
19031
19031
19031
19031
19031
19031
19031
19031
19031
19031
19031
19031
19031
19031
19031
19031
19031
19031
19031
19031
19031
19031
19031
19031
19031
19031
19031
19031
19031
19031
19031
19031
19031
19031
19031
19031
19031
19031
19031
19031
19031
19031
19031
19031
19031
19031
19031
19031
19031
19031
19031
19031
19031
19031
19031
19031
19031
19031
19031
19031
19031
19031
19031
19031
19031
19031
19031
19031
19031
19031
19031
19031
19031
19031
19031
19031
19031
19031
19031
19031
19031
19031
19031
19031
19031
19031
19031
19031
19031
19031
19031
19031
19031
19031
19031
19031
19031
19031
19031
19031
19031
19031
19031
19031
19031
19031
19031
19031
19031
19031
19031
19031
19031
19031
19031
19031
19031
19031
19031
19031
19031
19031
19031
19031
19031
19031
19031
19031
19031
19031
19031
19031
19031
19031
19031
19031
19031
19031
19031
19031
19031
19031
19031
19031
19031
19031
19031
19031
19031
19031
19031
19031
19031
19031
19031
19031
19031
19031
19031
19031
19031
19031
19031
19031
19031
19031
19031
19031
19031
19031
19031
19031
19031
19031
19031
19031
19031
19031
19031
19031
19031
19031
19031
19031
19031
19031
19031
19031
19031
19031
19031
19031
19031
19031
19031
19031
19031
19031
19031
19031
19031
19031
19031
19031
19031
19031
19031
19031
19031
19031
19031
19031
19031
19031
19031
19031
19031
19031
19031
19031
19031
19031
19031
19031
19031
19031
19031
19031
19031
19031
19031
19031
19031
19031
19031
19031
19031
19031
19031
19031
19031
19031
19031
19031
19031
19031
19031
19031
19031
19031
19031
19031
19031
19031
19031
19031
19031
19031
19031
19031
19031
19031
19031
19031
19031
19031
19031
19031
19031
19031
19031
19031
19031
19031
19031
19031
19031
19031
19031
19031
19031
19031
19031
19031
19031
19031
19031
19031
19031
19031
19031
19031
19031
19031
19031
19031
19031
19031
19031
19031
19031
19031
19031
19031
19031
19031
19031
19031
19031
19031
19031
19031
19031
19031
19031
19031
19031
19031
19031
19031
19031
19031
19031
19031
19031
19031
19031
19031
19031
19031
19031
19031
19031
19031
19031
19031
19031
19031
19031
19031
19031
19031
19031
19031
19031
19031
19031
19031
19031
19031
19031
19031
19031
19031
19031
19031
19031
19031
19031
19031
19031
19031
19031
19031
19031
19031
19031
19031
19031
19031
19031
19031
19031
19031
19031
19031
19031
19031
19031
19031
19031
19031
19031
19031
19031
19031
19031
19031
19031
19031
19031
19031
19031
19031
19031
19031
19031
19031
19031
19031
19031
19031
19031
19031
19031
19031
19031
19031
19031
19031
19031
19031
19031
19031
19031
19031
19031
19031
19031
19031
19031
19031
19031
19031
19031
19031
19031
19031
19031
19031
19031
19031
19031
19031
19031
19031
19031
19031
19031
19031
19031
19031
19031
19031
19031
19031
19031
19031
19031
19031
19031
19031
19031
19031
19031
19031
19031
19031
19031
19031
19031
19031
19031
19031
19031
19031
19031
19031
19031
19031
19031
19031
19031
19031
19031
19031
19031
19031
19031
19031
19031
19031
19031
19031
19031
19031
19031
19031
19031
19031
19031
19031
19031
19031
19031
19031
19031
19031
19031
19031
19031
19031
19031
19031
19031
19031
19031
19031
19031
19031
19031
19031
19031
19031
19031
19031
19031
19031
19031
19031
19031
19031
19031
19031
19031
19031
19031
19031
19031
19031
19031
19031
19031
19031
19031
19031
19031
19031
19031
19031
19031
19031
19031
19031
19031
19031
19031
19031
19031
19031
19031
19031
19031
19031
19031
19031
19031
19031
19031
19031
19031
19031
19031
19031
19031
19031
19031
19031
19031
19031
19031
19031
19031
19031
19031
19031
19031
19031
19031
19031
19031
19031
19031
19031
19031
19031
19031
19031
19031
19031
19031
19031
19031
19031
19031
19031
19031
19031
19031
19031
19031
19031
19031
19031
19031
19031
19031
19031
19031
19031
19031
19031
19031
19031
19031
19031
19031
19031
19031
19031
19031
19031
19031
19031
19031
19031
19031
19031
19031
19031
19031
19031
19031
19031
19031
19031
19031
19031
19031
19031
19031
19031
19031
19031
19031
19031
19031
19031
19031
19031
19031
19031
19031
19031
19031
19031
19031
19031
19031
19031
19031
19031
19031
19031
19031
19031
19031
19031
19031
19031
19031
19031
19031
19031
19031
19031
19031
19031
19031
19031
19031
19031
19031
19031
19031
19031
19031
19031
19031
19031
19031
19031
19031
19031
19031
19031
19031
19031
19031
19031
19031
19031
19031
19031
19031
19031
19031
19031
19031
19031
19031
19031
19031
19031
19031
19031
19031
19031
19031
19031
19031
19031
19031
19031
19031
19031
19031
19031
19031
19031
19031
19031
19031
19031
19031
19031
19031
19031
19031
19031
19031
19031
19031
19031
19031
19031
19031
19031
19031
19031
19031
19031
19031
19031
19031
19031
19031
19031
19031
19031
19031
19031
19031
19031
19031
19031
19031
19031
19031
19031
19031
19031
19031
19031
19031
19031
19031
19031
19031
19031
19031
19031
19031
19031
19031
19031
19031
19031
19031
19031
19031
19031
19031
19031
19031
19031
19031
19031
19031
19031
19031
19031
19031
19031
19031
19031
19031
19031
19031
19031
19031
19031
19031
19031
19031
19031
19031
19031
19031
19031
19031
19031
19031
19031
19031
19031
19031
19031
19031
19031
19031
19031
19031
19031
19031
19031
19031
19031
19031
19031
19031
19031
19031
19031
19031
19031
19031
19031
19031
19031
19031
19031
19031
19031
19031
19031
19031
19031
19031
19031
19031
19031
19031
19031
19031
19031
19031
19031
19031
19031
19031
19031
19031
19031
19031
19031
19031
19031
19031
19031
19031
19031
19031
19031
19031
19031
19031
19031
19031
19031
19031
19031
19031
19031
19031
19031
19031
19031
19031
19031
19031
19031
19031
19031
19031
19031
19031
19031
19031
19031
19031
19031
19031
19031
19031
19031
19031
19031
19031
19031
19031
19031
19031
19031
19031
19031
19031
19031
19031
19031
19031
19031
19031
19031
19031
19031
19031
19031
19031
19031
19031
19031
19031
19031
19031
19031
19031
19031
19031
19031
19031
19031
19031
19031
19031
19031
19031
19031
19031
19031
19031
19031
19031
19031
19031
19031
19031
19031
19031
19031
19031
19031
19031
19031
19031
19031
19031
19031
19031
19031
19031
19031
19031
19031
19031
19031
19031
19031
19031
19031
19031
19031
19031
19031
19031
19031
19031
19031
19031
19031
19031
19031
19031
19031
19031
19031
19031
19031
19031
19031
19031
19031
19031
19031
19031
19031
19031
19031
19031
19031
19031
19031
19031
19031
19031
19031
19031
19031
19031
19031
19031
19031
19031
19031
19031
19031
19031
19031
19031
19031
19031
19031
19031
19031
19031
19031
19031
19031
19031
19031
19031
19031
19031
19031
19031
19031
19031
19031
19031
19031
19031
19031
19031
19031
19031
19031
19031
19031
19031
19031
19031
19031
19031
19031
19031
19031
19031
19031
19031
19031
19031
19031
19031
19031
19031
19031
19031
19031
19031
19031
19031
19031
19031
19031
19031
19031
19031
19031
19031
19031
19031
19031
19031
19031
19031
19031
19031
19031
19031
19031
19031
19031
19031
19031
19031
19031
19031
19031
19031
19031
19031
19031
19031
19031
19031
19031
19031
19031
19031
19031
19031
19031
19031
19031
19031
19031
19031
19031
19031
19031
19031
19031
19031
19031
19031
19031
19031
19031
19031
19031
19031
19031
19031
19031
19031
19031
19031
19031
19031
19031
19031
19031
19031
19031
19031
19031
19031
19031
19031
19031
19031
19031
19031
19031
19031
19031
19031
19031
19031
19031
19031
19031
19031
19031
19031
19031
19031
19031
19031
19031
19031
19031
19031
19031
19031
19031
19031
19031
19031
19031
19031
19031
19031
19031
19031
19031
19031
19031
19031
19031
19031
19031
19031
19031
19031
19031
19031
19031
19031
19031
19031
19031
19031
19031
19031
19031
19031
19031
19031
19031
19031
19031
19031
19031
19031
19031
19031
19031
19031
19031
19031
19031
19031
19031
19031
19031
19031
19031
19031
19031
19031
19031
19031
19031
19031
19031
19031
19031
19031
19031
19031
19031
19031
19031
19031
19031
19031
19031
19031
19031
19031
19031
19031
19031
19031
19031
19031
19031
19031
19031
19031
19031
19031
19031
19031
19031
19031
19031
19031
19031
19031
19031
19031
19031
19031
19031
19031
19031
19031
19031
19031
19031
19031
19031
19031
19031
19031
19031
19031
19031
19031
19031
19031
19031
19031
19031
19031
19031
19031
19031
19031
19031
19031
19031
19031
19031
19031
19031
19031
19031
19031
19031
19031
19031
19031
19031
19031
19031
19031
19031
19031
19031
19031
19031
19031
19031
19031
19031
19031
19031
19031
19031
19031
19031
19031
19031
19031
19031
19031
19031
19031
19031
19031
19031
19031
19031
19031
19031
19031
19031
19031
19031
19031
19031
19031
19031
19031
19031
19031
19031
19031
19031
19031
19031
19031
19031
19031
19031
19031
19031
19031
19031
19031
19031
19031
19031
19031
19031
19031
19031
19031
19031
19031
19031
19031
19031
19031
19031
19031
19031
19031
19031
19031
19031
19031
19031
19031
19031
19031
19031
19031
19031
19031
19031
19031
19031
19031
19031
19031
19031
19031
19031
19031
19031
19031
19031
19031
19031
19031
19031
19031
19031
19031
19031
19031
19031
19031
19031
19031
19031
19031
19031
19031
19031
19031
19031
19031
19031
19031
19031
19031
19031
19031
19031
19031
19031
19031
19031
19031
19031
19031
19031
19031
19031
19031
19031
19031
19031
19031
19031
19031
19031
19031
19031
19031
19031
19031
19031
19031
19031
19031
19031
19031
19031
19031
19031
19031
19031
19031
19031
19031
19031
19031
19031
19031
19031
19031
19031
19031
19031
19031
19031
19031
19031
19031
19031
19031
19031
19031
19031
19031
19031
19031
19031
19031
19031
19031
19031
19031
19031
19031
19031
19031
19031
19031
19031
19031
19031
19031
19031
19031
19031
19031
19031
19031
19031
19031
19031
19031
19031
19031
19031
19031
19031
19031
19031
19031
19031
19031
19031
19031
19031
19031
19031
19031
19031
19031
19031
19031
19031
19031
19031
19031
19031
19031
19031
19031
19031
19031
19031
19031
19031
19031
19031
19031
19031
19031
19031
19031
19031
19031
19031
19031
19031
19031
19031
19031
19031
19031
19031
19031
19031
19031
19031
19031
19031
19031
19031
19031
19031
19031
19031
19031
19031
19031
19031
19031
19031
19031
19031
19031
19031
19031
19031
19031
19031
19031
19031
19031
19031
19031
19031
19031
19031
19031
19031
19031
19031
19031
19031
19031
19031
19031
19031
19031
19031
19031
19031
19031
19031
19031
19031
19031
19031
19031
19031
19031
19031
19031
19031
19031
19031
19031
19031
19031
19031
19031
19031
19031
19031
19031
19031
19031
19031
19031
19031
19031
19031
19031
19031
19031
19031
19031
19031
19031
19031
19031
19031
19031
19031
19031
19031
19031
19031
19031
19031
19031
19031
19031
19031
19031
19031
19031
19031
19031
19031
19031
19031
19031
19031
19031
19031
19031
19031
19031
19031
19031
19031
19031
19031
19031
19031
19031
19031
19031
19031
19031
19031
19031
19031
19031
19031
19031
19031
19031
19031
19031
19031
19031
19031
19031
19031
19031
19031
19031
19031
19031
19031
19031
19031
19031
19031
19031
19031
19031
19031
19031
19031
19031
19031
19031
19031
19031
19031
19031
19031
19031
19031
19031
19031
19031
19031
19031
19031
19031
19031
19031
19031
19031
19031
19031
19031
19031
19031
19031
19031
19031
19031
19031
19031
19031
19031
19031
19031
19031
19031
19031
19031
19031
19031
19031
19031
19031
19031
19031
19031
19031
19031
19031
19031
19031
19031
19031
19031
19031
19031
19031
19031
19031
19031
19031
19031
19031
19031
19031
19031
19031
19031
19031
19031
19031
19031
19031
19031
19031
19031
19031
19031
19031
19031
19031
19031
19031
19031
19031
19031
19031
19031
19031
19031
19031
19031
19031
19031
19031
19031
19031
19031
19031
19031
19031
19031
19031
19031
19031
19031
19031
19031
19031
19031
19031
19031
19031
19031
19031
19031
19031
19031
19031
19031
19031
19031
19031
19031
19031
19031
19031
19031
19031
19031
19031
19031
19031
19031
19031
19031
19031
19031
19031
19031
19031
19031
19031
19031
19031
19031
19031
19031
19031
19031
19031
19031
19031
19031
19031
19031
19031
19031
19031
19031
19031
19031
19031
19031
19031
19031
19031
19031
19031
19031
19031
19031
19031
19031
19031
19031
19031
19031
19031
19031
19031
19031
19031
19031
19031
19031
19031
19031
19031
19031
19031
19031
19031
19031
19031
19031
19031
19031
19031
19031
19031
19031
19031
19031
19031
19031
19031
19031
19031
19031
19031
19031
19031
19031
19031
19031
19031
19031
19031
19031
19031
19031
19031
19031
19031
19031
19031
19031
19031
19031
19031
19031
19031
19031
19031
19031
19031
19031
19031
19031
19031
19031
19031
19031
19031
19031
19031
19031
19031
19031
19031
19031
19031
19031
19031
19031
19031
19031
19031
19031
19031
19031
19031
19031
19031
19031
19031
19031
19031
19031
19031
19031
19031
19031
19031
19031
19031
19031
19031
19031
19031
19031
19031
19031
19031
19031
19031
19031
19031
19031
19031
19031
19031
19031
19031
19031
19031
19031
19031
19031
19031
19031
19031
19031
19031
19031
19031
19031
19031
19031
19031
19031
19031
19031
19031
19031
19031
19031
19031
19031
19031
19031
19031
19031
19031
19031
19031
19031
19031
19031
19031
19031
19031
19031
19031
19031
19031
19031
19031
19031
19031
19031
19031
19031
19031
19031
19031
19031
19031
19031
19031
19031
19031
19031
19031
19031
19031
19031
19031
19031
19031
19031
19031
19031
19031
19031
19031
19031
19031
19031
19031
19031
19031
19031
19031
19031
19031
19031
19031
19031
19031
19031
19031
19031
19031
19031
19031
19031
19031
19031
19031
19031
19031
19031
19031
19031
19031
19031
19031
19031
19031
19031
19031
19031
19031
19031
19031
19031
19031
19031
19031
19031
19031
19031
19031
19031
19031
19031
19031
19031
19031
19031
19031
19031
19031
19031
19031
19031
19031
19031
19031
19031
19031
19031
19031
19031
19031
19031
19031
19031
19031
19031
19031
19031
19031
19031
19031
19031
19031
19031
19031
19031
19031
19031
19031
19031
19031
19031
19031
19031
19031
19031
19031
19031
19031
19031
19031
19031
19031
19031
19031
19031
19031
19031
19031
19031
19031
19031
19031
19031
19031
19031
19031
19031
19031
19031
19031
19031
19031
19031
19031
19031
19031
19031
19031
19031
19031
19031
19031
19031
19031
19031
19031
19031
19031
19031
19031
19031
19031
19031
19031
19031
19031
19031
19031
19031
19031
19031
19031
19031
19031
19031
19031
19031
19031
19031
19031
19031
19031
19031
19031
19031
19031
19031
19031
19031
19031
19031
19031
19031
19031
19031
19031
19031
19031
19031
19031
19031
19031
19031
19031
19031
19031
19031
19031
19031
19031
19031
19031
19031
19031
19031
19031
19031
19031
19031
19031
19031
19031
19031
19031
19031
19031
19031
19031
19031
19031
19031
19031
19031
19031
19031
19031
19031
19031
19031
19031
19031
19031
19031
19031
19031
19031
19031
19031
19031
19031
19031
19031
19031
19031
19031
19031
19031
19031
19031
19031
19031
19031
19031
19031
19031
19031
19031
19031
19031
19031
19031
19031
19031
19031
19031
19031
19031
19031
19031
19031
19031
19031
19031
19031
19031
19031
19031
19031
19031
19031
19031
19031
19031
19031
19031
19031
19031
19031
19031
19031
19031
19031
19031
19031
19031
19031
19031
19031
19031
19031
19031
19031
19031
19031
19031
19031
19031
19031
19031
19031
19031
19031
19031
19031
19031
19031
19031
19031
19031
19031
19031
19031
19031
19031
19031
19031
19031
19031
19031
19031
19031
19031
19031
19031
19031
19031
19031
19031
19031
19031
19031
19031
19031
19031
19031
19031
19031
19031
19031
19031
19031
19031
19031
19031
19031
19031
19031
19031
19031
19031
19031
19031
19031
19031
19031
19031
19031
19031
19031
19031
19031
19031
19031
19031
19031
19031
19031
19031
19031
19031
19031
19031
19031
19031
19031
19031
19031
19031
19031
19031
19031
19031
19031
19031
19031
19031
19031
19031
19031
19031
19031
19031
19031
19031
19031
19031
19031
19031
19031
19031
19031
19031
19031
19031
19031
19031
19031
19031
19031
19031
19031
19031
19031
19031
19031
19031
19031
19031
19031
19031
19031
19031
19031
19031
19031
19031
19031
19031
19031
19031
19031
19031
19031
19031
19031
19031
19031
19031
19031
19031
19031
19031
19031
19031
19031
19031
19031
19031
19031
19031
19031
19031
19031
19031
19031
19031
19031
19031
19031
19031
19031
19031
19031
19031
19031
19031
19031
19031
19031
19031
19031
19031
19031
19031
19031
19031
19031
19031
19031
19031
19031
19031
19031
19031
19031
19031
19031
19031
19031
19031
19031
19031
19031
19031
19031
19031
19031
19031
19031
19031
19031
19031
19031
19031
19031
19031
19031
19031
19031
19031
19031
19031
19031
19031
19031
19031
19031
19031
19031
19031
19031
19031
19031
19031
19031
19031
19031
19031
19031
19031
19031
19031
19031
19031
19031
19031
19031
19031
19031
19031
19031
19031
19031
19031
19031
19031
19031
19031
19031
19031
19031
19031
19031
19031
19031
19031
19031
19031
19031
19031
19031
19031
19031
19031
19031
19031
19031
19031
19031
19031
19031
19031
19031
19031
19031
19031
19031
19031
19031
19031
19031
19031
19031
19031
19031
19031
19031
19031
19031
19031
19031
19031
19031
19031
19031
19031
19031
19031
19031
19031
19031
19031
19031
19031
19031
19031
19031
19031
19031
19031
19031
19031
19031
19031
19031
19031
19031
19031
19031
19031
19031
19031
19031
19031
19031
19031
19031
19031
19031
19031
19031
19031
19031
19031
19031
19031
19031
19031
19031
19031
19031
19031
19031
19031
19031
19031
19031
19031
19031
19031
19031
19031
19031
19031
19031
19031
19031
19031
19031
19031
19031
19031
19031
19031
19031
19031
19031
19031
19031
19031
19031
19031
19031
19031
19031
19031
19031
19031
19031
19031
19031
19031
19031
19031
19031
19031
19031
19031
19031
19031
19031
19031
19031
19031
19031
19031
19031
19031
19031
19031
19031
19031
19031
19031
19031
19031
19031
19031
19031
19031
19031
19031
19031
19031
19031
19031
19031
19031
19031
19031
19031
19031
19031
19031
19031
19031
19031
19031
19031
19031
19031
19031
19031
19031
19031
19031
19031
19031
19031
19031
19031
19031
19031
19031
19031
19031
19031
19031
19031
19031
19031
19031
19031
19031
19031
19031
19031
19031
19031
19031
19031
19031
19031
19031
19031
19031
19031
19031
19031
19031
19031
19031
19031
19031
19031
19031
19031
19031
19031
19031
19031
19031
19031
19031
19031
19031
19031
19031
19031
19031
19031
19031
19031
19031
19031
19031
19031
19031
19031
19031
19031
19031
19031
19031
19031
19031
19031
19031
19031
19031
19031
19031
19031
19031
19031
19031
19031
19031
19031
19031
19031
19031
19031
19031
19031
19031
19031
19031
19031
19031
19031
19031
19031
19031
19031
19031
19031
19031
19031
19031
19031
19031
19031
19031
19031
19031
19031
19031
19031
19031
19031
19031
19031
19031
19031
19031
19031
19031
19031
19031
19031
19031
19031
19031
19031
19031
19031
19031
19031
19031
19031
19031
19031
19031
19031
19031
19031
19031
19031
19031
19031
19031
19031
19031
19031
19031
19031
19031
19031
19031
19031
19031
19031
19031
19031
19031
19031
19031
19031
19031
19031
19031
19031
19031
19031
19031
19031
19031
19031
19031
19031
19031
19031
19031
19031
19031
19031
19031
19031
19031
19031
19031
19031
19031
19031
19031
19031
19031
19031
19031
19031
19031
19031
19031
19031
19031
19031
19031
19031
19031
19031
19031
19031
19031
19031
19031
19031
19031
19031
19031
19031
19031
19031
19031
19031
19031
19031
19031
19031
19031
19031
19031
19031
19031
19031
19031
19031
19031
19031
19031
19031
19031
19031
19031
19031
19031
19031
19031
19031
19031
19031
19031
19031
19031
19031
19031
19031
19031
19031
19031
19031
19031
19031
19031
19031
19031
19031
19031
19031
19031
19031
19031
19031
19031
19031
19031
19031
19031
19031
19031
19031
19031
19031
19031
19031
19031
19031
19031
19031
19031
19031
19031
19031
19031
19031
19031
19031
19031
19031
19031
19031
19031
19031
19031
19031
19031
19031
19031
19031
19031
19031
19031
19031
19031
19031
19031
19031
19031
19031
19031
19031
19031
19031
19031
19031
19031
19031
19031
19031
19031
19031
19031
19031
19031
19031
19031
19031
19031
19031
19031
19031
19031
19031
19031
19031
19031
19031
19031
19031
19031
19031
19031
19031
19031
19031
19031
19031
19031
19031
19031
19031
19031
19031
19031
19031
19031
19031
19031
19031
19031
19031
19031
19031
19031
19031
19031
19031
19031
19031
19031
19031
19031
19031
19031
19031
19031
19031
19031
19031
19031
19031
19031
19031
19031
19031
19031
19031
19031
19031
19031
19031
19031
19031
19031
19031
19031
19031
19031
19031
19031
19031
19031
19031
19031
19031
19031
19031
19031
19031
19031
19031
19031
19031
19031
19031
19031
19031
19031
19031
19031
19031
19031
19031
19031
19031
19031
19031
19031
19031
19031
19031
19031
19031
19031
19031
19031
19031
19031
19031
19031
19031
19031
19031
19031
19031
19031
19031
19031
19031
19031
19031
19031
19031
19031
19031
19031
19031
19031
19031
19031
19031
19031
19031
19031
19031
19031
19031
19031
19031
19031
19031
19031
19031
19031
19031
19031
19031
19031
19031
19031
19031
19031
19031
19031
19031
19031
19031
19031
19031
19031
19031
19031
19031
19031
19031
19031
19031
19031
19031
19031
19031
19031
19031
19031
19031
19031
19031
19031
19031
19031
19031
19031
19031
19031
19031
19031
19031
19031
19031
19031
19031
19031
19031
19031
19031
19031
19031
19031
19031
19031
19031
19031
19031
19031
19031
19031
19031
19031
19031
19031
19031
19031
19031
19031
19031
19031
19031
19031
19031
19031
19031
19031
19031
19031
19031
19031
19031
19031
19031
19031
19031
19031
19031
19031
19031
19031
19031
19031
19031
19031
19031
19031
19031
19031
19031
19031
19031
19031
19031
19031
19031
19031
19031
19031
19031
19031
19031
19031
19031
19031
19031
19031
19031
19031
19031
19031
19031
19031
19031
19031
19031
19031
19031
19031
19031
19031
19031
19031
19031
19031
19031
19031
19031
19031
19031
19031
19031
19031
19031
19031
19031
19031
19031
19031
19031
19031
19031
19031
19031
19031
19031
19031
19031
19031
19031
19031
19031
19031
19031
19031
19031
19031
19031
19031
19031
19031
19031
19031
19031
19031
19031
19031
19031
19031
19031
19031
19031
19031
19031
19031
19031
19031
19031
19031
19031
19031
19031
19031
19031
19031
19031
19031
19031
19031
19031
19031
19031
19031
19031
19031
19031
19031
19031
19031
19031
19031
19031
19031
19031
19031
19031
19031
19031
19031
19031
19031
19031
19031
19031
19031
19031
19031
19031
19031
19031
19031
19031
19031
19031
19031
19031
19031
19031
19031
19031
19031
19031
19031
19031
19031
19031
19031
19031
19031
19031
19031
19031
19031
19031
19031
19031
19031
19031
19031
19031
19031
19031
19031
19031
19031
19031
19031
19031
19031
19031
19031
19031
19031
19031
19031
19031
19031
19031
19031
19031
19031
19031
19031
19031
19031
19031
19031
19031
19031
19031
19031
19031
19031
19031
19031
19031
19031
19031
19031
19031
19031
19031
19031
19031
19031
19031
19031
19031
19031
19031
19031
19031
19031
19031
19031
19031
19031
19031
19031
19031
19031
19031
19031
19031
19031
19031
19031
19031
19031
19031
19031
19031
19031
19031
19031
19031
19031
19031
19031
19031
19031
19031
19031
19031
19031
19031
19031
19031
19031
19031
19031
19031
19031
19031
19031
19031
19031
19031
19031
19031
19031
19031
19031
19031
19031
19031
19031
19031
19031
19031
19031
19031
19031
19031
19031
19031
19031
19031
19031
19031
19031
19031
19031
19031
19031
19031
19031
19031
19031
19031
19031
19031
19031
19031
19031
19031
19031
19031
19031
19031
19031
19031
19031
19031
19031
19031
19031
19031
19031
19031
19031
19031
19031
19031
19031
19031
19031
19031
19031
19031
19031
19031
19031
19031
19031
19031
19031
19031
19031
19031
19031
19031
19031
19031
19031
19031
19031
19031
19031
19031
19031
19031
19031
19031
19031
19031
19031
19031
19031
19031
19031
19031
19031
19031
19031
19031
19031
19031
19031
19031
19031
19031
19031
19031
19031
19031
19031
19031
19031
19031
19031
19031
19031
19031
19031
19031
19031
19031
19031
19031
19031
19031
19031
19031
19031
19031
19031
19031
19031
19031
19031
19031
19031
19031
19031
19031
19031
19031
19031
19031
19031
19031
19031
19031
19031
19031
19031
19031
19031
19031
19031
19031
19031
19031
19031
19031
19031
19031
19031
19031
19031
19031
19031
19031
19031
19031
19031
19031
19031
19031
19031
19031
19031
19031
19031
19031
19031
19031
19031
19031
19031
19031
19031
19031
19031
19031
19031
19031
19031
19031
19031
19031
19031
19031
19031
19031
19031
19031
19031
19031
19031
19031
19031
19031
19031
19031
19031
19031
19031
19031
19031
19031
19031
19031
19031
19031
19031
19031
19031
19031
19031
19031
19031
19031
19031
19031
19031
19031
19031
19031
19031
19031
19031
19031
19031
19031
19031
19031
19031
19031
19031
19031
19031
19031
19031
19031
19031
19031
19031
19031
19031
19031
19031
19031
19031
19031
19031
19031
19031
19031
19031
19031
19031
19031
19031
19031
19031
19031
19031
19031
19031
19031
19031
19031
19031
19031
19031
19031
19031
19031
19031
19031
19031
19031
19031
19031
19031
19031
19031
19031
19031
19031
19031
19031
19031
19031
19031
19031
19031
19031
19031
19031
19031
19031
19031
19031
19031
19031
19031
19031
19031
19031
19031
19031
19031
19031
19031
19031
19031
19031
19031
19031
19031
19031
19031
19031
19031
19031
19031
19031
19031
19031
19031
19031
19031
19031
19031
19031
19031
19031
19031
19031
19031
19031
19031
19031
19031
19031
19031
19031
19031
19031
19031
19031
19031
19031
19031
19031
19031
19031
19031
19031
19031
19031
19031
19031
19031
19031
19031
19031
19031
19031
19031
19031
19031
19031
19031
19031
19031
19031
19031
19031
19031
19031
19031
19031
19031
19031
19031
19031
19031
19031
19031
19031
19031
19031
19031
19031
19031
19031
19031
19031
19031
19031
19031
19031
19031
19031
19031
19031
19031
19031
19031
19031
19031
19031
19031
19031
19031
19031
19031
19031
19031
19031
19031
19031
19031
19031
19031
19031
19031
19031
19031
19031
19031
19031
19031
19031
19031
19031
19031
19031
19031
19031
19031
19031
19031
19031
19031
19031
19031
19031
19031
19031
19031
19031
19031
19031
19031
19031
19031
19031
19031
19031
19031
19031
19031
19031
19031
19031
19031
19031
19031
19031
19031
19031
19031
19031
19031
19031
19031
19031
19031
19031
19031
19031
19031
19031
19031
19031
19031
19031
19031
19031
19031
19031
19031
19031
19031
19031
19031
19031
19031
19031
19031
19031
19031
19031
19031
19031
19031
19031
19031
19031
19031
19031
19031
19031
19031
19031
19031
19031
19031
19031
19031
19031
19031
19031
19031
19031
19031
19031
19031
19031
19031
19031
19031
19031
19031
19031
19031
19031
19031
19031
19031
19031
19031
19031
19031
19031
19031
19031
19031
19031
19031
19031
19031
19031
19031
19031
19031
19031
19031
19031
19031
19031
19031
19031
19031
19031
19031
19031
19031
19031
19031
19031
19031
19031
19031
19031
19031
19031
19031
19031
19031
19031
19031
19031
19031
19031
19031
19031
19031
19031
19031
19031
