0
0
0
0
0
0
0
0
0
0
0
0
0
0
0
0
0
0
0
0
0
0
0
0
0
0
0
0
0
264
1118
1221
1292
1448
1620
1819
2131
2537
3209
4109
36061
435897
312327
81298
26001
6709
3653
3518
3035
2653
2089
1829
1710
1563
1465
1480
1403
1308
1301
1326
1319
1320
1729
2012
1539
1377
1345
1383
1335
1387
1368
1406
1416
1501
1544
1541
1573
1547
1493
1558
1549
1588
1626
1601
1574
1568
1606
1543
1516
1554
1521
1539
1533
1535
1489
1523
1518
1519
1466
1468
1448
1487
2063
3779
3186
1793
1571
1490
1433
1424
1351
1382
1365
1373
1386
1245
1336
1294
1365
1394
2469
3279
2049
1334
1239
1192
1150
1147
1124
1127
1123
1073
1124
1079
1060
1085
1047
1045
1010
1058
1054
1029
1068
1423
1287
1065
1022
995
944
957
928
982
926
985
909
845
889
904
935
940
1147
1247
1017
892
832
855
838
884
901
824
816
823
809
813
912
921
1177
1297
1007
1476
2139
1375
871
801
776
755
745
759
766
700
737
743
699
685
692
716
677
720
663
723
677
680
664
638
649
628
685
694
678
607
616
626
640
629
627
644
619
592
637
664
627
624
610
620
620
573
602
619
568
591
588
597
520
554
536
557
506
496
487
528
544
499
593
793
791
653
624
565
546
513
502
435
497
581
639
506
421
450
448
420
448
451
431
435
428
418
414
446
403
411
425
403
362
408
396
413
378
393
395
353
394
347
378
373
372
331
379
366
376
344
372
390
332
362
362
353
370
387
382
336
329
356
355
344
379
345
295
326
330
328
287
353
331
348
312
322
312
312
312
316
344
312
288
301
318
317
313
301
290
273
291
312
353
352
292
287
298
265
279
278
334
302
289
267
288
274
304
275
268
292
316
278
272
282
251
277
285
266
270
246
281
252
324
562
716
478
336
287
248
256
253
250
275
255
282
275
254
239
231
258
246
260
254
281
258
255
246
231
231
261
214
243
228
234
220
238
246
229
218
268
234
250
271
293
276
257
208
235
249
254
247
237
224
184
259
239
210
224
238
210
220
215
206
204
218
227
236
220
224
226
216
220
211
213
212
245
226
202
211
204
215
192
199
201
197
186
217
212
211
204
225
200
224
181
182
201
190
215
203
223
327
612
771
367
215
207
210
187
162
198
199
175
199
176
182
194
165
188
180
185
184
175
196
180
199
186
171
161
231
196
190
171
169
194
167
169
171
206
196
186
174
168
159
154
179
170
202
220
226
236
248
303
274
227
194
208
162
178
161
140
172
147
158
166
176
163
177
174
173
167
180
172
156
171
161
230
211
246
316
430
343
195
163
151
151
143
158
184
157
195
175
158
168
143
148
154
145
154
143
153
136
155
152
152
158
189
159
157
169
204
193
172
173
165
139
145
143
145
146
150
164
148
166
137
148
139
165
151
141
144
170
151
149
139
178
139
133
144
164
165
162
153
154
139
165
150
136
151
150
138
175
247
601
1416
1312
558
243
174
148
158
144
141
126
127
141
138
126
151
135
136
127
121
140
124
128
125
147
114
145
144
125
139
114
131
113
105
132
136
134
122
114
118
132
127
131
128
127
133
121
126
114
139
140
140
138
111
131
152
120
134
105
124
122
139
117
121
125
133
132
111
110
130
127
131
129
131
120
117
136
144
129
123
100
124
147
140
99
152
125
125
120
114
101
152
128
125
122
156
155
141
117
118
122
121
146
124
114
117
112
116
123
133
132
114
113
110
117
120
108
159
122
119
122
111
129
123
123
124
118
122
131
108
122
97
120
122
130
110
124
141
145
138
143
172
179
265
218
142
140
115
116
130
135
139
134
119
125
122
139
141
158
346
583
574
281
178
129
114
112
113
127
117
93
123
99
108
103
119
103
110
102
109
102
120
110
105
118
117
120
107
108
104
102
116
109
143
130
113
86
118
108
105
130
135
229
232
174
112
96
123
98
92
108
114
113
98
119
116
112
112
98
119
151
106
114
124
180
144
130
123
111
113
106
94
94
96
112
111
99
109
116
105
102
133
110
108
93
112
116
104
104
115
102
113
106
111
102
98
115
115
96
94
101
120
98
102
110
115
111
97
113
107
103
107
98
90
103
114
107
115
109
90
78
110
106
108
99
113
104
117
107
103
92
108
102
80
108
99
105
105
118
104
108
113
113
114
131
137
100
104
94
108
104
93
107
110
106
81
79
86
80
78
86
76
87
83
75
73
91
104
78
87
92
70
75
78
71
92
81
93
83
87
83
84
116
159
251
203
119
108
79
83
65
71
79
71
100
110
171
343
653
577
290
144
90
92
90
86
58
58
66
80
75
77
74
79
73
79
74
78
79
70
79
69
76
80
117
185
281
261
143
98
77
80
65
65
51
67
75
68
69
61
57
65
50
64
63
70
55
66
70
56
78
77
77
65
70
70
64
69
78
59
99
68
83
72
59
72
60
62
69
69
70
82
64
69
72
54
64
57
58
63
62
56
77
59
55
53
66
57
85
68
70
56
56
63
66
57
68
72
91
158
271
474
401
218
86
65
60
57
71
59
59
56
58
48
55
59
70
74
93
80
69
55
62
54
54
54
59
57
52
51
76
55
47
57
67
75
65
58
60
61
69
49
89
80
125
225
216
150
89
91
68
68
64
88
77
75
105
135
353
937
1512
1215
460
198
110
60
47
54
72
56
59
54
56
43
52
58
80
68
57
51
53
60
58
46
50
66
49
54
56
60
58
50
69
58
47
52
59
59
51
57
64
66
84
76
80
207
682
1410
1604
992
368
112
56
49
41
50
61
53
39
41
48
50
62
55
58
50
69
124
121
66
57
48
46
47
49
44
53
40
44
34
37
39
58
50
43
49
55
65
58
43
46
38
37
26
45
38
33
49
45
37
28
47
43
48
32
35
40
44
39
39
35
39
40
37
41
38
51
56
51
31
46
50
35
32
35
30
38
39
38
24
35
31
39
30
40
33
36
37
29
39
40
29
27
39
27
33
36
47
37
37
40
38
42
34
38
47
34
35
27
31
26
33
40
49
37
44
37
35
35
27
50
50
55
44
37
45
34
23
40
47
48
53
81
53
66
58
46
47
42
40
29
35
28
43
33
13
38
41
30
31
45
45
50
76
79
62
38
34
34
30
36
35
26
31
26
21
33
31
32
26
32
33
45
34
38
32
69
159
237
302
193
85
37
40
33
24
32
28
27
30
34
23
32
38
20
30
30
31
29
32
37
36
48
28
40
30
27
26
32
29
39
32
19
23
22
27
28
34
24
31
24
21
22
30
17
28
21
28
20
19
35
31
40
42
28
33
31
26
31
32
18
33
24
26
30
44
59
52
29
29
27
29
29
43
49
44
39
40
77
93
63
52
37
26
21
36
20
29
19
23
38
29
26
41
32
28
31
17
36
49
56
42
25
23
29
30
32
35
42
50
65
44
41
29
18
26
21
22
27
30
26
31
25
33
54
29
32
23
19
26
30
28
23
21
29
26
23
20
21
27
18
22
25
27
21
21
22
19
24
26
24
32
18
23
22
19
29
18
34
29
25
21
16
30
23
26
43
21
23
24
24
29
34
30
23
23
32
34
25
23
22
27
24
32
31
24
18
30
17
22
22
24
23
18
18
18
14
23
18
27
19
21
29
22
23
23
18
17
17
23
31
35
30
29
11
21
28
18
29
21
30
20
32
26
18
23
24
29
28
23
18
25
20
27
20
31
17
13
22
14
30
15
18
31
20
23
25
18
16
32
21
17
25
28
34
24
29
22
25
19
35
26
12
20
20
24
19
29
18
18
19
21
20
21
18
24
19
25
17
19
20
20
20
15
18
18
28
19
23
17
20
22
24
17
21
15
15
23
25
15
20
20
13
24
22
24
25
18
14
14
15
16
20
17
22
20
28
22
27
19
19
27
26
23
19
20
24
20
21
15
18
19
16
27
21
35
30
25
32
24
23
22
23
17
24
16
30
20
24
19
20
18
18
28
28
31
26
15
23
17
20
21
15
16
20
12
21
22
27
29
33
22
16
23
26
18
28
24
18
22
13
28
14
23
32
23
16
28
25
19
16
14
20
16
21
16
14
18
23
16
17
17
27
15
18
26
25
19
24
25
17
18
23
23
18
16
19
18
15
25
16
24
13
20
18
16
16
16
23
18
23
16
16
23
21
22
19
18
19
12
12
8
11
10
18
17
13
16
11
22
16
24
14
16
26
18
26
10
25
21
16
22
18
16
16
15
19
17
16
14
13
11
15
8
17
13
19
21
14
14
12
21
16
13
15
10
9
22
15
12
17
11
17
14
14
20
24
16
18
17
21
14
16
24
22
17
24
15
15
16
20
12
7
16
23
20
21
20
17
20
15
20
15
17
23
12
9
19
19
15
12
5
15
12
17
8
17
20
18
19
15
14
14
13
23
12
15
19
27
23
13
24
22
26
33
27
28
23
25
15
15
12
10
13
12
20
7
15
16
10
16
12
20
12
17
14
13
18
10
13
16
9
13
12
24
13
8
13
11
19
14
16
21
13
18
17
11
18
12
16
14
19
10
18
15
14
21
17
18
14
18
8
8
19
19
20
8
17
25
19
12
15
12
9
9
15
18
11
10
11
13
13
22
14
20
10
10
15
13
13
16
17
10
19
14
17
16
6
14
25
13
20
16
16
13
12
10
15
23
20
9
21
18
20
20
19
13
20
12
19
18
8
12
19
9
16
18
12
12
15
12
11
15
10
10
14
9
21
10
14
9
9
14
13
10
14
14
21
22
14
17
11
14
13
13
16
13
10
15
7
12
18
14
14
14
15
13
16
21
6
12
11
17
17
8
17
25
27
16
14
23
26
14
12
9
13
13
8
13
6
10
13
17
18
14
17
15
12
14
17
16
18
16
12
13
11
15
11
18
13
9
8
15
10
11
11
9
5
9
12
14
21
10
12
9
11
13
21
18
8
19
14
12
11
18
12
17
6
8
10
12
12
14
12
10
10
11
13
9
11
10
11
14
4
14
11
5
15
11
16
16
16
12
13
15
14
10
16
6
9
16
10
10
12
14
5
9
11
15
10
7
10
14
10
10
13
20
14
10
15
18
21
15
18
13
14
13
10
23
13
8
12
18
10
12
15
10
6
8
11
11
12
12
10
16
14
7
11
10
13
13
13
15
16
14
14
13
13
13
6
12
6
7
17
13
14
10
9
15
9
15
20
13
10
10
13
6
11
10
16
11
17
13
15
13
16
12
12
7
8
16
9
10
10
8
5
9
20
9
13
14
4
13
6
6
13
12
11
8
13
10
11
8
15
5
14
16
8
9
5
12
8
10
12
13
12
10
13
14
12
14
11
10
11
10
6
13
10
12
10
8
11
10
9
11
9
6
10
11
10
12
13
8
10
9
9
15
7
14
7
9
6
19
10
18
14
11
8
10
10
11
9
8
8
5
7
11
9
9
10
12
15
8
10
14
8
8
12
9
7
5
11
10
8
9
10
9
7
7
7
13
13
9
5
15
7
9
13
13
12
11
8
8
12
11
12
7
13
15
3
8
10
17
11
11
8
9
12
6
3
14
12
14
8
3
12
5
8
14
7
8
5
12
10
7
14
12
13
14
15
21
15
12
9
12
18
10
11
10
17
9
13
12
7
6
6
16
14
11
12
17
8
9
7
9
11
12
9
8
7
5
7
11
5
10
14
9
18
8
9
14
12
13
5
16
8
13
10
13
6
10
7
7
9
6
8
7
9
15
14
9
8
13
5
10
5
8
5
15
7
13
9
8
7
3
11
8
10
4
5
16
5
6
7
17
9
10
10
7
8
10
7
4
12
5
8
9
10
5
14
7
10
13
12
5
9
18
10
5
11
8
8
12
13
15
9
8
10
9
7
9
6
4
7
6
5
19
6
6
10
8
8
10
9
5
8
10
12
4
6
9
6
10
11
8
9
7
11
8
10
12
5
18
7
11
13
9
8
13
11
10
11
9
11
10
13
12
5
13
16
6
11
9
9
5
14
9
11
9
7
7
7
7
7
18
11
8
4
5
8
11
7
11
6
7
13
11
6
17
12
15
9
12
4
14
13
9
7
5
7
5
7
7
9
2
5
6
5
10
6
13
10
5
12
4
5
13
3
7
7
6
8
8
7
6
4
10
6
5
9
7
8
8
7
5
11
7
8
6
9
6
6
7
7
7
6
10
5
8
11
8
9
12
15
9
11
12
12
7
8
6
11
10
17
8
12
4
10
7
5
4
6
1
9
12
13
9
20
14
15
8
19
9
15
12
7
7
6
8
5
5
11
10
5
3
18
4
7
5
7
9
7
9
9
6
10
10
10
9
6
4
4
6
7
5
6
6
6
3
10
3
11
8
9
7
12
6
11
7
11
16
12
10
5
12
5
8
10
8
7
10
10
8
9
4
7
5
5
12
1
10
10
5
14
7
9
7
9
5
6
5
9
3
13
12
7
11
10
9
7
8
8
12
8
8
3
4
9
7
10
1
3
10
7
6
7
11
8
8
8
13
11
2
9
5
10
6
5
8
7
9
6
8
6
4
8
5
5
12
7
8
8
6
6
5
8
7
12
9
3
3
10
6
7
8
4
5
8
5
11
7
14
5
7
8
10
11
8
4
5
7
6
12
4
10
8
11
12
13
8
8
5
8
9
8
6
3
11
3
4
8
6
5
2
8
8
7
10
9
8
6
3
5
8
4
3
6
7
7
10
6
12
10
4
5
8
10
5
3
7
8
7
9
7
6
5
6
7
4
8
4
12
4
6
8
5
5
11
13
8
12
11
6
7
14
9
8
6
5
9
4
9
12
3
8
11
8
11
4
6
5
6
7
10
8
6
8
6
3
2
12
9
5
4
7
7
6
7
4
9
8
7
2
7
6
9
5
4
12
3
4
6
4
13
5
6
7
3
10
5
11
4
1
6
9
9
6
4
2
3
6
9
6
7
2
7
4
8
10
8
4
6
8
10
11
4
8
7
14
9
4
8
3
6
6
6
7
4
7
6
11
8
8
5
7
4
7
6
8
9
6
8
5
4
9
5
3
7
9
3
2
3
6
8
9
10
4
13
9
6
11
8
7
3
4
5
4
6
5
4
7
6
8
0
7
6
3
9
7
5
6
7
3
5
4
6
6
5
7
7
9
6
2
5
6
6
4
12
8
5
7
3
5
7
6
5
5
4
6
6
3
7
7
5
4
9
4
7
8
1
3
4
3
10
7
5
6
5
2
6
6
5
4
6
2
7
2
1
5
5
7
10
5
5
5
4
7
7
4
4
5
4
3
5
8
7
2
4
7
2
7
7
9
3
8
2
3
4
5
3
5
4
4
5
6
3
2
1
2
5
4
4
6
3
7
7
6
4
4
2
5
3
3
6
5
6
2
1
5
8
3
4
3
2
2
7
7
5
9
12
5
8
6
7
10
11
15
28
29
30
28
30
31
29
32
23
16
17
5
12
6
4
5
3
5
6
1
4
8
6
4
6
5
3
5
6
1
6
5
9
3
4
5
7
7
4
1
5
6
4
11
6
4
5
1
6
5
5
5
3
1
3
3
4
6
4
12
3
4
5
7
6
2
4
1
6
3
3
8
5
5
0
3
4
7
3
7
3
5
2
6
5
0
3
6
0
5
5
10
3
5
5
1
3
4
5
6
4
2
6
3
5
2
5
4
4
4
7
4
5
5
2
6
3
9
2
5
6
3
2
5
7
2
5
6
5
3
3
9
6
6
4
1
8
5
6
6
7
3
7
3
4
2
3
6
5
4
3
6
1
2
3
2
2
4
2
0
1
3
6
2
3
6
4
4
3
8
8
6
1
3
7
5
3
9
2
4
2
4
4
6
5
3
6
5
4
4
2
6
4
3
6
3
5
4
3
3
10
4
7
4
2
4
3
5
2
3
1
4
0
0
5
3
2
4
5
3
3
6
3
2
4
0
5
2
4
5
5
5
0
2
6
4
4
2
3
1
3
1
2
4
6
2
5
3
4
5
4
2
2
3
2
5
6
4
3
5
3
8
2
5
7
3
4
1
2
2
5
6
5
4
5
6
7
2
2
5
3
4
6
4
3
2
0
1
3
4
2
2
4
5
3
3
5
1
4
3
4
2
2
3
5
6
2
4
2
4
3
9
3
7
4
2
5
5
3
5
2
4
3
2
6
1
1
8
1
3
3
4
3
2
5
6
7
3
5
3
2
3
4
4
2
2
1
0
3
1
6
4
0
3
5
3
2
5
2
2
0
9
7
6
1
2
2
6
4
3
4
7
6
2
0
3
3
2
5
3
4
1
4
3
2
2
5
3
1
2
2
4
4
4
1
2
2
4
6
6
5
2
5
3
2
7
2
6
6
6
1
3
1
1
3
2
3
3
4
4
2
0
1
4
5
3
2
7
3
2
3
4
4
2
2
4
1
3
1
3
3
3
6
3
1
0
1
2
2
4
3
3
4
3
4
4
4
3
4
5
3
4
2
1
3
2
4
5
1
2
2
5
3
2
1
2
5
4
3
5
4
2
1
5
1
2
2
7
3
3
1
3
3
4
1
4
3
1
1
1
4
4
1
4
2
1
1
3
2
0
3
5
7
5
5
4
3
3
1
5
2
2
4
3
4
2
1
4
1
3
2
3
2
5
1
7
1
5
3
2
4
6
7
1
2
1
1
3
2
6
1
3
4
1
4
2
2
5
5
2
3
3
5
4
2
5
7
5
7
1
4
3
2
1
5
4
2
1
1
2
4
5
2
2
3
4
3
3
0
3
0
1
0
4
1
5
1
3
2
2
2
2
2
6
3
1
1
0
3
0
3
3
5
4
2
2
2
4
3
3
5
2
2
1
2
2
4
2
2
1
4
8
2
5
3
3
4
1
5
4
3
2
0
8
6
4
5
5
2
3
3
2
3
6
3
3
2
2
4
2
4
2
5
3
4
3
2
2
3
5
6
5
3
5
0
3
3
6
1
2
3
0
1
2
5
2
1
2
8
3
5
1
5
1
1
2
3
0
4
4
4
4
2
1
7
1
4
2
3
2
3
2
3
1
8
1
6
2
3
8
6
7
4
2
3
4
5
2
3
2
4
4
3
2
3
1
1
2
3
3
5
3
4
4
5
2
2
5
5
3
4
0
4
0
1
2
4
3
3
2
5
4
4
1
5
1
2
1
3
3
3
0
3
2
0
2
2
1
2
0
0
4
2
5
1
2
3
2
4
1
1
0
1
3
2
3
2
1
3
2
2
3
3
1
5
4
4
1
0
1
3
2
2
5
2
4
1
2
1
3
5
3
3
3
6
3
0
4
2
4
3
2
3
1
2
2
3
1
2
3
1
2
1
0
1
2
2
2
2
3
2
3
3
1
0
3
1
2
2
0
1
0
2
2
3
3
1
0
5
0
2
1
2
5
5
3
2
3
0
3
2
4
2
3
5
2
1
3
3
4
4
4
1
2
2
3
1
1
0
3
3
2
6
2
3
3
5
2
1
2
4
1
3
4
0
4
4
1
1
1
1
3
1
3
2
8
2
3
2
3
3
3
2
2
1
2
2
1
3
4
2
2
3
5
2
5
1
0
2
1
0
2
1
2
4
4
1
2
3
3
2
3
2
0
0
0
3
1
2
5
4
4
1
2
1
8
1
0
2
2
0
3
0
1
2
2
2
3
3
2
1
4
0
2
5
1
1
3
5
3
3
2
4
1
1
1
3
1
4
2
1
1
1
2
2
3
2
3
0
1
0
0
2
3
1
2
3
1
0
3
2
1
5
2
2
0
2
2
1
1
0
3
3
2
4
1
3
1
1
2
3
2
1
0
0
0
3
3
2
4
0
0
4
0
0
3
2
1
0
0
2
2
3
1
1
3
3
3
1
5
2
2
3
2
0
2
0
2
3
1
1
2
3
4
3
0
0
2
1
3
0
2
1
0
2
2
5
1
3
2
0
3
3
1
1
4
3
0
1
1
5
0
1
2
2
4
1
3
2
3
4
3
2
1
2
1
1
0
1
0
4
1
1
3
1
2
1
0
0
2
1
0
0
1
4
1
3
2
4
0
2
1
2
0
2
6
3
0
1
2
1
3
3
1
3
1
3
3
5
2
4
2
3
2
4
3
6
1
0
4
1
1
0
4
3
0
2
3
2
1
1
2
0
1
1
0
0
0
2
4
2
1
0
2
1
2
0
3
2
3
0
0
2
1
1
0
4
0
1
1
3
1
1
2
1
0
4
2
3
2
6
1
0
2
1
2
0
2
0
2
1
2
1
1
2
1
0
0
3
3
1
1
2
1
0
0
1
1
1
0
3
0
0
0
4
1
2
1
0
3
1
0
0
1
2
1
1
2
1
1
2
2
2
1
1
0
2
0
2
3
0
2
1
0
1
2
4
5
1
1
1
3
1
2
1
1
1
1
3
2
2
1
3
1
1
0
0
1
1
1
3
1
1
2
0
1
2
0
1
3
2
1
0
0
1
3
2
2
2
4
1
3
2
3
0
3
1
2
0
0
1
1
0
1
1
0
2
0
3
2
0
1
2
2
2
3
1
3
1
1
2
3
0
0
0
3
4
0
2
1
1
0
1
1
0
0
2
1
0
1
0
1
2
3
2
0
5
3
1
1
2
0
4
1
3
1
1
3
2
0
1
2
3
3
3
2
2
2
3
3
1
0
2
3
1
2
2
4
0
1
0
0
1
0
0
1
3
1
1
1
1
0
1
1
0
1
0
0
1
3
3
4
1
0
2
4
3
2
1
0
2
0
1
0
1
1
1
3
0
1
1
0
0
3
1
3
0
2
0
1
2
0
2
3
3
0
0
0
2
1
1
1
1
2
1
0
0
2
1
2
3
0
1
1
1
0
0
0
2
2
1
1
0
3
0
2
1
0
1
1
0
2
1
1
2
3
3
1
0
0
0
1
0
0
1
2
1
2
0
2
2
2
2
1
0
1
3
2
4
1
1
0
1
1
2
2
1
1
2
2
2
0
0
1
1
3
1
1
0
2
0
1
4
0
2
1
0
4
2
0
1
0
2
1
1
2
0
1
2
1
2
1
1
2
3
3
2
1
2
1
1
1
0
0
0
1
2
0
0
0
2
0
1
2
0
0
1
0
1
1
0
2
1
0
0
2
2
1
1
1
0
0
3
0
1
2
1
0
2
1
0
0
0
0
0
3
1
1
0
1
2
1
0
2
0
1
0
2
2
1
2
0
1
3
2
1
0
2
0
1
0
1
1
1
2
3
0
0
2
1
2
1
1
1
1
0
0
1
0
0
3
1
3
1
4
2
2
1
2
0
1
3
0
1
3
0
1
1
1
0
1
0
0
1
0
3
0
0
2
0
1
1
3
0
0
1
2
1
0
1
1
1
0
2
0
0
3
0
0
0
0
2
0
1
0
2
3
2
0
2
2
3
1
0
2
2
0
1
0
2
1
0
3
0
1
0
0
1
1
0
2
2
0
0
1
2
0
1
2
1
0
1
1
0
0
1
1
2
1
0
2
0
1
1
1
2
1
0
1
3
0
2
1
1
3
1
2
1
0
1
0
0
1
1
4
0
0
0
2
1
1
1
1
4
1
4
0
1
1
3
0
0
3
2
2
1
0
0
1
0
2
1
1
2
1
0
0
0
1
2
1
2
0
1
1
1
1
0
1
1
2
0
0
3
1
1
0
0
0
0
0
1
0
0
0
0
0
0
0
1
1
1
2
0
0
1
0
1
0
1
0
0
1
0
1
0
1
2
2
1
1
2
4
1
1
1
2
2
3
0
1
0
1
0
0
1
1
0
2
1
2
2
0
0
0
2
0
0
2
0
1
1
1
1
2
3
1
1
2
3
0
0
2
1
1
0
0
2
0
2
3
1
1
2
0
0
1
0
0
0
3
3
1
0
0
0
0
2
0
0
2
0
0
2
0
0
1
2
0
1
3
0
1
2
0
1
3
2
1
1
1
1
1
3
0
0
3
0
1
2
1
1
1
1
1
4
0
1
1
1
1
1
1
0
0
0
0
1
1
1
1
0
1
2
3
0
2
0
0
1
0
0
1
1
1
0
1
1
1
1
1
0
1
0
0
2
0
0
1
0
4
1
0
0
1
1
0
0
1
0
1
1
1
1
1
4
1
0
0
1
1
3
0
2
1
1
0
1
1
0
0
3
1
1
0
1
0
2
3
1
1
1
0
0
1
1
2
1
0
0
0
0
1
1
0
0
1
1
2
1
0
1
0
0
1
1
1
1
3
1
1
0
1
1
1
0
0
0
0
0
2
1
1
0
0
2
0
2
1
0
2
1
0
1
0
0
0
1
1
1
0
2
0
0
0
1
1
2
1
0
0
0
1
1
4
1
0
0
0
0
1
0
0
2
2
0
0
1
0
0
1
1
0
0
2
1
0
0
0
0
2
1
1
1
2
0
1
2
0
0
0
1
2
1
2
1
0
1
1
0
1
1
0
0
1
0
3
0
2
1
0
1
1
0
2
2
0
2
1
4
0
1
2
0
2
1
2
2
1
1
0
0
0
0
1
1
2
1
1
3
0
0
1
0
0
1
0
1
1
0
1
1
1
0
1
1
2
1
0
0
0
1
3
2
2
1
2
1
1
2
0
1
0
0
1
0
1
1
2
1
0
0
0
2
3
1
0
2
1
0
0
2
1
0
2
0
0
1
0
1
1
0
1
2
0
1
0
0
1
0
1
0
1
0
1
1
0
0
1
1
1
0
1
0
0
1
1
1
0
0
1
3
2
2
0
1
0
1
0
2
0
2
2
3
0
0
1
0
2
2
0
1
0
0
0
0
0
1
1
1
3
0
2
2
1
0
1
0
1
0
0
2
0
2
1
1
2
1
0
0
1
0
0
1
0
2
0
0
0
1
0
1
1
1
1
2
0
1
0
0
1
1
0
3
2
3
1
0
1
0
1
0
1
0
1
0
0
0
3
0
1
1
0
1
0
0
1
1
0
0
0
1
1
0
0
0
0
0
0
2
0
0
2
0
1
0
0
2
0
0
0
1
2
0
1
0
2
1
1
1
1
1
0
0
1
1
1
1
0
0
1
1
0
0
1
1
0
1
0
1
0
2
0
2
0
1
0
1
0
0
1
2
1
0
1
1
1
0
2
0
1
1
0
2
0
1
1
0
0
0
1
0
0
1
2
1
1
1
2
1
1
2
2
1
0
0
0
2
0
3
1
3
1
1
2
2
1
0
0
0
2
0
0
0
0
1
1
0
0
2
1
1
2
2
0
1
0
3
2
0
0
0
2
1
0
0
4
0
1
1
0
0
0
0
2
3
0
1
1
2
0
0
0
1
1
3
0
0
0
1
0
1
1
0
1
2
4
0
2
0
0
2
2
1
0
1
1
4
2
0
2
1
0
1
0
3
1
4
0
0
0
1
2
0
2
4
2
3
2
1
0
1
1
1
4
0
1
1
0
0
4
0
1
2
1
1
1
0
2
1
1
2
0
0
0
1
0
1
1
2
0
2
1
0
3
0
0
1
1
0
1
1
2
1
0
1
2
1
2
1
1
1
1
0
1
1
0
2
0
1
0
1
0
0
1
0
1
1
1
1
0
0
0
1
2
0
1
3
1
0
1
2
0
1
0
1
1
0
1
0
2
1
1
2
0
2
2
0
0
0
2
4
0
0
0
0
1
2
1
2
0
0
1
0
3
0
0
0
0
1
2
1
2
1
1
2
0
0
0
1
0
0
1
0
1
0
1
0
0
2
0
2
1
1
0
1
0
1
1
2
0
2
0
1
0
2
2
0
1
1
1
2
1
0
2
2
0
1
2
0
1
1
1
1
2
2
0
1
0
0
0
2
1
0
0
0
0
1
0
3
0
2
0
0
2
0
0
1
0
1
1
1
0
1
1
2
0
1
0
3
1
0
0
0
0
0
1
0
0
0
1
1
0
1
0
0
1
2
1
0
0
0
0
0
2
0
2
2
0
0
0
0
0
0
0
2
1
0
0
0
0
1
0
0
0
1
0
1
0
1
0
1
2
1
1
0
1
0
2
0
0
0
0
1
1
1
0
1
0
1
0
1
1
2
0
2
1
1
0
3
1
1
1
1
3
0
1
1
1
3
0
0
1
0
2
1
0
0
2
2
0
0
0
0
0
3
1
0
0
0
2
0
2
4
2
3
2
6
4
4
5
4
4
4
2
4
5
4
1
5
2
4
2
4
1
8
3
5
4
4
1
6
5
1
3
2
9
3
3
10
3
3
7
5
4
2
4
7
4
1
6
3
6
3
3
4
3
4
2
4
4
4
2
3
3
5
5
0
2
2
4
2
4
2
4
5
2
2
1
3
1
4
3
5
8
6
2
5
3
7
2
3
2
6
5
4
7
0
4
2
8
6
6
2
4
2
1
1
7
3
5
4
3
2
4
2
2
4
3
3
5
2
4
4
4
1
4
6
7
3
2
5
3
2
2
5
4
2
0
2
6
5
2
4
4
2
1
4
3
4
3
4
2
3
7
5
9
4
2
4
4
4
5
2
2
2
3
7
4
7
5
4
4
2
8
2
3
5
4
3
5
6
3
5
4
3
3
6
2
5
2
2
2
4
1
3
2
4
2
1
2
4
3
3
3
6
3
3
3
2
3
8
3
2
3
3
9
2
3
6
5
4
1
3
5
0
1
4
3
3
5
4
3
3
1
2
3
3
1
4
5
6
1
3
6
6
5
11
4
4
7
10
11
10
9
6
13
11
5
9
9
3
7
3
5
2
3
4
5
5
1
4
6
3
3
7
2
6
4
1
4
3
3
4
2
4
5
2
3
2
5
3
2
6
3
5
5
4
4
5
3
5
2
3
2
5
4
1
0
3
2
3
4
5
2
3
2
2
2
2
1
2
5
2
3
3
5
2
3
5
5
3
1
6
10
3
3
6
4
5
2
1
4
2
5
3
3
0
2
5
3
6
3
4
2
6
5
4
6
1
2
9
4
0
8
4
1
2
5
4
3
4
2
4
1
5
1
3
4
2
7
5
5
3
2
5
4
5
6
3
5
4
3
5
8
5
6
4
7
4
7
9
11
9
11
5
6
10
6
6
5
8
10
7
9
10
16
13
13
19
27
29
27
14
22
21
23
13
6
1
0
0
0
0
0
0
0
0
0
0
0
0
0
0
0
0
0
0
0
0
0
0
0
0
0
0
0
0
0
0
0
0
0
0
0
0
0
0
0
0
0
0
0
0
0
0
0
0
0
0
0
0
0
0
0
0
0
0
0
0
0
0
0
0
0
0
0
0
0
0
0
0
0
0
0
0
0
0
0
0
0
0
0
0
0
0
0
0
0
0
0
0
0
0
0
0
0
0
0
0
0
0
0
0
0
0
0
0
0
0
0
0
0
0
0
0
0
0
0
0
0
0
0
0
0
0
0
0
0
0
0
0
0
0
0
0
0
0
0
0
0
0
0
0
0
0
0
0
0
0
0
0
0
0
0
0
0
0
0
0
0
0
0
0
0
0
0
0
0
0
0
0
0
0
0
0
0
0
0
0
0
0
0
0
0
0
0
0
0
0
0
0
0
0
0
0
0
0
0
0
0
0
0
0
0
0
0
0
0
0
0
0
0
0
0
0
0
0
0
0
0
0
0
0
0
0
0
0
0
0
0
0
0
0
0
0
0
0
0
0
0
0
0
0
0
0
0
0
0
0
0
0
0
0
0
0
0
0
0
0
0
0
0
0
0
0
0
0
0
0
0
0
0
0
0
0
0
0
0
0
0
0
0
0
0
0
0
0
0
0
0
0
0
0
0
0
0
0
0
0
0
0
0
0
0
0
0
0
0
0
0
0
0
0
0
0
0
0
0
0
0
0
0
0
0
0
0
0
0
0
0
0
0
0
0
0
0
0
0
0
0
0
0
0
0
0
0
0
0
0
0
0
0
0
0
0
0
0
0
0
0
0
12913
12913
12913
12913
12913
12913
12913
12913
12913
12913
12913
12913
12913
12913
12913
12913
12913
12913
12913
12913
12913
12913
12913
12913
12913
12913
12913
12913
12913
12913
12913
12913
12913
12913
12913
12913
12913
12913
12913
12913
12913
12913
12913
12913
12913
12913
12913
12913
12913
12913
12913
12913
12913
12913
12913
12913
12913
12913
12913
12913
12913
12913
12913
12913
12913
12913
12913
12913
12913
12913
12913
12913
12913
12913
12913
12913
12913
12913
12913
12913
12913
12913
12913
12913
12913
12913
12913
12913
12913
12913
12913
12913
12913
12913
12913
12913
12913
12913
12913
12913
12913
12913
12913
12913
12913
12913
12913
12913
12913
12913
12913
12913
12913
12913
12913
12913
12913
12913
12913
12913
12913
12913
12913
12913
12913
12913
12913
12913
12913
12913
12913
12913
12913
12913
12913
12913
12913
12913
12913
12913
12913
12913
12913
12913
12913
12913
12913
12913
12913
12913
12913
12913
12913
12913
12913
12913
12913
12913
12913
12913
12913
12913
12913
12913
12913
12913
12913
12913
12913
12913
12913
12913
12913
12913
12913
12913
12913
12913
12913
12913
12913
12913
12913
12913
12913
12913
12913
12913
12913
12913
12913
12913
12913
12913
12913
12913
12913
12913
12913
12913
12913
12913
12913
12913
12913
12913
12913
12913
12913
12913
12913
12913
12913
12913
12913
12913
12913
12913
12913
12913
12913
12913
12913
12913
12913
12913
12913
12913
12913
12913
12913
12913
12913
12913
12913
12913
12913
12913
12913
12913
12913
12913
12913
12913
12913
12913
12913
12913
12913
12913
12913
12913
12913
12913
12913
12913
12913
12913
12913
12913
12913
12913
12913
12913
12913
12913
12913
12913
12913
12913
12913
12913
12913
12913
12913
12913
12913
12913
12913
12913
12913
12913
12913
12913
12913
12913
12913
12913
12913
12913
12913
12913
12913
12913
12913
12913
12913
12913
12913
12913
12913
12913
12913
12913
12913
12913
12913
12913
12913
12913
12913
12913
12913
12913
12913
12913
12913
12913
12913
12913
12913
12913
12913
12913
12913
12913
12913
12913
12913
12913
12913
12913
12913
12913
12913
12913
12913
12913
12913
12913
12913
12913
12913
12913
12913
12913
12913
12913
12913
12913
12913
12913
12913
12913
12913
12913
12913
12913
12913
12913
12913
12913
12913
12913
12913
12913
12913
12913
12913
12913
12913
12913
12913
12913
12913
12913
12913
12913
12913
12913
12913
12913
12913
12913
12913
12913
12913
12913
12913
12913
12913
12913
12913
12913
12913
12913
12913
12913
12913
12913
12913
12913
12913
12913
12913
12913
12913
12913
12913
12913
12913
12913
12913
12913
12913
12913
12913
12913
12913
12913
12913
12913
12913
12913
12913
12913
12913
12913
12913
12913
12913
12913
12913
12913
12913
12913
12913
12913
12913
12913
12913
12913
12913
12913
12913
12913
12913
12913
12913
12913
12913
12913
12913
12913
12913
12913
12913
12913
12913
12913
12913
12913
12913
12913
12913
12913
12913
12913
12913
12913
12913
12913
12913
12913
12913
12913
12913
12913
12913
12913
12913
12913
12913
12913
12913
12913
12913
12913
12913
12913
12913
12913
12913
12913
12913
12913
12913
12913
12913
12913
12913
12913
12913
12913
12913
12913
12913
12913
12913
12913
12913
12913
12913
12913
12913
12913
12913
12913
12913
12913
12913
12913
12913
12913
12913
12913
12913
12913
12913
12913
12913
12913
12913
12913
12913
12913
12913
12913
12913
12913
12913
12913
12913
12913
12913
12913
12913
12913
12913
12913
12913
12913
12913
12913
12913
12913
12913
12913
12913
12913
12913
12913
12913
12913
12913
12913
12913
12913
12913
12913
12913
12913
12913
12913
12913
12913
12913
12913
12913
12913
12913
12913
12913
12913
12913
12913
12913
12913
12913
12913
12913
12913
12913
12913
12913
12913
12913
12913
12913
12913
12913
12913
12913
12913
12913
12913
12913
12913
12913
12913
12913
12913
12913
12913
12913
12913
12913
12913
12913
12913
12913
12913
12913
12913
12913
12913
12913
12913
12913
12913
12913
12913
12913
12913
12913
12913
12913
12913
12913
12913
12913
12913
12913
12913
12913
12913
12913
12913
12913
12913
12913
12913
12913
12913
12913
12913
12913
12913
12913
12913
12913
12913
12913
12913
12913
12913
12913
12913
12913
12913
12913
12913
12913
12913
12913
12913
12913
12913
12913
12913
12913
12913
12913
12913
12913
12913
12913
12913
12913
12913
12913
12913
12913
12913
12913
12913
12913
12913
12913
12913
12913
12913
12913
12913
12913
12913
12913
12913
12913
12913
12913
12913
12913
12913
12913
12913
12913
12913
12913
12913
12913
12913
12913
12913
12913
12913
12913
12913
12913
12913
12913
12913
12913
12913
12913
12913
12913
12913
12913
12913
12913
12913
12913
12913
12913
12913
12913
12913
12913
12913
12913
12913
12913
12913
12913
12913
12913
12913
12913
12913
12913
12913
12913
12913
12913
12913
12913
12913
12913
12913
12913
12913
12913
12913
12913
12913
12913
12913
12913
12913
12913
12913
12913
12913
12913
12913
12913
12913
12913
12913
12913
12913
12913
12913
12913
12913
12913
12913
12913
12913
12913
12913
12913
12913
12913
12913
12913
12913
12913
12913
12913
12913
12913
12913
12913
12913
12913
12913
12913
12913
12913
12913
12913
12913
12913
12913
12913
12913
12913
12913
12913
12913
12913
12913
12913
12913
12913
12913
12913
12913
12913
12913
12913
12913
12913
12913
12913
12913
12913
12913
12913
12913
12913
12913
12913
12913
12913
12913
12913
12913
12913
12913
12913
12913
12913
12913
12913
12913
12913
12913
12913
12913
12913
12913
12913
12913
12913
12913
12913
12913
12913
12913
12913
12913
12913
12913
12913
12913
12913
12913
12913
12913
12913
12913
12913
12913
12913
12913
12913
12913
12913
12913
12913
12913
12913
12913
12913
12913
12913
12913
12913
12913
12913
12913
12913
12913
12913
12913
12913
12913
12913
12913
12913
12913
12913
12913
12913
12913
12913
12913
12913
12913
12913
12913
12913
12913
12913
12913
12913
12913
12913
12913
12913
12913
12913
12913
12913
12913
12913
12913
12913
12913
12913
12913
12913
12913
12913
12913
12913
12913
12913
12913
12913
12913
12913
12913
12913
12913
12913
12913
12913
12913
12913
12913
12913
12913
12913
12913
12913
12913
12913
12913
12913
12913
12913
12913
12913
12913
12913
12913
12913
12913
12913
12913
12913
12913
12913
12913
12913
12913
12913
12913
12913
12913
12913
12913
12913
12913
12913
12913
12913
12913
12913
12913
12913
12913
12913
12913
12913
12913
12913
12913
12913
12913
12913
12913
12913
12913
12913
12913
12913
12913
12913
12913
12913
12913
12913
12913
12913
12913
12913
12913
12913
12913
12913
12913
12913
12913
12913
12913
12913
12913
12913
12913
12913
12913
12913
12913
12913
12913
12913
12913
12913
12913
12913
12913
12913
12913
12913
12913
12913
12913
12913
12913
12913
12913
12913
12913
12913
12913
12913
12913
12913
12913
12913
12913
12913
12913
12913
12913
12913
12913
12913
12913
12913
12913
12913
12913
12913
12913
12913
12913
12913
12913
12913
12913
12913
12913
12913
12913
12913
12913
12913
12913
12913
12913
12913
12913
12913
12913
12913
12913
12913
12913
12913
12913
12913
12913
12913
12913
12913
12913
12913
12913
12913
12913
12913
12913
12913
12913
12913
12913
12913
12913
12913
12913
12913
12913
12913
12913
12913
12913
12913
12913
12913
12913
12913
12913
12913
12913
12913
12913
12913
12913
12913
12913
12913
12913
12913
12913
12913
12913
12913
12913
12913
12913
12913
12913
12913
12913
12913
12913
12913
12913
12913
12913
12913
12913
12913
12913
12913
12913
12913
12913
12913
12913
12913
12913
12913
12913
12913
12913
12913
12913
12913
12913
12913
12913
12913
12913
12913
12913
12913
12913
12913
12913
12913
12913
12913
12913
12913
12913
12913
12913
12913
12913
12913
12913
12913
12913
12913
12913
12913
12913
12913
12913
12913
12913
12913
12913
12913
12913
12913
12913
12913
12913
12913
12913
12913
12913
12913
12913
12913
12913
12913
12913
12913
12913
12913
12913
12913
12913
12913
12913
12913
12913
12913
12913
12913
12913
12913
12913
12913
12913
12913
12913
12913
12913
12913
12913
12913
12913
12913
12913
12913
12913
12913
12913
12913
12913
12913
12913
12913
12913
12913
12913
12913
12913
12913
12913
12913
12913
12913
12913
12913
12913
12913
12913
12913
12913
12913
12913
12913
12913
12913
12913
12913
12913
12913
12913
12913
12913
12913
12913
12913
12913
12913
12913
12913
12913
12913
12913
12913
12913
12913
12913
12913
12913
12913
12913
12913
12913
12913
12913
12913
12913
12913
12913
12913
12913
12913
12913
12913
12913
12913
12913
12913
12913
12913
12913
12913
12913
12913
12913
12913
12913
12913
12913
12913
12913
12913
12913
12913
12913
12913
12913
12913
12913
12913
12913
12913
12913
12913
12913
12913
12913
12913
12913
12913
12913
12913
12913
12913
12913
12913
12913
12913
12913
12913
12913
12913
12913
12913
12913
12913
12913
12913
12913
12913
12913
12913
12913
12913
12913
12913
12913
12913
12913
12913
12913
12913
12913
12913
12913
12913
12913
12913
12913
12913
12913
12913
12913
12913
12913
12913
12913
12913
12913
12913
12913
12913
12913
12913
12913
12913
12913
12913
12913
12913
12913
12913
12913
12913
12913
12913
12913
12913
12913
12913
12913
12913
12913
12913
12913
12913
12913
12913
12913
12913
12913
12913
12913
12913
12913
12913
12913
12913
12913
12913
12913
12913
12913
12913
12913
12913
12913
12913
12913
12913
12913
12913
12913
12913
12913
12913
12913
12913
12913
12913
12913
12913
12913
12913
12913
12913
12913
12913
12913
12913
12913
12913
12913
12913
12913
12913
12913
12913
12913
12913
12913
12913
12913
12913
12913
12913
12913
12913
12913
12913
12913
12913
12913
12913
12913
12913
12913
12913
12913
12913
12913
12913
12913
12913
12913
12913
12913
12913
12913
12913
12913
12913
12913
12913
12913
12913
12913
12913
12913
12913
12913
12913
12913
12913
12913
12913
12913
12913
12913
12913
12913
12913
12913
12913
12913
12913
12913
12913
12913
12913
12913
12913
12913
12913
12913
12913
12913
12913
12913
12913
12913
12913
12913
12913
12913
12913
12913
12913
12913
12913
12913
12913
12913
12913
12913
12913
12913
12913
12913
12913
12913
12913
12913
12913
12913
12913
12913
12913
12913
12913
12913
12913
12913
12913
12913
12913
12913
12913
12913
12913
12913
12913
12913
12913
12913
12913
12913
12913
12913
12913
12913
12913
12913
12913
12913
12913
12913
12913
12913
12913
12913
12913
12913
12913
12913
12913
12913
12913
12913
12913
12913
12913
12913
12913
12913
12913
12913
12913
12913
12913
12913
12913
12913
12913
12913
12913
12913
12913
12913
12913
12913
12913
12913
12913
12913
12913
12913
12913
12913
12913
12913
12913
12913
12913
12913
12913
12913
12913
12913
12913
12913
12913
12913
12913
12913
12913
12913
12913
12913
12913
12913
12913
12913
12913
12913
12913
12913
12913
12913
12913
12913
12913
12913
12913
12913
12913
12913
12913
12913
12913
12913
12913
12913
12913
12913
12913
12913
12913
12913
12913
12913
12913
12913
12913
12913
12913
12913
12913
12913
12913
12913
12913
12913
12913
12913
12913
12913
12913
12913
12913
12913
12913
12913
12913
12913
12913
12913
12913
12913
12913
12913
12913
12913
12913
12913
12913
12913
12913
12913
12913
12913
12913
12913
12913
12913
12913
12913
12913
12913
12913
12913
12913
12913
12913
12913
12913
12913
12913
12913
12913
12913
12913
12913
12913
12913
12913
12913
12913
12913
12913
12913
12913
12913
12913
12913
12913
12913
12913
12913
12913
12913
12913
12913
12913
12913
12913
12913
12913
12913
12913
12913
12913
12913
12913
12913
12913
12913
12913
12913
12913
12913
12913
12913
12913
12913
12913
12913
12913
12913
12913
12913
12913
12913
12913
12913
12913
12913
12913
12913
12913
12913
12913
12913
12913
12913
12913
12913
12913
12913
12913
12913
12913
12913
12913
12913
12913
12913
12913
12913
12913
12913
12913
12913
12913
12913
12913
12913
12913
12913
12913
12913
12913
12913
12913
12913
12913
12913
12913
12913
12913
12913
12913
12913
12913
12913
12913
12913
12913
12913
12913
12913
12913
12913
12913
12913
12913
12913
12913
12913
12913
12913
12913
12913
12913
12913
12913
12913
12913
12913
12913
12913
12913
12913
12913
12913
12913
12913
12913
12913
12913
12913
12913
12913
12913
12913
12913
12913
12913
12913
12913
12913
12913
12913
12913
12913
12913
12913
12913
12913
12913
12913
12913
12913
12913
12913
12913
12913
12913
12913
12913
12913
12913
12913
12913
12913
12913
12913
12913
12913
12913
12913
12913
12913
12913
12913
12913
12913
12913
12913
12913
12913
12913
12913
12913
12913
12913
12913
12913
12913
12913
12913
12913
12913
12913
12913
12913
12913
12913
12913
12913
12913
12913
12913
12913
12913
12913
12913
12913
12913
12913
12913
12913
12913
12913
12913
12913
12913
12913
12913
12913
12913
12913
12913
12913
12913
12913
12913
12913
12913
12913
12913
12913
12913
12913
12913
12913
12913
12913
12913
12913
12913
12913
12913
12913
12913
12913
12913
12913
12913
12913
12913
12913
12913
12913
12913
12913
12913
12913
12913
12913
12913
12913
12913
12913
12913
12913
12913
12913
12913
12913
12913
12913
12913
12913
12913
12913
12913
12913
12913
12913
12913
12913
12913
12913
12913
12913
12913
12913
12913
12913
12913
12913
12913
12913
12913
12913
12913
12913
12913
12913
12913
12913
12913
12913
12913
12913
12913
12913
12913
12913
12913
12913
12913
12913
12913
12913
12913
12913
12913
12913
12913
12913
12913
12913
12913
12913
12913
12913
12913
12913
12913
12913
12913
12913
12913
12913
12913
12913
12913
12913
12913
12913
12913
12913
12913
12913
12913
12913
12913
12913
12913
12913
12913
12913
12913
12913
12913
12913
12913
12913
12913
12913
12913
12913
12913
12913
12913
12913
12913
12913
12913
12913
12913
12913
12913
12913
12913
12913
12913
12913
12913
12913
12913
12913
12913
12913
12913
12913
12913
12913
12913
12913
12913
12913
12913
12913
12913
12913
12913
12913
12913
12913
12913
12913
12913
12913
12913
12913
12913
12913
12913
12913
12913
12913
12913
12913
12913
12913
12913
12913
12913
12913
12913
12913
12913
12913
12913
12913
12913
12913
12913
12913
12913
12913
12913
12913
12913
12913
12913
12913
12913
12913
12913
12913
12913
12913
12913
12913
12913
12913
12913
12913
12913
12913
12913
12913
12913
12913
12913
12913
12913
12913
12913
12913
12913
12913
12913
12913
12913
12913
12913
12913
12913
12913
12913
12913
12913
12913
12913
12913
12913
12913
12913
12913
12913
12913
12913
12913
12913
12913
12913
12913
12913
12913
12913
12913
12913
12913
12913
12913
12913
12913
12913
12913
12913
12913
12913
12913
12913
12913
12913
12913
12913
12913
12913
12913
12913
12913
12913
12913
12913
12913
12913
12913
12913
12913
12913
12913
12913
12913
12913
12913
12913
12913
12913
12913
12913
12913
12913
12913
12913
12913
12913
12913
12913
12913
12913
12913
12913
12913
12913
12913
12913
12913
12913
12913
12913
12913
12913
12913
12913
12913
12913
12913
12913
12913
12913
12913
12913
12913
12913
12913
12913
12913
12913
12913
12913
12913
12913
12913
12913
12913
12913
12913
12913
12913
12913
12913
12913
12913
12913
12913
12913
12913
12913
12913
12913
12913
12913
12913
12913
12913
12913
12913
12913
12913
12913
12913
12913
12913
12913
12913
12913
12913
12913
12913
12913
12913
12913
12913
12913
12913
12913
12913
12913
12913
12913
12913
12913
12913
12913
12913
12913
12913
12913
12913
12913
12913
12913
12913
12913
12913
12913
12913
12913
12913
12913
12913
12913
12913
12913
12913
12913
12913
12913
12913
12913
12913
12913
12913
12913
12913
12913
12913
12913
12913
12913
12913
12913
12913
12913
12913
12913
12913
12913
12913
12913
12913
12913
12913
12913
12913
12913
12913
12913
12913
12913
12913
12913
12913
12913
12913
12913
12913
12913
12913
12913
12913
12913
12913
12913
12913
12913
12913
12913
12913
12913
12913
12913
12913
12913
12913
12913
12913
12913
12913
12913
12913
12913
12913
12913
12913
12913
12913
12913
12913
12913
12913
12913
12913
12913
12913
12913
12913
12913
12913
12913
12913
12913
12913
12913
12913
12913
12913
12913
12913
12913
12913
12913
12913
12913
12913
12913
12913
12913
12913
12913
12913
12913
12913
12913
12913
12913
12913
12913
12913
12913
12913
12913
12913
12913
12913
12913
12913
12913
12913
12913
12913
12913
12913
12913
12913
12913
12913
12913
12913
12913
12913
12913
12913
12913
12913
12913
12913
12913
12913
12913
12913
12913
12913
12913
12913
12913
12913
12913
12913
12913
12913
12913
12913
12913
12913
12913
12913
12913
12913
12913
12913
12913
12913
12913
12913
12913
12913
12913
12913
12913
12913
12913
12913
12913
12913
12913
12913
12913
12913
12913
12913
12913
12913
12913
12913
12913
12913
12913
12913
12913
12913
12913
12913
12913
12913
12913
12913
12913
12913
12913
12913
12913
12913
12913
12913
12913
12913
12913
12913
12913
12913
12913
12913
12913
12913
12913
12913
12913
12913
12913
12913
12913
12913
12913
12913
12913
12913
12913
12913
12913
12913
12913
12913
12913
12913
12913
12913
12913
12913
12913
12913
12913
12913
12913
12913
12913
12913
12913
12913
12913
12913
12913
12913
12913
12913
12913
12913
12913
12913
12913
12913
12913
12913
12913
12913
12913
12913
12913
12913
12913
12913
12913
12913
12913
12913
12913
12913
12913
12913
12913
12913
12913
12913
12913
12913
12913
12913
12913
12913
12913
12913
12913
12913
12913
12913
12913
12913
12913
12913
12913
12913
12913
12913
12913
12913
12913
12913
12913
12913
12913
12913
12913
12913
12913
12913
12913
12913
12913
12913
12913
12913
12913
12913
12913
12913
12913
12913
12913
12913
12913
12913
12913
12913
12913
12913
12913
12913
12913
12913
12913
12913
12913
12913
12913
12913
12913
12913
12913
12913
12913
12913
12913
12913
12913
12913
12913
12913
12913
12913
12913
12913
12913
12913
12913
12913
12913
12913
12913
12913
12913
12913
12913
12913
12913
12913
12913
12913
12913
12913
12913
12913
12913
12913
12913
12913
12913
12913
12913
12913
12913
12913
12913
12913
12913
12913
12913
12913
12913
12913
12913
12913
12913
12913
12913
12913
12913
12913
12913
12913
12913
12913
12913
12913
12913
12913
12913
12913
12913
12913
12913
12913
12913
12913
12913
12913
12913
12913
12913
12913
12913
12913
12913
12913
12913
12913
12913
12913
12913
12913
12913
12913
12913
12913
12913
12913
12913
12913
12913
12913
12913
12913
12913
12913
12913
12913
12913
12913
12913
12913
12913
12913
12913
12913
12913
12913
12913
12913
12913
12913
12913
12913
12913
12913
12913
12913
12913
12913
12913
12913
12913
12913
12913
12913
12913
12913
12913
12913
12913
12913
12913
12913
12913
12913
12913
12913
12913
12913
12913
12913
12913
12913
12913
12913
12913
12913
12913
12913
12913
12913
12913
12913
12913
12913
12913
12913
12913
12913
12913
12913
12913
12913
12913
12913
12913
12913
12913
12913
12913
12913
12913
12913
12913
12913
12913
12913
12913
12913
12913
12913
12913
12913
12913
12913
12913
12913
12913
12913
12913
12913
12913
12913
12913
12913
12913
12913
12913
12913
12913
12913
12913
12913
12913
12913
12913
12913
12913
12913
12913
12913
12913
12913
12913
12913
12913
12913
12913
12913
12913
12913
12913
12913
12913
12913
12913
12913
12913
12913
12913
12913
12913
12913
12913
12913
12913
12913
12913
12913
12913
12913
12913
12913
12913
12913
12913
12913
12913
12913
12913
12913
12913
12913
12913
12913
12913
12913
12913
12913
12913
12913
12913
12913
12913
12913
12913
12913
12913
12913
12913
12913
12913
12913
12913
12913
12913
12913
12913
12913
12913
12913
12913
12913
12913
12913
12913
12913
12913
12913
12913
12913
12913
12913
12913
12913
12913
12913
12913
12913
12913
12913
12913
12913
12913
12913
12913
12913
12913
12913
12913
12913
12913
12913
12913
12913
12913
12913
12913
12913
12913
12913
12913
12913
12913
12913
12913
12913
12913
12913
12913
12913
12913
12913
12913
12913
12913
12913
12913
12913
12913
12913
12913
12913
12913
12913
12913
12913
12913
12913
12913
12913
12913
12913
12913
12913
12913
12913
12913
12913
12913
12913
12913
12913
12913
12913
12913
12913
12913
12913
12913
12913
12913
12913
12913
12913
12913
12913
12913
12913
12913
12913
12913
12913
12913
12913
12913
12913
12913
12913
12913
12913
12913
12913
12913
12913
12913
12913
12913
12913
12913
12913
12913
12913
12913
12913
12913
12913
12913
12913
12913
12913
12913
12913
12913
12913
12913
12913
12913
12913
12913
12913
12913
12913
12913
12913
12913
12913
12913
12913
12913
12913
12913
12913
12913
12913
12913
12913
12913
12913
12913
12913
12913
12913
12913
12913
12913
12913
12913
12913
12913
12913
12913
12913
12913
12913
12913
12913
12913
12913
12913
12913
12913
12913
12913
12913
12913
12913
12913
12913
12913
12913
12913
12913
12913
12913
12913
12913
12913
12913
12913
12913
12913
12913
12913
12913
12913
12913
12913
12913
12913
12913
12913
12913
12913
12913
12913
12913
12913
12913
12913
12913
12913
12913
12913
12913
12913
12913
12913
12913
12913
12913
12913
12913
12913
12913
12913
12913
12913
12913
12913
12913
12913
12913
12913
12913
12913
12913
12913
12913
12913
12913
12913
12913
12913
12913
12913
12913
12913
12913
12913
12913
12913
12913
12913
12913
12913
12913
12913
12913
12913
12913
12913
12913
12913
12913
12913
12913
12913
12913
12913
12913
12913
12913
12913
12913
12913
12913
12913
12913
12913
12913
12913
12913
12913
12913
12913
12913
12913
12913
12913
12913
12913
12913
12913
12913
12913
12913
12913
12913
12913
12913
12913
12913
12913
12913
12913
12913
12913
12913
12913
12913
12913
12913
12913
12913
12913
12913
12913
12913
12913
12913
12913
12913
12913
12913
12913
12913
12913
12913
12913
12913
12913
12913
12913
12913
12913
12913
12913
12913
12913
12913
12913
12913
12913
12913
12913
12913
12913
12913
12913
12913
12913
12913
12913
12913
12913
12913
12913
12913
12913
12913
12913
12913
12913
12913
12913
12913
12913
12913
12913
12913
12913
12913
12913
12913
12913
12913
12913
12913
12913
12913
12913
12913
12913
12913
12913
12913
12913
12913
12913
12913
12913
12913
12913
12913
12913
12913
12913
12913
12913
12913
12913
12913
12913
12913
12913
12913
12913
12913
12913
12913
12913
12913
12913
12913
12913
12913
12913
12913
12913
12913
12913
12913
12913
12913
12913
12913
12913
12913
12913
12913
12913
12913
12913
12913
12913
12913
12913
12913
12913
12913
12913
12913
12913
12913
12913
12913
12913
12913
12913
12913
12913
12913
12913
12913
12913
12913
12913
12913
12913
12913
12913
12913
12913
12913
12913
12913
12913
12913
12913
12913
12913
12913
12913
12913
12913
12913
12913
12913
12913
12913
12913
12913
12913
12913
12913
12913
12913
12913
12913
12913
12913
12913
12913
12913
12913
12913
12913
12913
12913
12913
12913
12913
12913
12913
12913
12913
12913
12913
12913
12913
12913
12913
12913
12913
12913
12913
12913
12913
12913
12913
12913
12913
12913
12913
12913
12913
12913
12913
12913
12913
12913
12913
12913
12913
12913
12913
12913
12913
12913
12913
12913
12913
12913
12913
12913
12913
12913
12913
12913
12913
12913
12913
12913
12913
12913
12913
12913
12913
12913
12913
12913
12913
12913
12913
12913
12913
12913
12913
12913
12913
12913
12913
12913
12913
12913
12913
12913
12913
12913
12913
12913
12913
12913
12913
12913
12913
12913
12913
12913
12913
12913
12913
12913
12913
12913
12913
12913
12913
12913
12913
12913
12913
12913
12913
12913
12913
12913
12913
12913
12913
12913
12913
12913
12913
12913
12913
12913
12913
12913
12913
12913
12913
12913
12913
12913
12913
12913
12913
12913
12913
12913
12913
12913
12913
12913
12913
12913
12913
12913
12913
12913
12913
12913
12913
12913
12913
12913
12913
12913
12913
12913
12913
12913
12913
12913
12913
12913
12913
12913
12913
12913
12913
12913
12913
12913
12913
12913
12913
12913
12913
12913
12913
12913
12913
12913
12913
12913
12913
12913
12913
12913
12913
12913
12913
12913
12913
12913
12913
12913
12913
12913
12913
12913
12913
12913
12913
12913
12913
12913
12913
12913
12913
12913
12913
12913
12913
12913
12913
12913
12913
12913
12913
12913
12913
12913
12913
12913
12913
12913
12913
12913
12913
12913
12913
12913
12913
12913
12913
12913
12913
12913
12913
12913
12913
12913
12913
12913
12913
12913
12913
12913
12913
12913
12913
12913
12913
12913
12913
12913
12913
12913
12913
12913
12913
12913
12913
12913
12913
12913
12913
12913
12913
12913
12913
12913
12913
12913
12913
12913
12913
12913
12913
12913
12913
12913
12913
12913
12913
12913
12913
12913
12913
12913
12913
12913
12913
12913
12913
12913
12913
12913
12913
12913
12913
12913
12913
12913
12913
12913
12913
12913
12913
12913
12913
12913
12913
12913
12913
12913
12913
12913
12913
12913
12913
12913
12913
12913
12913
12913
12913
12913
12913
12913
12913
12913
12913
12913
12913
12913
12913
12913
12913
12913
12913
12913
12913
12913
12913
12913
12913
12913
12913
12913
12913
12913
12913
12913
12913
12913
12913
12913
12913
12913
12913
12913
12913
12913
12913
12913
12913
12913
12913
12913
12913
12913
12913
12913
12913
12913
12913
12913
12913
12913
12913
12913
12913
12913
12913
12913
12913
12913
12913
12913
12913
12913
12913
12913
12913
12913
12913
12913
12913
12913
12913
12913
12913
12913
12913
12913
12913
12913
12913
12913
12913
12913
12913
12913
12913
12913
12913
12913
12913
12913
12913
12913
12913
12913
12913
12913
12913
12913
12913
12913
12913
12913
12913
12913
12913
12913
12913
12913
12913
12913
12913
12913
12913
12913
12913
12913
12913
12913
12913
12913
12913
12913
12913
12913
12913
12913
12913
12913
12913
12913
12913
12913
12913
12913
12913
12913
12913
12913
12913
12913
12913
12913
12913
12913
12913
12913
12913
12913
12913
12913
12913
12913
12913
12913
12913
12913
12913
12913
12913
12913
12913
12913
12913
12913
12913
12913
12913
12913
12913
12913
12913
12913
12913
12913
12913
12913
12913
12913
12913
12913
12913
12913
12913
12913
12913
12913
12913
12913
12913
12913
12913
12913
12913
12913
12913
12913
12913
12913
12913
12913
12913
12913
12913
12913
12913
12913
12913
12913
12913
12913
12913
12913
12913
12913
12913
12913
12913
12913
12913
12913
12913
12913
12913
12913
12913
12913
12913
12913
12913
12913
12913
12913
12913
12913
12913
12913
12913
12913
12913
12913
12913
12913
12913
12913
12913
12913
12913
12913
12913
12913
12913
12913
12913
12913
12913
12913
12913
12913
12913
12913
12913
12913
12913
12913
12913
12913
12913
12913
12913
12913
12913
12913
12913
12913
12913
12913
12913
12913
12913
12913
12913
12913
12913
12913
12913
12913
12913
12913
12913
12913
12913
12913
12913
12913
12913
12913
12913
12913
12913
12913
12913
12913
12913
12913
12913
12913
12913
12913
12913
12913
12913
12913
12913
12913
12913
12913
12913
12913
12913
12913
12913
12913
12913
12913
12913
12913
12913
12913
12913
12913
12913
12913
12913
12913
12913
12913
12913
12913
12913
12913
12913
12913
12913
12913
12913
12913
12913
12913
12913
12913
12913
12913
12913
12913
12913
12913
12913
12913
12913
12913
12913
12913
12913
12913
12913
12913
12913
12913
12913
12913
12913
12913
12913
12913
12913
12913
12913
12913
12913
12913
12913
12913
12913
12913
12913
12913
12913
12913
12913
12913
12913
12913
12913
12913
12913
12913
12913
12913
12913
12913
12913
12913
12913
12913
12913
12913
12913
12913
12913
12913
12913
12913
12913
12913
12913
12913
12913
12913
12913
12913
12913
12913
12913
12913
12913
12913
12913
12913
12913
12913
12913
12913
12913
12913
12913
12913
12913
12913
12913
12913
12913
12913
12913
12913
12913
12913
12913
12913
12913
12913
12913
12913
12913
12913
12913
12913
12913
12913
12913
12913
12913
12913
12913
12913
12913
12913
12913
12913
12913
12913
12913
12913
12913
12913
12913
12913
12913
12913
12913
12913
12913
12913
12913
12913
12913
12913
12913
12913
12913
12913
12913
12913
12913
12913
12913
12913
12913
12913
12913
12913
12913
12913
12913
12913
12913
12913
12913
12913
12913
12913
12913
12913
12913
12913
12913
12913
12913
12913
12913
12913
12913
12913
12913
12913
12913
12913
12913
12913
12913
12913
12913
12913
12913
12913
12913
12913
12913
12913
12913
12913
12913
12913
12913
12913
12913
12913
12913
12913
12913
12913
12913
12913
12913
12913
12913
12913
12913
12913
12913
12913
12913
12913
12913
12913
12913
12913
12913
12913
12913
12913
12913
12913
12913
12913
12913
12913
12913
12913
12913
12913
12913
12913
12913
12913
12913
12913
12913
12913
12913
12913
12913
12913
12913
12913
12913
12913
12913
12913
12913
12913
12913
12913
12913
12913
12913
12913
12913
12913
12913
12913
12913
12913
12913
12913
12913
12913
12913
12913
12913
12913
12913
12913
12913
12913
12913
12913
12913
12913
12913
12913
12913
12913
12913
12913
12913
12913
12913
12913
12913
12913
12913
12913
12913
12913
12913
12913
12913
12913
12913
12913
12913
12913
12913
12913
12913
12913
12913
12913
12913
12913
12913
12913
12913
12913
12913
12913
12913
12913
12913
12913
12913
12913
12913
12913
12913
12913
12913
12913
12913
12913
12913
12913
12913
12913
12913
12913
12913
12913
12913
12913
12913
12913
12913
12913
12913
12913
12913
12913
12913
12913
12913
12913
12913
12913
12913
12913
12913
12913
12913
12913
12913
12913
12913
12913
12913
12913
12913
12913
12913
12913
12913
12913
12913
12913
12913
12913
12913
12913
12913
12913
12913
12913
12913
12913
12913
12913
12913
12913
12913
12913
12913
12913
12913
12913
12913
12913
12913
12913
12913
12913
12913
12913
12913
12913
12913
12913
12913
12913
12913
12913
12913
12913
12913
12913
12913
12913
12913
12913
12913
12913
12913
12913
12913
12913
12913
12913
12913
12913
12913
12913
12913
12913
12913
12913
12913
12913
12913
12913
12913
12913
12913
12913
12913
12913
12913
12913
12913
12913
12913
12913
12913
12913
12913
12913
12913
12913
12913
12913
12913
12913
12913
12913
12913
12913
12913
12913
12913
12913
12913
12913
12913
12913
12913
12913
12913
12913
12913
12913
12913
12913
12913
12913
12913
12913
12913
12913
12913
12913
12913
12913
12913
12913
12913
12913
12913
12913
12913
12913
12913
12913
12913
12913
12913
12913
12913
12913
12913
12913
12913
12913
12913
12913
12913
12913
12913
12913
12913
12913
12913
12913
12913
12913
12913
12913
12913
12913
12913
12913
12913
12913
12913
12913
12913
12913
12913
12913
12913
12913
12913
12913
12913
12913
12913
12913
12913
12913
12913
12913
12913
12913
12913
12913
12913
12913
12913
12913
12913
12913
12913
12913
12913
12913
12913
12913
12913
12913
12913
12913
12913
12913
12913
12913
12913
12913
12913
12913
12913
12913
12913
12913
12913
12913
12913
12913
12913
12913
12913
12913
12913
12913
12913
12913
12913
12913
12913
12913
12913
12913
12913
12913
12913
12913
12913
12913
12913
12913
12913
12913
12913
12913
12913
12913
12913
12913
12913
12913
12913
12913
12913
12913
12913
12913
12913
12913
12913
12913
12913
12913
12913
12913
12913
12913
12913
12913
12913
12913
12913
12913
12913
12913
12913
12913
12913
12913
12913
12913
12913
12913
12913
12913
12913
12913
12913
12913
12913
12913
12913
12913
12913
12913
12913
12913
12913
12913
12913
12913
12913
12913
12913
12913
12913
12913
12913
12913
12913
12913
12913
12913
12913
12913
12913
12913
12913
12913
12913
12913
12913
12913
12913
12913
12913
12913
12913
12913
12913
12913
12913
12913
12913
12913
12913
12913
12913
12913
12913
12913
12913
12913
12913
12913
12913
