0
0
0
0
0
0
0
0
0
0
0
0
0
0
0
0
0
0
0
0
0
0
0
0
0
0
0
0
0
0
0
0
0
0
0
0
0
0
0
0
0
0
0
0
0
0
0
0
0
0
0
0
0
0
0
0
0
0
0
0
0
0
0
0
0
0
0
0
0
0
0
0
0
0
0
0
0
0
0
0
0
0
0
0
0
0
0
0
0
0
0
0
0
0
0
0
0
0
0
0
0
0
0
0
0
0
0
0
0
0
0
0
0
0
0
0
0
0
0
0
0
0
0
0
0
0
0
0
0
0
0
13
147
457
900
1427
2026
2703
3440
4266
5062
5620
6382
6868
7377
7844
8166
8683
8723
9078
9466
9690
9700
9550
9584
9506
9690
9534
9596
9547
9298
9214
9020
8731
8457
8191
7997
7635
7073
6827
6573
6057
5897
5501
5297
4878
4585
4289
4065
4007
3680
3569
3440
3211
3122
2995
2795
2711
2619
2482
2468
2339
2337
2197
2186
2095
2080
2057
2148
2178
2121
1995
2188
3314
5202
5537
3429
2087
1585
1578
1565
1595
1551
1553
1722
1641
1642
1465
1366
1405
1484
1361
1387
1425
1333
1243
1321
1343
1365
1414
1340
1320
1290
1235
1200
1145
1219
1176
1168
1225
1146
1134
1184
1140
1123
1168
1128
1129
1153
1097
1144
1126
1130
1030
1100
1089
1085
1057
1045
1014
1004
1009
969
1018
987
999
1000
1034
1056
939
964
1015
962
1028
938
953
995
993
929
982
1054
1126
1017
918
898
950
888
934
936
905
897
930
901
979
987
928
829
905
855
913
872
879
859
933
870
842
917
965
946
1015
1029
994
937
1004
1059
1048
1062
905
853
841
872
836
924
1073
1084
1070
851
844
856
776
843
777
771
813
798
756
768
759
777
705
739
748
713
714
740
736
718
711
745
741
696
681
774
821
790
709
720
672
654
766
769
802
715
641
635
649
661
617
627
715
716
665
652
618
610
543
561
602
590
565
583
572
608
598
578
541
561
597
597
634
554
589
523
569
583
594
599
574
548
553
571
569
607
541
492
506
524
546
506
541
476
525
553
586
603
553
499
512
494
503
538
508
476
558
502
491
464
485
473
502
528
520
493
505
503
508
490
502
497
502
533
471
533
476
478
462
504
488
462
482
490
499
503
480
460
495
519
481
470
487
492
466
500
521
506
500
458
444
482
466
493
475
480
529
507
462
456
493
487
458
442
464
442
455
459
473
516
540
528
510
525
516
503
433
444
445
419
466
421
493
472
550
767
1821
5232
8613
7915
3804
1321
660
615
577
531
477
426
358
357
369
322
342
348
348
319
337
332
336
328
332
334
318
335
328
325
329
294
362
345
339
366
357
315
343
328
323
327
324
317
329
358
371
364
360
372
306
305
344
337
345
342
309
300
315
294
302
296
303
300
320
313
330
335
282
302
307
375
513
520
479
358
292
289
308
309
329
295
283
274
258
312
322
356
354
279
285
253
302
272
266
269
279
269
280
297
303
322
274
279
265
294
268
294
266
292
273
252
286
260
281
310
250
276
277
212
260
274
263
276
309
249
276
280
235
251
246
259
240
266
244
255
245
234
234
281
243
257
229
240
264
245
275
243
277
230
258
237
261
263
289
295
291
252
266
217
247
235
227
206
212
254
232
242
250
286
336
377
392
287
317
267
267
254
217
208
201
235
207
213
213
198
223
223
195
219
301
483
1210
2663
3345
2432
1055
415
267
221
227
236
243
209
215
192
181
184
182
216
243
210
196
185
203
210
192
184
160
190
210
201
230
201
167
185
212
197
194
202
189
177
182
195
193
188
206
174
205
183
202
179
197
180
190
174
200
193
165
211
182
176
177
178
169
199
185
226
257
273
278
241
193
225
179
233
312
386
360
213
213
178
145
167
170
160
154
162
161
158
167
170
164
168
156
181
202
184
160
194
254
259
211
183
158
156
181
198
194
169
190
164
167
167
161
179
168
161
148
176
273
378
775
971
882
468
251
165
171
177
143
165
156
185
247
374
385
344
247
175
153
173
172
147
173
143
153
117
156
158
153
149
145
156
163
137
141
153
162
149
148
173
174
142
145
122
157
149
166
162
148
170
143
147
146
140
148
143
151
138
145
139
147
169
130
163
163
175
192
164
144
159
144
163
168
204
221
236
187
166
156
119
155
118
140
130
169
140
137
140
139
123
137
130
140
143
155
130
126
140
141
142
125
137
142
151
149
161
163
257
470
741
773
548
266
174
150
115
109
153
145
130
113
129
135
151
143
140
146
139
111
154
151
141
138
121
152
146
135
136
126
122
129
135
129
133
115
144
127
112
144
137
149
127
134
111
130
128
120
122
114
133
131
139
149
156
128
124
139
143
131
140
143
148
148
133
140
146
131
130
143
135
149
140
130
119
123
127
121
159
164
200
186
145
148
131
149
131
109
120
136
120
119
127
125
132
130
131
142
141
130
139
118
107
126
111
131
128
146
139
130
116
111
124
127
145
150
145
151
128
125
132
135
119
118
117
111
107
127
133
116
132
112
126
127
142
127
112
134
114
121
111
136
98
101
129
116
138
122
122
121
112
101
115
123
116
110
108
115
101
90
115
101
105
88
100
118
125
134
97
125
135
138
125
115
111
116
126
99
108
99
98
106
111
117
100
122
100
96
110
106
110
103
135
125
116
105
115
91
106
100
117
102
102
105
105
106
90
97
105
99
111
123
141
164
153
150
130
107
97
104
87
101
107
114
102
101
100
116
92
95
96
119
138
162
161
142
112
103
110
97
101
110
98
152
241
369
482
378
235
128
94
93
96
91
94
100
108
107
96
97
101
113
95
99
81
82
92
87
89
91
99
99
110
98
114
99
94
102
99
107
108
100
89
88
90
103
85
89
94
94
95
82
94
89
101
84
82
93
92
94
81
89
102
109
90
98
97
94
97
85
88
91
104
95
119
108
102
114
131
168
209
234
191
163
109
101
85
91
93
68
81
89
78
72
92
91
76
84
75
93
71
84
77
76
87
85
80
66
74
76
92
93
82
77
78
72
64
78
65
85
94
102
91
80
80
85
79
82
94
88
86
79
92
83
74
71
84
77
73
71
94
84
84
59
68
63
81
89
83
96
86
93
85
89
99
148
201
296
274
206
158
110
135
186
282
260
201
123
77
82
79
71
62
79
76
66
101
77
85
70
83
72
82
64
70
82
79
73
74
77
71
54
54
75
79
94
111
80
67
70
64
62
52
64
68
70
77
75
69
65
61
62
68
58
73
63
63
64
73
66
76
67
66
58
77
96
136
233
259
197
141
83
68
70
69
79
67
65
74
97
117
138
169
118
102
59
67
84
119
169
158
108
72
68
83
65
66
51
71
70
63
46
59
63
57
63
62
78
65
67
93
86
73
58
53
63
62
66
57
64
64
63
59
51
61
69
68
84
71
69
90
84
85
69
75
96
65
69
61
60
75
61
46
58
63
62
59
57
70
68
47
57
59
54
56
58
55
88
60
54
61
55
42
54
67
74
94
75
88
66
54
57
56
49
57
73
82
70
63
60
69
57
48
48
63
67
73
43
55
80
71
86
67
65
48
56
68
80
105
123
105
92
72
52
67
52
54
58
54
59
62
62
62
69
58
45
47
55
55
41
41
59
48
38
68
52
65
64
78
48
63
53
55
64
75
79
56
70
47
66
41
47
50
37
52
42
45
42
42
47
55
54
71
53
63
61
45
70
69
63
113
134
198
210
147
97
55
40
40
60
47
45
57
48
71
49
56
45
65
46
48
49
55
56
65
55
47
44
55
56
49
50
46
51
52
45
52
58
55
45
45
41
51
57
60
44
51
45
45
48
40
49
46
58
43
48
56
86
100
80
73
54
60
53
45
46
32
62
42
42
52
38
45
55
46
55
54
48
59
51
44
48
50
53
53
44
54
47
41
42
41
39
40
45
43
39
40
45
62
65
56
51
53
50
44
36
48
47
43
38
45
51
47
58
57
57
58
54
54
53
31
59
46
37
48
55
47
50
57
55
52
61
47
48
42
51
40
36
35
32
53
39
36
48
43
44
39
65
45
55
54
52
53
47
49
65
55
48
64
47
57
38
54
39
50
51
54
42
59
53
53
51
51
62
49
52
50
58
55
51
64
57
57
58
60
47
44
47
41
37
40
40
42
55
46
46
47
48
42
50
37
49
30
45
35
40
51
41
38
37
51
40
62
50
49
42
36
48
40
43
42
39
39
44
48
51
55
52
52
37
34
39
34
40
37
45
34
32
34
46
35
39
42
57
40
40
42
48
52
56
49
52
59
33
42
33
41
53
48
52
34
42
43
57
53
65
48
39
48
36
55
45
40
38
50
39
36
44
41
47
51
52
34
31
40
43
47
33
42
49
45
45
37
47
32
45
40
42
39
42
41
37
29
43
44
46
39
36
36
48
39
44
41
32
33
39
46
45
45
43
39
42
32
47
50
42
37
35
43
39
35
29
41
37
46
46
42
49
37
45
33
39
26
37
38
27
38
30
42
39
39
45
40
27
32
38
41
39
40
50
51
41
43
43
34
33
35
45
28
36
41
44
53
59
48
45
44
40
49
33
49
41
46
47
47
42
40
37
41
35
33
34
30
32
29
37
42
37
41
34
39
38
46
33
31
36
24
26
34
23
43
32
34
29
28
42
44
33
39
50
29
36
45
36
38
42
49
27
36
36
41
33
29
39
31
41
40
39
43
36
39
30
32
42
60
30
43
40
46
42
48
70
58
55
46
49
25
44
43
42
37
27
41
37
38
39
33
37
31
40
54
42
58
63
43
39
36
43
28
38
43
34
34
38
37
30
22
34
31
36
33
32
36
45
48
38
34
36
29
35
30
25
41
27
39
36
38
39
45
33
49
35
62
38
44
50
37
36
41
40
34
28
34
36
38
27
29
25
34
38
47
51
173
881
1609
1524
678
177
55
52
58
43
40
39
41
36
38
39
35
32
28
40
41
31
32
28
21
36
38
34
26
35
30
32
45
36
37
41
37
43
50
42
31
36
33
35
27
43
33
27
39
26
31
19
29
32
31
36
24
41
37
55
51
33
49
33
34
21
30
24
28
40
30
27
26
31
32
40
31
38
42
37
37
29
29
31
28
35
28
23
26
42
30
31
28
35
39
31
45
42
32
27
19
33
32
44
38
41
44
37
40
48
26
29
28
30
32
18
28
33
31
29
26
33
24
27
22
31
30
24
26
16
26
28
25
32
36
46
38
51
40
37
29
34
30
27
22
33
24
35
18
28
26
32
29
27
31
30
31
34
24
21
35
32
30
23
33
21
25
29
26
26
17
21
35
33
22
30
32
36
56
49
55
43
46
25
29
31
33
28
31
26
23
26
24
29
30
37
31
24
24
36
20
22
30
25
45
34
28
19
35
28
33
23
33
31
20
25
30
27
23
32
23
23
30
29
25
49
63
116
134
137
94
72
47
35
27
36
41
30
30
30
17
37
24
22
25
23
26
33
29
22
19
20
19
30
20
33
27
27
22
20
21
21
31
30
18
32
22
20
30
27
30
34
33
28
31
24
17
32
25
26
18
22
27
29
18
24
21
23
21
27
32
30
40
33
24
22
32
22
41
22
32
32
24
21
26
22
27
17
26
23
20
22
24
25
23
18
15
22
22
16
26
21
26
27
33
27
21
31
27
24
27
16
25
26
21
28
20
22
17
21
28
25
24
19
24
18
18
7
16
20
22
27
30
20
24
14
21
16
27
39
32
30
29
20
28
32
26
31
25
21
27
18
24
25
14
27
19
16
19
13
19
28
22
21
22
17
20
13
17
19
21
19
34
27
24
26
27
27
22
22
34
29
28
25
21
22
18
24
21
23
22
19
17
20
26
32
20
29
28
27
14
16
24
31
16
25
30
24
23
17
17
22
17
17
19
22
20
29
27
24
28
24
24
22
23
30
36
27
26
22
17
21
31
26
30
17
15
28
21
21
25
21
16
15
15
24
18
27
23
18
22
14
22
24
15
19
28
22
27
17
20
24
18
17
11
22
25
22
32
17
19
19
19
23
17
21
28
26
21
20
15
15
20
18
24
25
34
36
30
31
28
19
28
35
26
19
28
16
12
20
25
23
18
25
16
20
24
20
9
27
25
19
17
21
23
20
16
21
17
16
18
13
22
18
24
20
16
20
22
18
24
12
12
21
20
14
24
17
16
18
19
22
25
16
19
12
31
17
16
18
20
11
16
14
13
17
20
8
11
14
24
12
21
23
25
16
24
14
20
16
28
21
20
20
7
27
27
27
11
18
15
10
20
19
10
20
23
22
13
20
23
15
16
13
12
20
15
22
14
16
16
19
18
23
27
23
17
22
18
21
21
23
21
20
25
20
23
21
25
18
19
28
20
18
16
16
16
19
16
16
28
23
18
19
32
12
18
11
19
18
27
14
25
19
19
25
12
14
21
10
23
12
19
30
18
14
17
17
18
21
12
15
17
17
23
22
18
16
12
11
21
17
21
21
14
16
17
13
17
13
15
29
42
39
52
60
60
39
28
20
11
27
21
12
17
23
26
14
23
20
16
16
18
15
18
16
16
13
16
17
25
15
13
15
22
13
19
18
19
14
16
15
16
18
18
26
21
15
13
14
14
23
16
8
14
15
14
12
11
12
12
24
9
10
11
17
11
8
21
13
15
14
14
13
11
4
12
19
7
18
13
9
19
13
8
12
17
13
9
13
12
13
26
10
22
11
10
15
17
13
20
29
19
10
17
18
14
15
9
15
12
12
16
13
11
15
16
22
14
27
32
16
16
18
13
19
12
16
4
12
17
11
12
11
17
9
13
14
11
14
4
9
11
13
11
12
15
8
8
13
10
10
14
14
18
15
16
16
9
9
10
16
14
16
14
11
13
7
18
15
16
20
21
29
41
33
70
69
59
41
24
21
14
13
12
12
12
8
6
6
13
13
9
10
11
10
12
6
9
9
10
17
10
18
14
20
17
19
18
20
19
15
24
24
20
19
12
12
14
17
10
21
24
40
36
41
60
46
40
24
23
20
17
16
31
32
34
30
17
9
16
11
14
13
13
11
8
8
9
8
5
10
8
14
9
5
14
9
7
6
7
9
8
10
14
8
12
12
11
5
11
14
5
7
9
13
10
10
14
10
9
9
5
10
13
11
11
12
8
8
5
13
9
10
4
14
7
10
14
12
19
9
8
16
13
8
8
9
9
10
4
9
14
18
17
15
11
10
12
7
13
10
8
8
6
10
4
9
5
14
9
4
13
12
10
5
8
12
13
21
15
20
14
17
7
14
9
11
14
8
10
5
10
8
7
9
11
7
7
12
14
13
8
12
12
3
9
9
10
11
14
17
6
15
14
7
14
9
12
9
9
10
15
8
11
7
5
6
9
5
9
13
10
11
10
10
5
11
14
16
20
13
18
8
23
16
9
11
12
7
14
12
17
8
13
12
16
5
7
4
6
12
12
15
8
8
12
10
6
11
9
6
9
11
11
6
12
5
7
8
9
10
8
9
15
9
10
10
11
15
18
14
9
11
11
14
7
7
10
8
13
11
10
5
5
10
9
11
6
5
7
4
5
15
8
5
14
12
13
7
5
6
9
6
5
9
14
12
15
8
6
9
10
6
8
10
9
7
9
6
14
14
7
10
9
12
14
4
7
5
8
6
3
12
8
11
9
11
9
10
6
8
8
9
6
5
15
8
9
6
6
7
11
11
10
9
8
13
5
13
8
11
13
7
8
13
5
8
8
8
14
7
17
15
13
9
18
16
14
10
11
7
9
10
7
7
13
10
10
9
12
9
6
7
7
6
6
4
8
7
9
9
3
7
2
12
9
2
9
1
4
6
4
4
9
5
7
8
7
2
7
8
7
8
9
14
4
8
8
9
8
5
3
5
6
10
4
9
8
10
10
15
11
8
5
6
10
9
7
10
20
11
10
11
12
12
8
3
6
5
7
9
10
10
4
7
9
8
11
6
6
10
10
5
7
3
7
10
11
5
10
4
8
14
6
11
1
8
7
9
5
3
8
7
7
13
7
6
6
9
9
4
5
12
5
6
4
7
4
9
10
7
7
8
3
1
6
4
4
12
10
9
7
9
5
8
2
9
4
7
9
10
8
11
14
12
32
28
16
20
16
18
9
6
6
8
8
8
9
9
6
5
7
4
4
9
6
7
12
10
10
14
4
14
7
9
4
10
9
8
9
4
2
3
7
7
3
8
9
8
4
6
4
9
5
5
4
5
4
3
9
4
6
5
6
2
9
5
8
7
9
10
7
6
9
5
3
3
6
6
4
3
10
7
9
2
7
5
2
10
6
4
6
6
1
11
7
10
4
6
7
10
5
4
9
9
7
3
6
4
4
5
10
6
5
7
4
5
2
5
5
8
2
7
9
7
9
6
5
5
6
8
8
5
7
14
15
11
10
7
7
8
3
12
5
1
5
2
2
3
6
3
5
1
5
4
5
7
3
4
0
3
5
4
1
5
3
4
6
3
1
7
9
5
3
5
3
4
7
7
7
5
6
2
6
9
5
1
8
10
3
4
5
5
6
9
5
5
7
5
4
7
5
13
6
5
7
8
6
6
1
1
2
4
3
5
1
7
2
4
5
7
5
1
5
9
3
6
1
2
3
7
8
2
2
8
9
6
5
7
5
5
2
5
4
4
7
11
2
6
12
10
6
5
3
5
5
4
5
4
8
4
9
5
4
3
3
4
2
8
4
2
2
7
5
5
8
3
2
4
2
6
6
3
2
4
8
1
1
2
6
4
2
8
4
5
3
7
4
10
7
7
8
10
6
5
4
12
5
9
6
6
7
7
1
2
4
5
4
5
2
2
1
5
2
5
4
8
4
4
6
5
6
4
4
4
4
3
3
3
6
2
3
8
9
6
2
10
8
19
10
19
26
14
10
7
8
5
4
2
7
3
8
5
3
4
4
6
2
3
6
4
1
2
2
4
2
5
9
1
5
2
8
3
3
4
1
3
4
6
2
4
4
7
2
2
2
3
5
3
5
3
3
1
1
4
3
7
3
6
5
3
3
4
4
5
1
1
4
14
9
16
8
11
6
3
6
3
4
5
4
6
3
5
7
2
1
3
6
1
5
2
4
5
2
1
4
4
4
2
8
0
3
6
3
3
2
3
4
5
3
5
2
4
2
3
3
4
1
2
0
4
4
3
3
3
5
6
2
1
8
3
3
5
2
6
2
4
5
1
4
4
0
4
1
2
1
2
4
1
4
5
1
4
6
5
5
5
1
3
6
3
0
3
3
1
2
4
5
4
4
1
1
3
2
3
1
2
6
6
1
5
3
0
4
5
1
3
0
1
1
1
2
3
3
2
6
3
1
4
6
5
4
4
2
5
1
2
3
7
0
1
2
6
5
2
3
1
2
10
8
3
4
3
7
3
1
3
2
4
3
2
4
5
2
5
2
5
3
3
9
2
4
0
0
4
0
1
2
3
7
3
3
3
5
2
3
9
5
6
3
2
3
2
3
3
4
1
3
3
5
3
2
6
5
4
2
9
1
1
1
4
9
3
2
1
2
0
1
2
5
2
2
5
3
1
3
3
4
1
0
3
2
9
5
1
2
1
4
2
3
3
2
6
3
4
1
4
5
2
3
2
1
3
8
1
3
4
5
7
3
4
3
3
4
5
3
4
4
4
3
2
5
5
4
1
1
4
1
3
2
2
1
2
4
3
3
2
6
2
7
8
5
2
4
1
3
2
3
2
3
1
2
4
2
3
2
2
1
4
2
3
2
2
2
5
3
1
6
3
0
3
3
5
3
7
6
2
4
2
4
5
2
3
2
4
4
3
0
1
2
4
2
4
2
6
4
0
2
3
5
2
2
0
0
2
2
3
1
4
4
4
3
2
1
0
3
4
4
6
1
7
4
3
3
4
1
6
6
1
4
1
1
0
1
3
3
0
3
5
4
2
3
3
0
2
1
2
4
1
4
6
2
1
1
4
4
1
3
2
3
3
2
7
4
0
5
3
6
2
6
2
1
1
4
6
9
3
2
5
3
1
2
3
1
4
0
4
0
2
0
4
2
4
0
3
2
2
1
3
2
2
3
1
3
1
2
1
1
0
2
4
1
4
2
4
3
1
2
0
6
2
2
3
1
6
1
2
1
3
4
4
2
0
2
2
0
2
2
2
3
1
2
1
2
2
1
2
1
4
2
3
7
3
1
2
4
0
2
1
0
3
1
3
4
1
3
4
1
3
3
3
1
3
2
3
2
2
2
0
0
4
3
2
3
3
2
0
4
1
1
5
1
5
3
5
1
3
3
3
0
2
2
2
2
1
3
2
1
3
3
0
2
0
3
2
3
2
4
1
2
1
2
3
3
2
2
3
3
2
0
2
3
1
3
1
0
1
0
1
3
2
2
3
1
4
1
0
1
1
1
0
0
1
0
1
2
1
2
1
0
3
1
8
3
2
0
6
1
5
0
2
2
2
2
1
1
4
1
0
0
3
2
1
3
1
1
1
2
4
3
3
1
2
1
1
3
1
3
5
1
3
3
5
2
3
2
0
3
2
4
1
3
3
6
5
5
2
2
2
3
3
1
3
0
3
3
1
3
0
1
2
2
1
1
4
3
1
3
2
2
2
3
2
4
5
3
3
5
0
0
3
5
1
0
1
0
2
2
1
2
2
2
3
2
1
2
6
1
2
1
3
5
2
1
6
2
2
3
2
0
3
2
2
2
0
2
4
1
2
1
2
3
5
2
1
1
2
2
0
2
4
1
5
2
0
3
1
0
2
6
3
0
0
0
1
4
2
5
3
0
1
1
0
1
2
1
0
2
0
3
3
3
1
1
5
1
1
2
0
0
2
2
3
3
3
1
2
2
5
1
1
0
3
0
4
2
1
1
2
2
3
0
2
1
1
4
4
2
1
3
2
4
1
1
2
3
2
1
5
3
1
1
1
1
4
2
1
1
2
0
5
2
2
3
1
1
2
1
2
1
3
0
1
0
0
1
3
1
0
1
2
4
1
2
0
4
1
2
1
2
2
2
2
1
2
2
1
3
3
1
2
0
1
3
2
5
3
2
3
2
4
3
2
2
1
4
2
3
2
3
1
2
3
5
1
1
2
2
0
0
1
0
0
3
3
2
1
2
2
2
1
3
0
4
1
3
0
3
1
2
0
0
0
4
0
1
3
3
0
3
5
3
2
0
2
2
2
1
2
4
3
1
3
1
1
3
2
2
1
5
1
3
0
0
3
1
1
2
0
2
2
1
0
2
0
2
0
1
2
2
2
2
5
1
2
4
3
0
2
4
2
2
1
0
0
2
0
3
1
1
0
1
0
0
1
2
4
2
0
1
1
1
2
0
3
1
3
1
1
1
2
3
2
3
1
2
0
2
2
1
1
1
3
1
2
1
2
2
1
1
0
1
1
2
2
2
2
2
0
1
1
1
1
0
1
0
1
2
1
2
0
2
1
1
0
0
1
2
1
1
1
0
0
2
1
2
0
7
0
0
2
0
2
0
1
4
2
0
2
4
3
0
2
2
1
2
1
0
3
1
0
1
1
2
1
0
0
5
0
1
2
3
2
0
1
0
3
0
0
1
2
3
0
1
3
3
2
3
0
1
1
0
3
2
3
1
1
2
0
5
4
2
3
1
4
4
1
1
0
3
2
2
3
1
0
1
1
0
0
1
1
2
2
3
3
1
0
3
2
1
0
0
1
0
2
1
2
3
1
2
2
2
0
0
1
3
2
1
1
3
2
0
0
1
1
2
3
0
1
0
0
3
1
0
1
1
2
1
1
0
2
2
1
0
0
0
3
1
0
1
2
2
0
0
1
1
1
0
4
1
2
1
0
0
2
0
2
1
2
3
0
2
1
1
1
0
1
1
3
1
1
4
0
4
3
3
1
5
2
5
2
2
0
4
2
1
0
0
2
5
1
1
0
2
2
1
0
3
1
3
1
1
3
0
2
0
3
1
0
2
4
0
1
0
3
3
1
1
1
0
2
1
0
0
0
0
1
0
0
7
1
0
0
1
0
0
2
0
0
1
3
1
0
1
0
0
3
1
3
1
0
2
0
2
0
1
0
2
2
1
1
1
1
0
2
3
1
1
0
0
1
0
0
4
0
0
1
0
0
0
2
1
1
1
2
0
0
1
0
1
0
1
1
1
4
0
0
0
0
3
3
2
0
1
0
0
2
0
2
3
3
0
0
1
1
2
1
1
0
1
3
2
2
2
1
2
1
3
0
0
2
1
1
1
1
2
2
4
3
2
0
1
3
2
2
1
2
3
1
1
3
2
1
0
1
1
4
1
0
0
3
3
0
1
2
2
2
3
2
2
1
1
3
2
2
0
3
5
2
1
2
1
1
1
0
1
2
1
2
1
2
2
0
1
0
1
5
1
1
1
1
2
1
4
0
3
0
4
0
3
2
1
2
0
1
0
0
1
0
3
1
3
0
1
0
1
0
1
1
4
0
0
2
0
0
4
1
0
1
1
2
2
0
0
1
0
1
1
5
1
0
1
0
1
0
1
2
0
0
0
0
0
2
1
0
0
2
1
2
1
1
1
1
0
1
0
3
0
2
0
3
1
1
1
0
0
0
3
0
3
1
1
2
0
1
0
1
1
2
2
1
1
0
3
1
2
1
1
1
1
0
2
1
2
0
3
2
3
0
3
1
2
0
4
1
2
1
1
2
1
2
2
0
1
2
0
1
0
1
1
1
1
2
0
4
2
1
3
2
1
1
0
0
0
0
0
1
1
1
1
1
2
2
0
0
1
1
2
1
1
0
2
1
0
2
1
1
0
1
0
0
1
0
1
0
1
1
2
0
3
0
0
1
1
1
0
0
1
2
0
1
1
0
2
0
1
0
0
2
0
1
1
1
3
2
0
2
0
1
3
1
0
2
0
0
0
2
2
3
0
2
2
0
0
1
0
0
0
1
0
2
1
0
0
0
2
1
1
0
1
0
1
2
0
0
1
0
0
1
0
1
1
0
4
0
3
0
1
1
1
1
2
1
1
1
1
3
2
1
1
0
1
2
3
1
1
2
2
1
0
2
0
0
1
0
0
2
1
1
0
1
3
0
1
0
1
0
2
1
0
1
1
1
0
2
3
0
0
0
0
0
2
1
2
1
2
0
1
4
1
0
1
0
0
1
3
2
3
2
1
1
2
2
3
0
0
1
0
1
1
0
0
0
2
1
3
2
0
1
1
4
0
0
0
1
1
1
1
1
0
0
0
2
0
0
1
1
0
0
2
2
0
0
1
1
2
2
2
1
1
0
0
1
1
0
2
1
0
1
2
1
2
1
1
1
1
3
0
1
0
0
0
0
0
0
2
1
0
1
0
1
0
2
1
1
0
0
2
4
0
0
2
3
0
1
0
0
1
1
2
1
2
1
0
1
1
2
0
1
1
1
0
2
0
1
1
1
2
2
1
4
2
0
1
1
2
1
0
5
2
0
1
2
2
1
1
1
0
0
1
1
2
1
0
1
1
1
2
2
2
3
3
1
4
0
1
1
1
0
0
2
4
2
1
0
0
1
1
0
3
1
0
1
2
1
3
2
1
0
1
0
0
1
0
0
1
0
1
0
0
0
2
0
2
2
1
1
1
2
1
0
1
2
0
1
1
0
1
3
0
0
1
1
2
0
0
1
3
0
0
1
1
1
1
1
1
2
0
1
0
0
0
0
2
0
1
0
0
3
0
1
1
1
0
0
0
1
3
2
1
4
0
2
2
0
1
1
1
2
0
3
0
1
2
0
0
2
1
0
0
1
1
0
2
4
2
2
1
2
1
2
1
1
0
2
1
0
1
1
1
2
0
1
1
2
2
0
0
0
0
1
1
1
2
2
2
1
1
0
0
1
2
0
0
2
2
1
0
2
1
0
1
0
1
2
1
2
1
1
1
0
0
0
0
2
0
0
0
2
0
3
1
2
1
2
0
0
0
1
0
0
0
0
0
1
0
1
1
0
1
1
2
2
1
1
1
0
0
0
0
2
1
3
0
0
1
1
1
1
0
0
0
1
4
0
0
0
1
2
0
0
0
1
2
0
2
0
0
1
0
1
0
1
0
1
0
1
1
0
3
1
1
0
0
0
0
1
1
1
0
0
0
1
0
1
0
1
1
0
1
0
0
2
1
1
3
2
0
1
1
2
2
0
1
0
1
0
0
1
1
2
0
1
0
0
1
1
0
1
2
2
1
0
0
1
1
0
0
1
2
1
2
1
0
1
1
1
0
1
0
1
0
1
0
0
0
0
2
1
3
1
0
4
1
2
0
0
1
2
0
0
1
0
0
0
0
0
1
0
1
3
2
1
0
0
0
1
1
1
0
0
1
0
0
0
0
1
0
1
0
0
3
4
1
0
0
0
0
1
0
1
0
0
0
1
0
0
1
0
3
0
1
1
0
2
0
1
0
2
2
0
2
1
2
1
0
0
1
2
0
0
0
1
0
0
3
0
0
0
1
1
1
0
0
1
0
0
0
2
0
0
1
0
0
0
4
2
0
2
0
1
1
0
0
0
1
1
1
1
1
0
0
1
0
2
0
1
2
1
0
1
0
1
1
2
0
0
0
1
0
0
1
0
0
0
0
2
3
1
1
2
2
0
2
2
4
1
1
3
2
2
0
3
0
0
1
0
0
1
0
1
0
1
1
2
0
0
0
0
0
0
1
1
1
1
0
1
0
1
0
0
0
1
0
0
0
0
2
1
0
1
0
0
2
0
1
0
0
0
0
1
0
1
1
1
0
1
2
0
1
1
0
0
1
0
0
1
1
0
0
2
1
0
0
3
0
0
3
1
1
0
2
1
2
2
2
1
0
0
1
0
0
1
1
0
2
0
1
0
1
0
0
0
1
1
1
0
0
0
1
0
1
0
0
1
2
2
2
1
1
0
4
1
1
2
0
0
0
2
0
0
1
0
2
0
0
0
0
1
0
0
0
0
2
0
3
1
2
3
0
0
1
3
1
0
1
0
1
1
0
1
1
0
0
0
0
1
2
2
0
3
0
0
1
0
1
2
2
1
0
1
0
0
0
1
1
1
3
0
1
1
0
0
0
0
0
2
1
0
1
3
0
1
0
1
1
2
1
0
0
0
1
0
0
1
2
2
2
0
0
0
1
0
1
0
1
3
1
0
0
0
1
1
1
1
0
1
0
0
0
0
0
2
0
1
0
3
0
0
0
0
0
1
1
0
1
1
1
0
0
1
1
0
0
1
0
1
1
0
2
0
0
1
1
1
1
1
0
1
1
1
1
0
1
1
0
1
1
0
1
1
0
3
0
0
0
0
4
4
1
0
2
0
0
0
1
1
0
1
0
0
0
0
0
1
1
0
1
0
1
0
0
2
0
1
1
0
2
0
2
0
0
2
2
1
0
0
0
1
2
1
1
1
1
1
3
0
1
1
0
0
1
1
1
3
0
0
0
1
1
3
0
1
0
1
1
0
0
1
1
0
0
1
2
0
2
1
0
0
0
0
0
0
0
0
2
0
0
1
0
1
2
3
0
2
1
0
0
1
0
0
1
0
3
0
0
0
0
0
0
0
2
0
0
1
2
1
0
0
0
2
0
3
0
0
1
1
0
2
2
1
1
1
1
2
1
1
0
1
0
0
0
1
0
2
0
1
1
0
4
1
1
0
1
2
3
0
0
0
0
0
2
1
1
1
1
0
1
0
0
2
2
0
1
3
0
1
2
2
0
1
0
2
0
0
1
0
1
1
0
0
0
0
0
1
2
0
1
0
0
0
1
0
1
1
1
2
0
1
2
2
2
2
0
1
0
1
0
0
2
3
0
1
2
0
0
2
2
0
2
1
0
0
1
1
2
2
0
1
1
0
0
0
1
1
0
2
0
1
1
0
0
0
0
0
3
1
1
0
1
0
0
1
0
1
0
2
1
0
1
0
3
0
0
1
1
0
1
0
0
0
0
2
1
1614
1614
1614
1614
1614
1614
1614
1614
1614
1614
1614
1614
1614
1614
1614
1614
1614
1614
1614
1614
1614
1614
1614
1614
1614
1614
1614
1614
1614
1614
1614
1614
1614
1614
1614
1614
1614
1614
1614
1614
1614
1614
1614
1614
1614
1614
1614
1614
1614
1614
1614
1614
1614
1614
1614
1614
1614
1614
1614
1614
1614
1614
1614
1614
1614
1614
1614
1614
1614
1614
1614
1614
1614
1614
1614
1614
1614
1614
1614
1614
1614
1614
1614
1614
1614
1614
1614
1614
1614
1614
1614
1614
1614
1614
1614
1614
1614
1614
1614
1614
1614
1614
1614
1614
1614
1614
1614
1614
1614
1614
1614
1614
1614
1614
1614
1614
1614
1614
1614
1614
1614
1614
1614
1614
1614
1614
1614
1614
1614
1614
1614
1614
1614
1614
1614
1614
1614
1614
1614
1614
1614
1614
1614
1614
1614
1614
1614
1614
1614
1614
1614
1614
1614
1614
1614
1614
1614
1614
1614
1614
1614
1614
1614
1614
1614
1614
1614
1614
1614
1614
1614
1614
1614
1614
1614
1614
1614
1614
1614
1614
1614
1614
1614
1614
1614
1614
1614
1614
1614
1614
1614
1614
1614
1614
1614
1614
1614
1614
1614
1614
1614
1614
1614
1614
1614
1614
1614
1614
1614
1614
1614
1614
1614
1614
1614
1614
1614
1614
1614
1614
1614
1614
1614
1614
1614
1614
1614
1614
1614
1614
1614
1614
1614
1614
1614
1614
1614
1614
1614
1614
1614
1614
1614
1614
1614
1614
1614
1614
1614
1614
1614
1614
1614
1614
1614
1614
1614
1614
1614
1614
1614
1614
1614
1614
1614
1614
1614
1614
1614
1614
1614
1614
1614
1614
1614
1614
1614
1614
1614
1614
1614
1614
1614
1614
1614
1614
1614
1614
1614
1614
1614
1614
1614
1614
1614
1614
1614
1614
1614
1614
1614
1614
1614
1614
1614
1614
1614
1614
1614
1614
1614
1614
1614
1614
1614
1614
1614
1614
1614
1614
1614
1614
1614
1614
1614
1614
1614
1614
1614
1614
1614
1614
1614
1614
1614
1614
1614
1614
1614
1614
1614
1614
1614
1614
1614
1614
1614
1614
1614
1614
1614
1614
1614
1614
1614
1614
1614
1614
1614
1614
1614
1614
1614
1614
1614
1614
1614
1614
1614
1614
1614
1614
1614
1614
1614
1614
1614
1614
1614
1614
1614
1614
1614
1614
1614
1614
1614
1614
1614
1614
1614
1614
1614
1614
1614
1614
1614
1614
1614
1614
1614
1614
1614
1614
1614
1614
1614
1614
1614
1614
1614
1614
1614
1614
1614
1614
1614
1614
1614
1614
1614
1614
1614
1614
1614
1614
1614
1614
1614
1614
1614
1614
1614
1614
1614
1614
1614
1614
1614
1614
1614
1614
1614
1614
1614
1614
1614
1614
1614
1614
1614
1614
1614
1614
1614
1614
1614
1614
1614
1614
1614
1614
1614
1614
1614
1614
1614
1614
1614
1614
1614
1614
1614
1614
1614
1614
1614
1614
1614
1614
1614
1614
1614
1614
1614
1614
1614
1614
1614
1614
1614
1614
1614
1614
1614
1614
1614
1614
1614
1614
1614
1614
1614
1614
1614
1614
1614
1614
1614
1614
1614
1614
1614
1614
1614
1614
1614
1614
1614
1614
1614
1614
1614
1614
1614
1614
1614
1614
1614
1614
1614
1614
1614
1614
1614
1614
1614
1614
1614
1614
1614
1614
1614
1614
1614
1614
1614
1614
1614
1614
1614
1614
1614
1614
1614
1614
1614
1614
1614
1614
1614
1614
1614
1614
1614
1614
1614
1614
1614
1614
1614
1614
1614
1614
1614
1614
1614
1614
1614
1614
1614
1614
1614
1614
1614
1614
1614
1614
1614
1614
1614
1614
1614
1614
1614
1614
1614
1614
1614
1614
1614
1614
1614
1614
1614
1614
1614
1614
1614
1614
1614
1614
1614
1614
1614
1614
1614
1614
1614
1614
1614
1614
1614
1614
1614
1614
1614
1614
1614
1614
1614
1614
1614
1614
1614
1614
1614
1614
1614
1614
1614
1614
1614
1614
1614
1614
1614
1614
1614
1614
1614
1614
1614
1614
1614
1614
1614
1614
1614
1614
1614
1614
1614
1614
1614
1614
1614
1614
1614
1614
1614
1614
1614
1614
1614
1614
1614
1614
1614
1614
1614
1614
1614
1614
1614
1614
1614
1614
1614
1614
1614
1614
1614
1614
1614
1614
1614
1614
1614
1614
1614
1614
1614
1614
1614
1614
1614
1614
1614
1614
1614
1614
1614
1614
1614
1614
1614
1614
1614
1614
1614
1614
1614
1614
1614
1614
1614
1614
1614
1614
1614
1614
1614
1614
1614
1614
1614
1614
1614
1614
1614
1614
1614
1614
1614
1614
1614
1614
1614
1614
1614
1614
1614
1614
1614
1614
1614
1614
1614
1614
1614
1614
1614
1614
1614
1614
1614
1614
1614
1614
1614
1614
1614
1614
1614
1614
1614
1614
1614
1614
1614
1614
1614
1614
1614
1614
1614
1614
1614
1614
1614
1614
1614
1614
1614
1614
1614
1614
1614
1614
1614
1614
1614
1614
1614
1614
1614
1614
1614
1614
1614
1614
1614
1614
1614
1614
1614
1614
1614
1614
1614
1614
1614
1614
1614
1614
1614
1614
1614
1614
1614
1614
1614
1614
1614
1614
1614
1614
1614
1614
1614
1614
1614
1614
1614
1614
1614
1614
1614
1614
1614
1614
1614
1614
1614
1614
1614
1614
1614
1614
1614
1614
1614
1614
1614
1614
1614
1614
1614
1614
1614
1614
1614
1614
1614
1614
1614
1614
1614
1614
1614
1614
1614
1614
1614
1614
1614
1614
1614
1614
1614
1614
1614
1614
1614
1614
1614
1614
1614
1614
1614
1614
1614
1614
1614
1614
1614
1614
1614
1614
1614
1614
1614
1614
1614
1614
1614
1614
1614
1614
1614
1614
1614
1614
1614
1614
1614
1614
1614
1614
1614
1614
1614
1614
1614
1614
1614
1614
1614
1614
1614
1614
1614
1614
1614
1614
1614
1614
1614
1614
1614
1614
1614
1614
1614
1614
1614
1614
1614
1614
1614
1614
1614
1614
1614
1614
1614
1614
1614
1614
1614
1614
1614
1614
1614
1614
1614
1614
1614
1614
1614
1614
1614
1614
1614
1614
1614
1614
1614
1614
1614
1614
1614
1614
1614
1614
1614
1614
1614
1614
1614
1614
1614
1614
1614
1614
1614
1614
1614
1614
1614
1614
1614
1614
1614
1614
1614
1614
1614
1614
1614
1614
1614
1614
1614
1614
1614
1614
1614
1614
1614
1614
1614
1614
1614
1614
1614
1614
1614
1614
1614
1614
1614
1614
1614
1614
1614
1614
1614
1614
1614
1614
1614
1614
1614
1614
1614
1614
1614
1614
1614
1614
1614
1614
1614
1614
1614
1614
1614
1614
1614
1614
1614
1614
1614
1614
1614
1614
1614
1614
1614
1614
1614
1614
1614
1614
1614
1614
1614
1614
1614
1614
1614
1614
1614
1614
1614
1614
1614
1614
1614
1614
1614
1614
1614
1614
1614
1614
1614
1614
1614
1614
1614
1614
1614
1614
1614
1614
1614
1614
1614
1614
1614
1614
1614
1614
1614
1614
1614
1614
1614
1614
1614
1614
1614
1614
1614
1614
1614
1614
1614
1614
1614
1614
1614
1614
1614
1614
1614
1614
1614
1614
1614
1614
1614
1614
1614
1614
1614
1614
1614
1614
1614
1614
1614
1614
1614
1614
1614
1614
1614
1614
1614
1614
1614
1614
1614
1614
1614
1614
1614
1614
1614
1614
1614
1614
1614
1614
1614
1614
1614
1614
1614
1614
1614
1614
1614
1614
1614
1614
1614
1614
1614
1614
1614
1614
1614
1614
1614
1614
1614
1614
1614
1614
1614
1614
1614
1614
1614
1614
1614
1614
1614
1614
1614
1614
1614
1614
1614
1614
1614
1614
1614
1614
1614
1614
1614
1614
1614
1614
1614
1614
1614
1614
1614
1614
1614
1614
1614
1614
1614
1614
1614
1614
1614
1614
1614
1614
1614
1614
1614
1614
1614
1614
1614
1614
1614
1614
1614
1614
1614
1614
1614
1614
1614
1614
1614
1614
1614
1614
1614
1614
1614
1614
1614
1614
1614
1614
1614
1614
1614
1614
1614
1614
1614
1614
1614
1614
1614
1614
1614
1614
1614
1614
1614
1614
1614
1614
1614
1614
1614
1614
1614
1614
1614
1614
1614
1614
1614
1614
1614
1614
1614
1614
1614
1614
1614
1614
1614
1614
1614
1614
1614
1614
1614
1614
1614
1614
1614
1614
1614
1614
1614
1614
1614
1614
1614
1614
1614
1614
1614
1614
1614
1614
1614
1614
1614
1614
1614
1614
1614
1614
1614
1614
1614
1614
1614
1614
1614
1614
1614
1614
1614
1614
1614
1614
1614
1614
1614
1614
1614
1614
1614
1614
1614
1614
1614
1614
1614
1614
1614
1614
1614
1614
1614
1614
1614
1614
1614
1614
1614
1614
1614
1614
1614
1614
1614
1614
1614
1614
1614
1614
1614
1614
1614
1614
1614
1614
1614
1614
1614
1614
1614
1614
1614
1614
1614
1614
1614
1614
1614
1614
1614
1614
1614
1614
1614
1614
1614
1614
1614
1614
1614
1614
1614
1614
1614
1614
1614
1614
1614
1614
1614
1614
1614
1614
1614
1614
1614
1614
1614
1614
1614
1614
1614
1614
1614
1614
1614
1614
1614
1614
1614
1614
1614
1614
1614
1614
1614
1614
1614
1614
1614
1614
1614
1614
1614
1614
1614
1614
1614
1614
1614
1614
1614
1614
1614
1614
1614
1614
1614
1614
1614
1614
1614
1614
1614
1614
1614
1614
1614
1614
1614
1614
1614
1614
1614
1614
1614
1614
1614
1614
1614
1614
1614
1614
1614
1614
1614
1614
1614
1614
1614
1614
1614
1614
1614
1614
1614
1614
1614
1614
1614
1614
1614
1614
1614
1614
1614
1614
1614
1614
1614
1614
1614
1614
1614
1614
1614
1614
1614
1614
1614
1614
1614
1614
1614
1614
1614
1614
1614
1614
1614
1614
1614
1614
1614
1614
1614
1614
1614
1614
1614
1614
1614
1614
1614
1614
1614
1614
1614
1614
1614
1614
1614
1614
1614
1614
1614
1614
1614
1614
1614
1614
1614
1614
1614
1614
1614
1614
1614
1614
1614
1614
1614
1614
1614
1614
1614
1614
1614
1614
1614
1614
1614
1614
1614
1614
1614
1614
1614
1614
1614
1614
1614
1614
1614
1614
1614
1614
1614
1614
1614
1614
1614
1614
1614
1614
1614
1614
1614
1614
1614
1614
1614
1614
1614
1614
1614
1614
1614
1614
1614
1614
1614
1614
1614
1614
1614
1614
1614
1614
1614
1614
1614
1614
1614
1614
1614
1614
1614
1614
1614
1614
1614
1614
1614
1614
1614
1614
1614
1614
1614
1614
1614
1614
1614
1614
1614
1614
1614
1614
1614
1614
1614
1614
1614
1614
1614
1614
1614
1614
1614
1614
1614
1614
1614
1614
1614
1614
1614
1614
1614
1614
1614
1614
1614
1614
1614
1614
1614
1614
1614
1614
1614
1614
1614
1614
1614
1614
1614
1614
1614
1614
1614
1614
1614
1614
1614
1614
1614
1614
1614
1614
1614
1614
1614
1614
1614
1614
1614
1614
1614
1614
1614
1614
1614
1614
1614
1614
1614
1614
1614
1614
1614
1614
1614
1614
1614
1614
1614
1614
1614
1614
1614
1614
1614
1614
1614
1614
1614
1614
1614
1614
1614
1614
1614
1614
1614
1614
1614
1614
1614
1614
1614
1614
1614
1614
1614
1614
1614
1614
1614
1614
1614
1614
1614
1614
1614
1614
1614
1614
1614
1614
1614
1614
1614
1614
1614
1614
1614
1614
1614
1614
1614
1614
1614
1614
1614
1614
1614
1614
1614
1614
1614
1614
1614
1614
1614
1614
1614
1614
1614
1614
1614
1614
1614
1614
1614
1614
1614
1614
1614
1614
1614
1614
1614
1614
1614
1614
1614
1614
1614
1614
1614
1614
1614
1614
1614
1614
1614
1614
1614
1614
1614
1614
1614
1614
1614
1614
1614
1614
1614
1614
1614
1614
1614
1614
1614
1614
1614
1614
1614
1614
1614
1614
1614
1614
1614
1614
1614
1614
1614
1614
1614
1614
1614
1614
1614
1614
1614
1614
1614
1614
1614
1614
1614
1614
1614
1614
1614
1614
1614
1614
1614
1614
1614
1614
1614
1614
1614
1614
1614
1614
1614
1614
1614
1614
1614
1614
1614
1614
1614
1614
1614
1614
1614
1614
1614
1614
1614
1614
1614
1614
1614
1614
1614
1614
1614
1614
1614
1614
1614
1614
1614
1614
1614
1614
1614
1614
1614
1614
1614
1614
1614
1614
1614
1614
1614
1614
1614
1614
1614
1614
1614
1614
1614
1614
1614
1614
1614
1614
1614
1614
1614
1614
1614
1614
1614
1614
1614
1614
1614
1614
1614
1614
1614
1614
1614
1614
1614
1614
1614
1614
1614
1614
1614
1614
1614
1614
1614
1614
1614
1614
1614
1614
1614
1614
1614
1614
1614
1614
1614
1614
1614
1614
1614
1614
1614
1614
1614
1614
1614
1614
1614
1614
1614
1614
1614
1614
1614
1614
1614
1614
1614
1614
1614
1614
1614
1614
1614
1614
1614
1614
1614
1614
1614
1614
1614
1614
1614
1614
1614
1614
1614
1614
1614
1614
1614
1614
1614
1614
1614
1614
1614
1614
1614
1614
1614
1614
1614
1614
1614
1614
1614
1614
1614
1614
1614
1614
1614
1614
1614
1614
1614
1614
1614
1614
1614
1614
1614
1614
1614
1614
1614
1614
1614
1614
1614
1614
1614
1614
1614
1614
1614
1614
1614
1614
1614
1614
1614
1614
1614
1614
1614
1614
1614
1614
1614
1614
1614
1614
1614
1614
1614
1614
1614
1614
1614
1614
1614
1614
1614
1614
1614
1614
1614
1614
1614
1614
1614
1614
1614
1614
1614
1614
1614
1614
1614
1614
1614
1614
1614
1614
1614
1614
1614
1614
1614
1614
1614
1614
1614
1614
1614
1614
1614
1614
1614
1614
1614
1614
1614
1614
1614
1614
1614
1614
1614
1614
1614
1614
1614
1614
1614
1614
1614
1614
1614
1614
1614
1614
1614
1614
1614
1614
1614
1614
1614
1614
1614
1614
1614
1614
1614
1614
1614
1614
1614
1614
1614
1614
1614
1614
1614
1614
1614
1614
1614
1614
1614
1614
1614
1614
1614
1614
1614
1614
1614
1614
1614
1614
1614
1614
1614
1614
1614
1614
1614
1614
1614
1614
1614
1614
1614
1614
1614
1614
1614
1614
1614
1614
1614
1614
1614
1614
1614
1614
1614
1614
1614
1614
1614
1614
1614
1614
1614
1614
1614
1614
1614
1614
1614
1614
1614
1614
1614
1614
1614
1614
1614
1614
1614
1614
1614
1614
1614
1614
1614
1614
1614
1614
1614
1614
1614
1614
1614
1614
1614
1614
1614
1614
1614
1614
1614
1614
1614
1614
1614
1614
1614
1614
1614
1614
1614
1614
1614
1614
1614
1614
1614
1614
1614
1614
1614
1614
1614
1614
1614
1614
1614
1614
1614
1614
1614
1614
1614
1614
1614
1614
1614
1614
1614
1614
1614
1614
1614
1614
1614
1614
1614
1614
1614
1614
1614
1614
1614
1614
1614
1614
1614
1614
1614
1614
1614
1614
1614
1614
1614
1614
1614
1614
1614
1614
1614
1614
1614
1614
1614
1614
1614
1614
1614
1614
1614
1614
1614
1614
1614
1614
1614
1614
1614
1614
1614
1614
1614
1614
1614
1614
1614
1614
1614
1614
1614
1614
1614
1614
1614
1614
1614
1614
1614
1614
1614
1614
1614
1614
1614
1614
1614
1614
1614
1614
1614
1614
1614
1614
1614
1614
1614
1614
1614
1614
1614
1614
1614
1614
1614
1614
1614
1614
1614
1614
1614
1614
1614
1614
1614
1614
1614
1614
1614
1614
1614
1614
1614
1614
1614
1614
1614
1614
1614
1614
1614
1614
1614
1614
1614
1614
1614
1614
1614
1614
1614
1614
1614
1614
1614
1614
1614
1614
1614
1614
1614
1614
1614
1614
1614
1614
1614
1614
1614
1614
1614
1614
1614
1614
1614
1614
1614
1614
1614
1614
1614
1614
1614
1614
1614
1614
1614
1614
1614
1614
1614
1614
1614
1614
1614
1614
1614
1614
1614
1614
1614
1614
1614
1614
1614
1614
1614
1614
1614
1614
1614
1614
1614
1614
1614
1614
1614
1614
1614
1614
1614
1614
1614
1614
1614
1614
1614
1614
1614
1614
1614
1614
1614
1614
1614
1614
1614
1614
1614
1614
1614
1614
1614
1614
1614
1614
1614
1614
1614
1614
1614
1614
1614
1614
1614
1614
1614
1614
1614
1614
1614
1614
1614
1614
1614
1614
1614
1614
1614
1614
1614
1614
1614
1614
1614
1614
1614
1614
1614
1614
1614
1614
1614
1614
1614
1614
1614
1614
1614
1614
1614
1614
1614
1614
1614
1614
1614
1614
1614
1614
1614
1614
1614
1614
1614
1614
1614
1614
1614
1614
1614
1614
1614
1614
1614
1614
1614
1614
1614
1614
1614
1614
1614
1614
1614
1614
1614
1614
1614
1614
1614
1614
1614
1614
1614
1614
1614
1614
1614
1614
1614
1614
1614
1614
1614
1614
1614
1614
1614
1614
1614
1614
1614
1614
1614
1614
1614
1614
1614
1614
1614
1614
1614
1614
1614
1614
1614
1614
1614
1614
1614
1614
1614
1614
1614
1614
1614
1614
1614
1614
1614
1614
1614
1614
1614
1614
1614
1614
1614
1614
1614
1614
1614
1614
1614
1614
1614
1614
1614
1614
1614
1614
1614
1614
1614
1614
1614
1614
1614
1614
1614
1614
1614
1614
1614
1614
1614
1614
1614
1614
1614
1614
1614
1614
1614
1614
1614
1614
1614
1614
1614
1614
1614
1614
1614
1614
1614
1614
1614
1614
1614
1614
1614
1614
1614
1614
1614
1614
1614
1614
1614
1614
1614
1614
1614
1614
1614
1614
1614
1614
1614
1614
1614
1614
1614
1614
1614
1614
1614
1614
1614
1614
1614
1614
1614
1614
1614
1614
1614
1614
1614
1614
1614
1614
1614
1614
1614
1614
1614
1614
1614
1614
1614
1614
1614
1614
1614
1614
1614
1614
1614
1614
1614
1614
1614
1614
1614
1614
1614
1614
1614
1614
1614
1614
1614
1614
1614
1614
1614
1614
1614
1614
1614
1614
1614
1614
1614
1614
1614
1614
1614
1614
1614
1614
1614
1614
1614
1614
1614
1614
1614
1614
1614
1614
1614
1614
1614
1614
1614
1614
1614
1614
1614
1614
1614
1614
1614
1614
1614
1614
1614
1614
1614
1614
1614
1614
1614
1614
1614
1614
1614
1614
1614
1614
1614
1614
1614
1614
1614
1614
1614
1614
1614
1614
1614
1614
1614
1614
1614
1614
1614
1614
1614
1614
1614
1614
1614
1614
1614
1614
1614
1614
1614
1614
1614
1614
1614
1614
1614
1614
1614
1614
1614
1614
1614
1614
1614
1614
1614
1614
1614
1614
1614
1614
1614
1614
1614
1614
1614
1614
1614
1614
1614
1614
1614
1614
1614
1614
1614
1614
1614
1614
1614
1614
1614
1614
1614
1614
1614
1614
1614
1614
1614
1614
1614
1614
1614
1614
1614
1614
1614
1614
1614
1614
1614
1614
1614
1614
1614
1614
1614
1614
1614
1614
1614
1614
1614
1614
1614
1614
1614
1614
1614
1614
1614
1614
1614
1614
1614
1614
1614
1614
1614
1614
1614
1614
1614
1614
1614
1614
1614
1614
1614
1614
1614
1614
1614
1614
1614
1614
1614
1614
1614
1614
1614
1614
1614
1614
1614
1614
1614
1614
1614
1614
1614
1614
1614
1614
1614
1614
1614
1614
1614
1614
1614
1614
1614
1614
1614
1614
1614
1614
1614
1614
1614
1614
1614
1614
1614
1614
1614
1614
1614
1614
1614
1614
1614
1614
1614
1614
1614
1614
1614
1614
1614
1614
1614
1614
1614
1614
1614
1614
1614
1614
1614
1614
1614
1614
1614
1614
1614
1614
1614
1614
1614
1614
1614
1614
1614
1614
1614
1614
1614
1614
1614
1614
1614
1614
1614
1614
1614
1614
1614
1614
1614
1614
1614
1614
1614
1614
1614
1614
1614
1614
1614
1614
1614
1614
1614
1614
1614
1614
1614
1614
1614
1614
1614
1614
1614
1614
1614
1614
1614
1614
1614
1614
1614
1614
1614
1614
1614
1614
1614
1614
1614
1614
1614
1614
1614
1614
1614
1614
1614
1614
1614
1614
1614
1614
1614
1614
1614
1614
1614
1614
1614
1614
1614
1614
1614
1614
1614
1614
1614
1614
1614
1614
1614
1614
1614
1614
1614
1614
1614
1614
1614
1614
1614
1614
1614
1614
1614
1614
1614
1614
1614
1614
1614
1614
1614
1614
1614
1614
1614
1614
1614
1614
1614
1614
1614
1614
1614
1614
1614
1614
1614
1614
1614
1614
1614
1614
1614
1614
1614
1614
1614
1614
1614
1614
1614
1614
1614
1614
1614
1614
1614
1614
1614
1614
1614
1614
1614
1614
1614
1614
1614
1614
1614
1614
1614
1614
1614
1614
1614
1614
1614
1614
1614
1614
1614
1614
1614
1614
1614
1614
1614
1614
1614
1614
1614
1614
1614
1614
1614
1614
1614
1614
1614
1614
1614
1614
1614
1614
1614
1614
1614
1614
1614
1614
1614
1614
1614
1614
1614
1614
1614
1614
1614
1614
1614
1614
1614
1614
1614
1614
1614
1614
1614
1614
1614
1614
1614
1614
1614
1614
1614
1614
1614
1614
1614
1614
1614
1614
1614
1614
1614
1614
1614
1614
1614
1614
1614
1614
1614
1614
1614
1614
1614
1614
1614
1614
1614
1614
1614
1614
1614
1614
1614
1614
1614
1614
1614
1614
1614
1614
1614
1614
1614
1614
1614
1614
1614
1614
1614
1614
1614
1614
1614
1614
1614
1614
1614
1614
1614
1614
1614
1614
1614
1614
1614
1614
1614
1614
1614
1614
1614
1614
1614
1614
1614
1614
1614
1614
1614
1614
1614
1614
1614
1614
1614
1614
1614
1614
1614
1614
1614
1614
1614
1614
1614
1614
1614
1614
1614
1614
1614
1614
1614
1614
1614
1614
1614
1614
1614
1614
1614
1614
1614
1614
1614
1614
1614
1614
1614
1614
1614
1614
1614
1614
1614
1614
1614
1614
1614
1614
1614
1614
1614
1614
1614
1614
1614
1614
1614
1614
1614
1614
1614
1614
1614
1614
1614
1614
1614
1614
1614
1614
1614
1614
1614
1614
1614
1614
1614
1614
1614
1614
1614
1614
1614
1614
1614
1614
1614
1614
1614
1614
1614
1614
1614
1614
1614
1614
1614
1614
1614
1614
1614
1614
1614
1614
1614
1614
1614
1614
1614
1614
1614
1614
1614
1614
1614
1614
1614
1614
1614
1614
1614
1614
1614
1614
1614
1614
1614
1614
1614
1614
1614
1614
1614
1614
1614
1614
1614
1614
1614
1614
1614
1614
1614
1614
1614
1614
1614
1614
1614
1614
1614
1614
1614
1614
1614
1614
1614
1614
1614
1614
1614
1614
1614
1614
1614
1614
1614
1614
1614
1614
1614
1614
1614
1614
1614
1614
1614
1614
1614
1614
1614
1614
1614
1614
1614
1614
1614
1614
1614
1614
1614
1614
1614
1614
1614
1614
1614
1614
1614
1614
1614
1614
1614
1614
1614
1614
1614
1614
1614
1614
1614
1614
1614
1614
1614
1614
1614
1614
1614
1614
1614
1614
1614
1614
1614
1614
1614
1614
1614
1614
1614
1614
1614
1614
1614
1614
1614
1614
1614
1614
1614
1614
1614
1614
1614
1614
1614
1614
1614
1614
1614
1614
1614
1614
1614
1614
1614
1614
1614
1614
1614
1614
1614
1614
1614
1614
1614
1614
1614
1614
1614
1614
1614
1614
1614
1614
1614
1614
1614
1614
1614
1614
1614
1614
1614
1614
1614
1614
1614
1614
1614
1614
1614
1614
1614
1614
1614
1614
1614
1614
1614
1614
1614
1614
1614
1614
1614
1614
1614
1614
1614
1614
1614
1614
1614
1614
1614
1614
1614
1614
1614
1614
1614
1614
1614
1614
1614
1614
1614
1614
1614
1614
1614
1614
1614
1614
1614
1614
1614
1614
1614
1614
1614
1614
1614
1614
1614
1614
1614
1614
1614
1614
1614
1614
1614
1614
1614
1614
1614
1614
1614
1614
1614
1614
1614
1614
1614
1614
1614
1614
1614
1614
1614
1614
1614
1614
1614
1614
1614
1614
1614
1614
1614
1614
1614
1614
1614
1614
1614
1614
1614
1614
1614
1614
1614
1614
1614
1614
1614
1614
1614
1614
1614
1614
1614
1614
1614
1614
1614
1614
1614
1614
1614
1614
1614
1614
1614
1614
1614
1614
1614
1614
1614
1614
1614
1614
1614
1614
1614
1614
1614
1614
1614
1614
1614
1614
1614
1614
1614
1614
1614
1614
1614
1614
1614
1614
1614
1614
1614
1614
1614
1614
1614
1614
1614
1614
1614
1614
1614
1614
1614
1614
1614
1614
1614
1614
1614
1614
1614
1614
1614
1614
1614
1614
1614
1614
1614
1614
1614
1614
1614
1614
1614
1614
1614
1614
1614
1614
1614
1614
1614
1614
1614
1614
1614
1614
1614
1614
1614
1614
1614
1614
1614
1614
1614
1614
1614
1614
1614
1614
1614
1614
1614
1614
1614
1614
1614
1614
1614
1614
1614
1614
1614
1614
1614
1614
1614
1614
1614
1614
1614
1614
1614
1614
1614
1614
1614
1614
1614
1614
1614
1614
1614
1614
1614
1614
1614
1614
1614
1614
1614
1614
1614
1614
1614
1614
1614
1614
1614
1614
1614
1614
1614
1614
1614
1614
1614
1614
1614
1614
1614
1614
1614
1614
1614
1614
1614
1614
1614
1614
1614
1614
1614
1614
1614
1614
1614
1614
1614
1614
1614
1614
1614
1614
1614
1614
1614
1614
1614
1614
1614
1614
1614
1614
1614
1614
1614
1614
1614
1614
1614
1614
1614
1614
1614
1614
1614
1614
1614
1614
1614
1614
1614
1614
1614
1614
1614
1614
1614
1614
1614
1614
1614
1614
1614
1614
1614
1614
1614
1614
1614
1614
1614
1614
1614
1614
1614
1614
1614
1614
1614
1614
1614
1614
1614
1614
1614
1614
1614
1614
1614
1614
1614
1614
1614
1614
1614
1614
1614
1614
1614
1614
1614
1614
1614
1614
1614
1614
1614
1614
1614
1614
1614
1614
1614
1614
1614
1614
1614
1614
1614
1614
1614
1614
1614
1614
1614
1614
1614
1614
1614
1614
1614
1614
1614
1614
1614
1614
1614
1614
1614
1614
1614
1614
1614
1614
1614
1614
1614
1614
1614
1614
1614
1614
1614
1614
1614
1614
1614
1614
1614
1614
1614
1614
1614
1614
1614
1614
1614
1614
1614
1614
1614
1614
1614
1614
1614
1614
1614
1614
1614
1614
1614
1614
1614
1614
1614
1614
1614
1614
1614
1614
1614
1614
1614
1614
1614
1614
1614
1614
1614
1614
1614
1614
1614
1614
1614
1614
1614
1614
1614
1614
1614
1614
1614
1614
1614
1614
1614
1614
1614
1614
1614
1614
1614
1614
1614
1614
1614
1614
1614
1614
1614
1614
1614
1614
1614
1614
1614
1614
1614
1614
1614
1614
1614
1614
1614
1614
1614
1614
1614
1614
1614
1614
1614
1614
1614
1614
1614
1614
1614
1614
1614
1614
1614
1614
1614
1614
1614
1614
1614
1614
1614
1614
1614
1614
1614
1614
1614
1614
1614
1614
1614
1614
1614
1614
1614
1614
1614
1614
1614
1614
1614
1614
1614
1614
1614
1614
1614
1614
1614
1614
1614
1614
1614
1614
1614
1614
1614
1614
1614
1614
1614
1614
1614
1614
1614
1614
1614
1614
1614
1614
1614
1614
1614
1614
1614
1614
1614
1614
1614
1614
1614
1614
1614
1614
1614
1614
1614
1614
1614
1614
1614
1614
1614
1614
1614
1614
1614
1614
1614
1614
1614
1614
1614
1614
1614
1614
1614
1614
1614
1614
1614
1614
1614
1614
1614
1614
1614
1614
1614
1614
1614
1614
1614
1614
1614
1614
1614
1614
1614
1614
1614
1614
1614
1614
1614
1614
1614
1614
1614
1614
1614
1614
1614
1614
1614
1614
1614
1614
1614
1614
1614
1614
1614
1614
1614
1614
1614
1614
1614
1614
1614
1614
1614
1614
1614
1614
1614
1614
1614
1614
1614
1614
1614
1614
1614
1614
1614
1614
1614
1614
1614
1614
1614
1614
1614
1614
1614
1614
1614
1614
1614
1614
1614
1614
1614
1614
1614
1614
1614
1614
1614
1614
1614
1614
1614
1614
1614
1614
1614
1614
1614
1614
1614
1614
1614
1614
1614
1614
1614
1614
1614
1614
1614
1614
1614
1614
1614
1614
1614
1614
1614
1614
1614
1614
1614
1614
1614
1614
1614
1614
1614
1614
1614
1614
1614
1614
1614
1614
1614
1614
1614
1614
1614
1614
1614
1614
1614
1614
1614
1614
1614
1614
1614
1614
1614
1614
1614
1614
1614
1614
1614
1614
1614
1614
1614
1614
1614
1614
1614
1614
1614
1614
1614
1614
1614
1614
1614
1614
1614
1614
1614
1614
1614
1614
1614
1614
1614
1614
1614
1614
1614
1614
1614
1614
1614
1614
1614
1614
1614
1614
1614
1614
1614
1614
1614
1614
1614
1614
1614
1614
1614
1614
1614
1614
1614
1614
1614
1614
1614
1614
1614
1614
1614
1614
1614
1614
1614
1614
1614
1614
1614
1614
1614
1614
1614
1614
1614
1614
1614
1614
1614
1614
1614
1614
1614
1614
1614
1614
1614
1614
1614
1614
1614
1614
1614
1614
1614
1614
1614
1614
1614
1614
1614
1614
1614
1614
1614
1614
1614
1614
1614
1614
1614
1614
1614
1614
1614
1614
1614
1614
1614
1614
1614
1614
1614
1614
1614
1614
1614
1614
1614
1614
1614
1614
1614
1614
1614
1614
1614
1614
1614
1614
1614
1614
1614
1614
1614
1614
1614
1614
1614
1614
1614
1614
1614
1614
1614
1614
1614
1614
1614
1614
1614
1614
1614
1614
1614
1614
1614
1614
1614
1614
1614
1614
1614
1614
1614
1614
1614
1614
1614
1614
1614
1614
1614
1614
1614
1614
1614
1614
1614
1614
1614
1614
1614
1614
1614
1614
1614
1614
1614
1614
1614
1614
1614
1614
1614
1614
1614
1614
1614
1614
1614
1614
1614
1614
1614
1614
1614
1614
1614
1614
1614
1614
1614
1614
1614
1614
1614
1614
1614
1614
1614
1614
1614
1614
1614
1614
1614
1614
1614
1614
1614
1614
1614
1614
1614
1614
1614
1614
1614
1614
1614
1614
1614
1614
1614
1614
1614
1614
1614
1614
1614
1614
1614
1614
1614
1614
1614
1614
1614
1614
1614
1614
1614
1614
1614
1614
1614
1614
1614
1614
1614
1614
1614
1614
1614
1614
1614
1614
1614
1614
1614
1614
1614
1614
1614
1614
1614
1614
1614
1614
1614
1614
1614
1614
1614
1614
1614
1614
1614
1614
1614
1614
1614
1614
1614
1614
1614
1614
1614
1614
1614
1614
1614
1614
1614
1614
1614
1614
1614
1614
1614
1614
1614
1614
1614
1614
1614
1614
1614
1614
1614
1614
1614
1614
1614
1614
1614
1614
1614
1614
1614
1614
1614
1614
1614
1614
1614
1614
1614
1614
1614
1614
1614
1614
1614
1614
1614
1614
1614
1614
1614
1614
1614
1614
1614
1614
1614
1614
1614
1614
1614
1614
1614
1614
1614
1614
1614
1614
1614
1614
1614
1614
1614
1614
1614
1614
1614
1614
1614
1614
1614
1614
1614
1614
1614
1614
1614
1614
1614
1614
1614
1614
1614
1614
1614
1614
1614
1614
1614
1614
1614
1614
1614
1614
1614
1614
1614
1614
1614
1614
1614
1614
1614
1614
1614
1614
1614
1614
1614
1614
1614
1614
1614
1614
1614
1614
1614
1614
1614
1614
1614
1614
1614
1614
1614
