0
0
0
0
0
0
0
0
0
0
0
0
0
0
0
0
0
0
0
0
0
0
0
0
0
0
0
0
0
431
1842
1922
2172
2415
2758
3101
3652
4414
5463
7059
42710
676039
651838
187644
59092
9081
3406
3065
2877
2332
2013
1729
1622
1523
1342
1267
1144
1149
1161
1162
1184
1115
1161
1174
1140
1132
1192
1207
1194
1240
1208
1156
1264
1286
1304
1338
1330
1253
1330
1237
1238
1334
1300
1287
1296
1306
1307
1302
1274
1375
1305
1332
1390
1223
1309
1281
1281
1354
1269
1292
1346
1361
1287
1364
1672
1463
1267
1299
1284
1312
1286
1189
1225
1193
1331
1376
1236
1231
1173
1101
1142
1115
1183
1165
1106
1087
1125
1070
1153
1054
1058
984
1029
1059
1043
1031
1006
991
956
1016
906
1012
965
967
951
960
929
898
890
911
906
896
862
887
872
868
848
867
823
838
806
865
906
981
1043
873
876
776
757
760
777
731
774
743
774
732
775
764
731
764
720
756
724
750
716
712
737
745
733
679
705
750
733
701
741
693
703
688
684
695
669
655
670
674
636
640
631
659
568
676
596
606
603
571
605
543
562
620
511
618
580
564
520
548
563
534
575
539
516
517
526
518
484
538
509
509
486
551
460
481
458
443
476
466
436
452
482
445
467
445
473
436
404
461
448
423
449
393
418
431
430
423
405
384
417
387
393
409
401
385
405
382
355
374
378
387
366
391
377
383
396
394
373
350
384
379
335
379
361
392
362
350
316
357
338
372
360
341
347
336
320
316
338
310
345
314
339
313
284
332
312
325
353
308
305
291
304
314
299
319
282
301
333
328
433
500
437
293
285
300
272
306
303
310
275
272
283
311
278
321
273
284
267
289
321
312
283
301
300
307
293
269
290
250
279
270
262
262
259
267
288
281
265
244
266
282
286
230
254
262
277
250
296
260
259
256
273
241
269
260
252
243
246
267
256
253
278
270
251
249
271
236
262
244
251
227
222
206
212
245
212
231
258
225
214
251
246
249
236
208
227
252
213
195
229
233
217
254
187
214
217
206
221
194
213
206
214
202
188
203
225
243
212
216
175
217
196
197
235
208
228
198
195
204
207
214
181
221
182
215
191
202
189
212
202
188
199
208
170
196
190
200
208
210
215
229
260
323
284
194
168
180
198
168
184
159
159
183
178
163
168
172
169
174
190
176
175
163
176
150
159
180
171
165
164
169
156
199
178
171
166
166
187
153
153
165
150
171
172
178
232
239
247
220
181
180
157
167
153
159
159
175
206
314
327
219
182
155
157
150
130
142
150
161
148
141
134
185
119
154
186
207
154
151
150
143
143
138
191
153
147
140
148
125
166
162
200
286
211
182
148
165
170
193
133
195
173
266
536
1826
2649
1397
444
232
154
134
140
120
130
131
115
144
137
119
133
125
127
134
126
132
107
116
156
122
150
131
136
119
129
106
132
143
121
114
124
140
113
112
114
125
125
104
119
142
118
113
133
125
115
99
118
128
125
131
110
121
113
117
96
97
114
104
95
113
121
109
102
106
113
113
101
106
115
128
108
155
167
151
169
348
771
844
381
180
133
93
101
101
99
102
103
112
108
122
151
216
300
184
144
127
109
97
92
90
88
114
80
87
79
98
104
85
84
102
77
97
105
110
106
137
140
120
89
116
103
79
78
84
94
91
86
71
80
78
76
91
87
73
85
99
86
110
68
97
96
93
72
90
96
85
91
113
92
92
107
75
86
95
91
74
98
88
80
94
99
100
84
74
84
102
85
76
98
83
93
65
88
82
95
89
75
85
102
82
103
96
89
128
249
748
1184
809
260
154
100
101
79
77
77
56
84
69
84
94
69
83
66
77
84
91
77
81
81
79
75
72
72
91
70
63
55
89
84
73
88
85
86
110
201
200
136
87
80
74
70
71
66
75
80
93
90
89
64
61
77
96
74
64
61
61
87
121
128
83
79
82
63
68
64
59
75
88
107
78
80
61
64
57
73
60
72
74
77
74
67
73
88
123
228
319
235
133
72
71
81
86
56
67
69
54
63
67
71
69
66
71
53
72
80
70
58
57
60
77
63
68
86
76
65
66
63
70
64
78
54
55
59
55
64
70
75
59
54
61
67
70
64
66
60
52
72
55
56
73
60
68
57
68
65
85
72
56
62
55
47
67
64
62
61
57
63
84
77
80
54
57
54
50
61
56
56
45
46
64
51
59
64
48
53
60
49
70
69
53
55
45
57
56
62
67
65
32
70
38
61
68
49
61
55
62
64
62
42
57
59
49
45
51
48
68
61
51
60
61
59
45
55
54
47
44
75
45
49
65
48
55
51
46
50
54
66
53
60
54
49
56
53
56
56
62
80
116
146
111
59
66
51
44
51
66
67
62
50
62
60
60
60
36
45
35
53
47
60
62
49
60
44
49
43
49
44
48
73
69
51
47
48
40
50
55
57
50
40
49
51
56
44
44
46
43
47
46
50
50
38
39
54
51
55
54
52
52
48
37
35
46
41
46
43
43
53
50
47
42
40
35
43
37
51
43
38
37
36
48
39
43
36
35
50
47
36
42
55
50
43
48
49
47
50
38
47
44
42
47
37
47
48
35
52
39
38
40
44
40
52
45
61
35
68
83
90
91
86
73
50
60
39
55
47
53
46
52
56
59
67
77
122
68
59
68
156
183
126
71
42
42
39
37
47
35
35
51
22
33
36
32
36
37
34
46
46
41
43
61
61
59
45
42
43
39
49
40
52
62
52
49
52
47
34
42
47
36
42
42
57
45
50
61
57
64
59
68
140
284
471
601
534
442
314
237
183
169
198
217
220
228
181
204
253
265
216
127
62
34
31
38
39
38
54
54
66
29
45
37
32
34
34
31
38
38
42
36
34
39
41
43
41
35
39
33
41
31
27
31
39
37
30
42
44
50
42
45
39
37
42
27
33
43
35
41
35
26
24
33
39
36
34
29
40
29
35
29
34
40
41
38
36
29
28
31
30
43
42
43
34
34
32
32
36
28
27
27
41
37
34
38
29
39
29
40
39
36
32
27
45
32
28
31
27
31
31
34
34
32
29
39
32
23
43
28
33
31
28
34
26
30
30
29
33
44
38
30
34
36
41
27
38
37
31
41
34
32
28
24
32
34
35
32
26
38
36
28
41
26
23
34
26
30
33
25
39
27
39
27
34
16
35
39
62
63
44
39
32
24
28
27
27
26
25
24
32
31
27
28
36
39
37
35
33
36
31
23
24
27
36
24
35
32
29
19
26
36
33
24
21
24
28
35
29
30
38
33
25
29
27
28
23
29
26
27
29
40
40
50
41
40
27
26
28
19
29
29
24
31
39
44
44
51
31
27
29
20
13
15
22
24
23
28
22
23
24
30
23
17
26
30
27
15
21
33
25
48
53
35
35
22
22
25
20
27
24
27
26
35
27
32
45
26
29
23
18
19
19
28
26
14
33
34
32
23
35
23
33
30
29
27
22
21
28
20
27
21
33
37
23
25
22
28
21
30
36
17
25
34
24
20
26
30
20
14
24
22
18
23
36
31
20
32
24
22
26
34
31
34
26
37
33
32
27
31
25
35
12
19
26
26
22
29
21
24
27
20
24
17
26
19
20
20
27
18
30
22
31
27
17
24
18
17
17
19
25
19
18
25
25
18
17
23
20
17
20
19
8
18
14
23
13
25
24
22
21
27
21
23
24
22
16
32
26
22
23
22
19
18
23
18
15
23
34
23
36
28
33
19
27
30
17
27
18
22
18
24
33
25
21
16
31
35
34
38
36
29
30
28
16
20
19
26
16
23
30
30
24
22
24
18
17
25
19
16
15
22
18
16
22
20
17
19
18
25
17
26
24
17
29
25
19
19
27
19
25
20
22
27
17
9
24
23
20
16
29
23
24
24
24
26
18
24
19
17
23
18
17
11
22
19
22
18
22
17
17
22
21
16
25
27
31
21
22
25
20
16
18
23
19
24
31
18
22
23
21
24
20
23
29
31
25
23
23
20
13
20
15
28
18
42
15
17
18
13
20
23
24
25
17
25
27
23
34
31
40
34
18
26
25
21
30
22
16
25
19
25
18
13
23
17
27
27
21
20
18
25
33
26
19
27
18
23
25
15
23
25
20
30
33
24
21
16
31
15
21
12
22
15
21
19
14
27
13
28
21
20
26
21
21
28
15
15
12
15
14
16
12
23
24
25
14
15
20
26
16
21
21
34
16
17
20
12
20
19
21
15
15
16
20
16
13
20
20
18
15
16
19
19
18
21
18
23
16
21
22
22
12
24
26
14
18
25
24
14
21
22
15
17
12
27
23
22
18
13
24
17
16
11
12
17
17
21
27
24
20
23
7
22
14
17
16
13
13
16
19
13
16
21
17
18
17
23
14
16
29
16
16
16
19
17
27
18
29
20
18
24
20
5
15
17
19
24
23
20
19
21
28
20
14
14
22
22
18
15
18
20
18
22
14
18
19
19
13
7
17
15
17
21
16
23
14
22
19
23
19
14
16
16
23
20
19
13
19
22
12
12
14
24
14
14
14
10
18
15
15
17
21
17
12
18
17
16
17
24
30
10
20
15
12
14
9
17
21
13
15
15
16
16
19
24
17
15
15
16
18
9
9
12
17
19
21
13
10
18
25
11
22
29
21
20
23
33
27
17
23
16
17
15
15
14
21
9
13
17
14
9
16
12
14
18
11
13
17
16
15
12
18
19
8
9
14
17
15
20
14
12
16
15
11
13
19
12
19
17
11
13
14
21
11
12
8
16
13
12
18
16
8
13
15
10
15
18
12
15
14
11
12
9
15
6
13
17
15
12
14
13
16
17
14
13
6
10
10
18
12
14
15
11
10
12
18
16
10
25
21
20
16
23
14
9
11
12
11
14
21
13
20
16
18
12
16
14
14
13
12
11
14
15
10
12
16
15
14
10
13
12
14
11
14
12
17
22
16
14
11
8
11
15
12
21
17
15
12
15
10
18
9
9
13
13
7
9
15
18
17
13
15
17
14
14
13
10
11
8
13
18
10
12
13
15
14
9
7
10
13
10
17
11
18
12
18
19
14
19
13
13
13
18
21
17
21
20
16
13
14
13
18
12
10
12
7
13
11
11
7
11
15
13
16
9
20
15
22
15
20
10
17
17
18
16
20
11
13
15
16
20
15
14
14
7
14
20
12
14
14
13
17
7
16
16
14
14
15
8
16
9
19
8
14
18
14
14
12
12
15
15
11
6
12
8
8
11
11
13
9
17
15
10
7
14
12
9
14
10
14
11
24
14
17
9
15
10
7
14
10
16
14
14
15
13
14
13
8
13
16
14
15
13
11
18
9
14
11
13
11
13
13
13
5
9
11
11
7
12
12
7
13
15
11
11
9
15
15
12
13
2
10
10
9
5
9
13
15
10
8
11
11
8
15
12
8
11
6
15
11
9
10
7
15
6
16
7
16
13
10
8
12
9
22
12
14
15
14
11
11
11
9
7
10
17
14
9
6
13
15
16
10
9
11
16
12
16
15
14
17
9
6
10
16
17
14
20
10
14
5
5
9
12
8
12
8
17
10
14
8
8
11
15
7
7
12
6
17
13
11
13
9
10
9
19
11
11
16
25
9
10
14
12
10
12
19
11
11
9
13
12
11
10
14
11
19
13
14
9
11
12
10
12
6
10
9
11
13
8
6
9
8
9
9
15
10
12
12
16
11
14
7
9
6
6
7
11
14
16
11
11
10
10
15
7
7
11
5
17
11
16
11
14
12
16
8
14
10
17
16
8
15
10
7
11
18
10
15
13
8
13
3
8
15
6
6
8
12
9
8
8
11
15
10
11
7
15
12
12
9
7
5
14
10
8
10
8
5
13
11
6
11
6
8
7
9
7
9
10
8
3
13
17
12
11
16
10
12
12
10
11
10
11
6
10
12
11
11
7
23
12
11
7
17
13
17
13
14
9
18
6
8
9
10
3
11
9
11
7
9
6
7
6
13
8
15
12
13
9
18
5
6
6
10
13
9
9
8
7
10
7
10
7
10
13
4
10
9
5
8
11
15
15
10
9
12
7
6
5
10
10
5
8
9
10
6
14
6
8
10
13
6
7
8
10
10
16
9
7
12
6
13
9
8
7
12
14
5
4
12
7
7
9
10
6
7
8
12
11
9
9
9
8
11
7
6
8
8
12
3
13
4
8
6
6
9
10
8
11
6
11
9
9
8
5
7
5
9
7
11
9
10
9
9
10
5
7
10
8
14
6
8
7
12
11
9
9
5
6
9
11
4
7
17
4
15
12
8
11
10
8
5
8
10
7
6
6
8
4
6
8
6
6
4
12
12
6
8
9
9
4
4
4
10
8
6
7
12
11
11
13
7
8
7
6
12
7
6
9
11
9
9
8
21
12
16
8
11
15
15
11
12
2
5
8
11
8
8
7
8
5
5
6
8
6
5
5
12
6
6
11
9
9
10
16
8
10
5
9
10
10
7
9
9
5
9
6
8
1
7
10
3
6
4
7
8
6
5
6
11
11
6
8
7
5
3
4
9
11
10
6
3
11
3
8
6
10
9
7
5
5
7
9
4
10
5
9
3
6
7
8
9
2
3
7
11
7
10
9
8
11
8
6
9
4
5
9
8
6
6
6
3
3
5
9
10
5
5
11
1
5
8
13
5
7
5
8
7
7
6
9
6
6
8
14
9
13
10
18
20
14
8
12
7
15
9
9
6
4
8
3
8
6
5
9
7
6
7
7
7
10
8
8
6
8
10
7
8
7
7
9
7
8
9
11
6
6
9
15
11
7
10
6
2
4
8
2
10
13
8
9
7
6
2
7
7
8
6
6
5
9
9
2
7
8
7
11
6
9
3
7
8
2
11
8
10
7
5
8
10
7
9
6
10
6
7
15
5
7
7
9
8
10
4
7
6
9
5
3
5
7
3
5
4
7
6
7
7
6
8
6
5
6
5
6
6
4
1
4
4
8
5
10
11
4
4
5
6
2
4
7
3
3
6
4
2
7
6
2
5
5
3
7
13
6
5
2
5
0
7
9
6
5
8
11
9
12
4
12
11
6
8
7
5
5
6
7
8
6
6
8
6
9
8
7
6
6
4
6
3
6
11
6
7
4
9
4
6
4
4
6
4
3
7
9
9
8
9
2
1
6
6
8
5
7
6
6
5
6
7
7
3
5
6
4
8
6
5
6
8
3
7
9
10
5
6
6
5
5
4
5
5
3
6
8
2
3
7
1
11
4
7
3
6
1
9
9
5
8
8
5
4
5
7
4
6
5
4
7
9
8
5
1
2
7
6
2
8
5
7
2
2
7
6
4
3
7
3
5
7
4
3
6
2
5
6
3
10
8
3
2
5
4
6
4
8
4
8
7
3
6
4
7
3
6
4
6
8
6
8
3
4
3
5
6
3
4
7
9
9
2
2
10
3
4
5
5
9
4
8
6
9
6
8
7
8
6
4
7
6
4
3
3
6
8
7
11
9
6
7
7
6
6
7
4
5
4
6
3
7
3
6
7
5
5
7
7
2
10
4
4
10
4
4
7
8
2
4
4
3
4
6
4
5
3
5
6
6
8
4
5
3
7
7
7
4
7
10
11
4
3
8
10
10
7
11
12
5
8
3
1
7
3
6
6
5
4
3
4
9
11
1
6
2
14
4
6
6
6
4
3
5
5
8
8
2
1
5
6
2
3
4
5
3
5
6
5
8
2
4
6
8
4
4
6
5
4
5
8
2
3
8
2
3
3
6
1
4
2
8
6
10
4
8
5
3
6
9
2
6
5
4
5
5
5
5
3
3
3
1
6
2
8
5
4
8
4
3
4
6
4
4
2
4
3
1
4
0
5
2
1
5
5
2
4
5
4
8
4
2
6
7
4
1
2
2
3
8
2
5
5
3
2
1
1
3
5
5
3
5
4
6
5
6
3
5
1
4
4
4
1
9
4
5
4
4
2
3
9
8
2
5
3
7
5
5
4
2
1
4
2
3
4
5
7
2
6
8
8
9
6
5
9
12
6
4
8
6
8
4
5
3
5
6
4
3
1
2
2
3
6
7
3
2
3
3
6
4
5
3
8
13
5
2
6
4
2
4
3
3
3
2
4
3
4
1
6
7
4
4
0
7
3
6
7
3
3
4
3
3
5
4
3
2
3
6
7
7
3
7
8
6
6
1
5
6
5
3
3
4
1
5
2
4
4
4
11
4
12
5
7
5
5
8
6
7
6
6
3
1
2
4
1
8
3
7
2
4
5
5
1
0
3
6
3
3
7
3
3
4
6
2
3
0
4
0
5
3
4
1
4
6
4
2
3
2
8
1
5
9
4
8
4
3
3
6
1
6
6
4
5
6
3
4
2
6
3
7
6
3
2
2
2
5
4
1
1
2
5
4
1
8
2
5
6
3
1
3
3
5
4
4
3
3
3
4
2
4
3
6
3
2
5
1
4
2
3
2
3
3
9
6
8
2
2
1
0
6
3
2
0
1
3
3
3
4
3
2
2
2
3
4
3
8
3
1
2
5
3
3
1
1
4
8
5
1
2
4
3
2
3
1
0
3
1
3
5
4
5
4
4
4
3
3
1
6
2
7
6
3
4
3
4
2
7
2
4
4
3
6
3
6
5
4
4
5
4
3
3
5
3
4
4
1
6
3
2
4
5
4
2
4
6
2
8
7
3
1
3
0
4
2
5
4
4
1
5
4
3
5
3
4
8
4
5
2
1
3
4
3
0
1
3
3
5
4
4
2
1
5
5
4
3
2
3
1
3
4
7
3
1
4
2
2
7
4
7
4
3
5
8
3
8
3
5
6
3
1
2
1
3
1
8
3
1
2
4
4
5
6
2
4
4
4
3
4
2
2
4
5
0
4
1
1
4
1
7
1
7
4
6
3
1
2
6
2
1
2
4
5
4
3
6
5
2
1
4
5
1
2
4
2
4
2
7
1
2
7
4
4
5
6
5
1
3
0
3
5
3
4
5
4
3
2
1
1
0
3
5
2
0
2
1
2
2
4
4
2
3
3
3
3
3
4
1
4
3
6
3
1
2
4
5
4
3
2
2
3
2
4
7
2
2
3
5
1
1
2
5
3
0
2
3
3
1
2
2
5
1
3
1
0
5
2
4
0
1
2
1
1
0
0
5
1
1
4
3
3
3
1
5
1
5
1
5
0
2
6
4
3
4
2
0
4
2
4
1
3
2
1
2
4
1
5
2
3
1
3
1
4
2
3
1
6
2
0
3
1
3
1
1
5
3
0
7
3
2
6
1
1
2
1
3
2
5
1
2
5
3
2
2
2
4
3
1
5
4
7
2
2
2
3
2
3
2
3
1
3
4
4
3
2
1
3
3
1
4
1
2
6
4
1
3
3
3
1
3
3
1
1
3
1
2
3
1
3
6
1
5
3
2
2
5
1
2
4
4
3
1
6
3
3
5
6
3
6
3
6
0
1
3
6
3
2
3
3
2
3
1
5
4
3
5
2
6
3
2
1
4
2
1
2
2
3
1
4
3
2
3
6
2
4
4
2
1
2
2
4
3
7
2
2
6
2
5
7
6
5
3
1
0
7
5
2
1
2
1
1
2
2
0
3
1
2
3
3
1
4
5
2
4
4
3
3
2
2
3
2
2
4
3
4
1
2
3
4
3
4
4
1
1
1
1
1
1
4
1
3
2
3
1
2
1
4
3
2
1
1
0
4
2
1
3
1
2
1
3
1
2
3
1
1
1
4
2
3
2
2
1
4
2
1
2
3
2
6
3
2
4
1
2
0
0
4
3
4
2
3
2
0
1
1
4
5
1
0
4
4
1
0
1
3
5
4
4
1
5
0
3
1
2
2
3
1
2
4
2
2
3
4
1
4
1
0
3
1
0
1
4
2
1
1
6
5
4
2
2
2
0
1
0
6
1
0
2
0
2
0
3
3
1
2
2
0
2
4
2
2
1
1
1
4
2
1
4
2
2
0
1
1
2
2
0
4
4
0
3
3
1
4
3
1
4
0
4
1
3
1
1
1
2
3
3
2
3
0
0
2
3
3
2
1
0
2
3
3
4
1
2
1
5
2
4
4
4
3
3
3
3
1
4
2
1
7
1
5
2
3
1
2
0
1
0
2
1
4
3
1
4
2
3
1
3
4
0
1
2
3
2
3
3
0
1
1
0
3
2
1
1
0
3
3
3
3
0
2
2
3
7
5
1
2
1
1
2
2
2
3
2
2
3
1
0
1
6
3
0
1
4
2
4
0
1
1
1
1
1
0
2
1
2
1
2
3
1
1
4
3
2
1
1
0
2
1
0
1
1
3
1
1
4
3
1
1
0
0
2
0
0
0
3
3
4
3
3
0
3
3
2
4
1
2
4
3
2
2
1
3
2
2
1
2
1
3
3
1
2
0
2
1
3
1
1
2
1
2
1
2
0
3
1
0
1
1
2
2
0
0
2
1
2
0
3
0
4
4
3
2
1
1
4
2
5
3
1
2
3
1
3
1
2
2
4
0
1
4
2
5
1
1
0
2
1
4
3
1
2
0
0
0
1
0
0
2
1
3
1
0
1
4
0
0
3
2
2
0
1
1
2
2
2
1
0
2
3
1
3
1
1
2
1
4
4
2
2
1
0
1
1
1
2
3
2
1
3
4
2
3
4
0
1
2
2
4
3
2
1
1
0
2
2
2
2
0
3
1
1
3
2
1
0
0
1
3
4
1
3
1
2
1
3
1
3
2
0
4
2
2
1
0
2
0
1
3
4
2
1
0
3
5
4
0
0
2
0
1
1
2
2
2
2
1
2
4
4
0
2
0
1
0
0
0
2
6
1
2
2
5
3
2
2
1
0
4
2
1
0
2
0
4
1
2
1
3
0
3
1
0
1
2
2
2
0
2
2
2
0
2
4
3
5
2
1
1
5
0
1
2
2
1
1
2
2
3
3
4
2
1
0
2
1
2
2
1
3
0
3
0
1
0
1
2
2
1
1
1
1
1
4
0
1
4
4
3
1
1
0
0
0
1
0
1
0
1
4
0
1
2
0
0
1
0
1
2
1
0
1
2
1
4
1
3
1
5
2
1
0
1
2
2
2
0
4
1
3
2
4
0
3
0
0
2
1
0
1
2
0
0
1
1
1
1
1
2
2
0
1
0
1
0
2
1
2
2
1
2
1
3
2
1
2
2
3
1
2
1
3
0
0
2
4
1
0
1
2
0
1
1
4
1
0
3
0
2
0
1
1
3
0
1
3
1
2
3
1
0
0
1
2
0
1
0
1
4
0
2
0
2
3
2
1
2
1
4
3
2
2
2
0
1
0
0
1
1
0
0
2
3
1
0
2
2
1
1
2
0
3
2
2
1
2
0
1
1
0
3
0
2
0
2
1
1
4
1
1
2
2
2
2
2
4
2
1
1
1
1
0
2
1
3
0
2
3
2
3
3
2
0
1
3
1
0
0
2
0
1
0
2
1
0
1
0
0
0
3
1
2
0
4
4
1
0
1
2
3
0
1
0
0
2
3
1
1
1
1
2
0
0
0
1
1
2
2
2
3
2
1
2
0
2
1
1
2
3
2
3
2
0
1
1
3
1
1
3
2
1
1
2
0
3
2
2
2
1
0
0
1
3
0
1
0
1
1
1
1
1
4
2
2
1
1
0
2
2
4
5
0
0
3
1
0
0
3
0
0
0
0
2
1
1
0
2
1
1
1
0
1
4
1
0
1
3
0
0
3
0
1
1
1
2
0
2
1
1
1
1
1
0
1
0
2
2
1
1
0
1
0
3
2
0
1
1
2
0
3
0
1
1
3
2
0
2
3
1
0
0
1
0
1
1
1
1
3
0
0
0
2
2
2
0
0
0
2
1
1
1
3
1
1
0
0
0
0
1
1
1
1
0
0
1
1
2
1
0
0
1
0
1
2
3
1
3
1
1
2
0
0
2
1
1
0
2
3
0
0
1
0
0
3
0
1
0
2
1
1
1
0
0
1
0
0
2
0
1
1
2
2
0
0
3
2
1
1
0
3
1
2
0
2
3
1
0
2
0
1
2
3
2
2
1
0
2
1
1
1
0
1
2
0
2
1
0
3
0
1
1
1
1
1
1
0
1
1
1
3
0
0
0
0
0
2
2
1
2
0
1
1
2
3
3
0
1
0
0
0
3
0
0
2
0
1
0
0
1
1
0
0
0
1
3
0
1
2
1
0
0
2
1
1
2
1
1
0
0
0
1
0
2
1
1
2
2
1
2
3
0
1
1
0
1
0
1
3
1
0
3
4
0
1
0
2
0
0
1
2
0
0
1
1
1
0
0
1
0
1
1
0
0
2
0
4
1
0
0
0
0
0
0
0
2
1
1
0
1
1
0
0
1
0
1
0
1
2
1
1
1
1
1
1
0
2
1
4
1
1
1
2
1
1
0
1
1
2
0
0
0
1
3
0
0
1
2
0
0
2
1
0
0
0
2
1
0
0
1
1
2
1
0
2
2
1
0
1
2
2
0
1
0
1
1
1
2
1
2
1
1
1
2
2
1
0
2
0
2
1
2
5
1
1
2
2
2
3
3
0
2
3
0
0
1
2
1
1
2
1
2
0
1
3
0
2
1
2
1
0
2
0
1
0
1
1
0
1
1
3
2
0
0
1
2
1
0
2
1
1
0
3
1
2
2
1
1
2
1
1
1
1
0
4
2
1
1
0
4
3
1
2
1
1
0
0
1
1
2
1
1
0
1
0
0
1
0
1
0
0
0
2
3
1
0
1
0
3
0
1
1
0
1
1
1
1
1
0
1
1
2
0
0
3
1
0
3
1
1
0
1
1
2
1
2
0
1
0
0
3
1
2
1
0
0
1
1
1
2
2
0
1
1
2
1
0
1
1
3
1
3
0
0
1
0
2
1
0
1
3
0
1
0
1
2
0
2
3
2
4
1
0
2
0
2
0
1
2
0
1
4
1
0
1
1
1
1
0
0
0
1
0
1
4
0
2
3
1
0
1
2
2
1
0
0
1
0
1
3
0
0
0
0
0
0
1
0
1
1
1
1
1
0
2
2
2
0
3
2
2
3
2
1
0
1
2
2
0
2
1
1
0
0
1
0
1
0
0
0
1
0
1
0
1
0
0
1
1
0
1
2
0
2
3
1
3
0
2
1
1
1
0
0
1
6
1
0
1
2
1
2
1
1
0
1
1
0
0
0
1
1
1
1
1
2
3
2
0
0
1
0
0
1
0
1
1
2
0
0
1
3
0
2
0
0
1
1
1
1
0
0
0
0
1
0
2
1
2
1
2
2
0
2
3
3
1
1
3
0
1
0
2
3
3
0
2
5
4
0
1
1
0
1
1
2
2
5
1
3
0
2
0
2
3
2
2
1
2
2
5
0
0
1
3
2
0
1
1
3
2
5
1
3
3
1
3
1
1
2
4
1
3
1
0
1
0
3
2
3
1
4
0
3
2
0
2
2
1
1
1
0
1
1
1
2
2
3
1
1
1
1
1
1
0
1
1
2
0
0
0
0
2
1
0
2
4
2
0
1
0
2
4
0
1
0
3
1
2
0
1
4
0
2
1
1
0
2
4
1
1
0
1
1
1
0
1
0
0
1
0
1
0
2
1
2
1
0
2
0
2
0
0
0
2
0
2
3
4
3
0
1
1
1
1
1
3
0
0
1
3
2
1
1
2
2
0
1
1
1
3
0
2
1
0
1
4
2
0
1
1
1
0
2
2
0
3
1
2
0
1
0
0
0
1
0
1
0
1
1
0
2
0
1
1
0
0
0
0
0
0
2
0
0
2
1
1
1
1
1
2
1
0
3
3
0
3
2
1
1
1
0
0
3
0
0
2
0
1
0
0
0
0
1
2
1
1
0
0
0
0
1
0
1
1
1
1
1
2
1
1
2
1
1
2
0
1
0
3
0
1
0
1
2
0
2
0
0
1
1
1
0
0
2
1
0
2
1
1
0
1
1
0
1
0
0
0
0
0
1
0
0
1
0
0
0
1
1
1
4
1
2
2
1
1
1
0
0
0
1
0
3
2
0
0
1
1
0
0
1
1
2
1
1
0
0
1
0
2
1
0
3
1
1
0
1
1
1
1
1
0
0
0
0
2
1
2
0
1
1
0
0
1
1
2
1
3
4
5
4
7
2
4
3
5
4
7
3
7
4
2
6
3
2
3
3
9
7
5
8
4
1
6
1
1
6
8
4
7
5
7
2
2
3
2
2
2
2
8
5
0
7
7
7
3
6
5
2
4
3
5
3
2
0
3
4
5
3
4
4
0
3
5
2
5
5
4
4
6
1
4
8
5
4
6
2
3
2
6
4
6
5
2
5
8
3
9
4
5
3
4
4
7
7
6
4
4
2
4
0
8
4
8
3
4
4
2
4
5
2
4
2
1
6
7
1
6
5
2
3
5
7
4
6
2
1
7
5
5
7
4
7
2
4
7
4
4
2
5
2
2
4
6
5
1
2
4
4
6
5
6
2
5
2
6
3
2
4
5
4
3
2
7
2
1
9
5
5
3
3
5
5
0
6
3
2
1
7
4
7
5
6
4
3
2
5
3
3
5
9
2
3
5
6
3
8
4
3
2
8
0
7
11
3
4
4
2
0
8
4
6
4
6
3
3
1
3
6
5
8
5
10
5
5
5
8
3
2
2
3
4
5
4
2
1
9
7
5
8
3
10
11
7
6
7
10
9
6
5
5
7
5
1
6
2
5
1
9
10
5
4
6
3
3
2
3
5
3
2
6
8
4
7
6
4
2
5
6
2
6
3
3
4
8
7
5
6
1
3
6
7
1
8
5
7
7
4
4
2
4
3
9
4
6
4
5
5
2
5
4
4
3
4
8
5
4
6
2
1
6
5
9
2
6
5
3
7
5
3
4
3
4
4
7
7
1
8
2
5
3
3
7
8
2
10
8
7
4
5
6
4
4
7
7
8
5
5
2
5
2
4
3
3
3
3
2
11
5
3
4
10
10
4
5
1
8
5
11
2
1
2
7
7
4
4
5
14
3
7
6
5
12
11
8
8
10
7
10
5
7
6
12
3
9
6
12
10
15
8
14
9
12
17
20
32
25
28
28
24
19
15
5
5
0
1
2
1
1
0
0
0
0
0
1
0
0
0
0
0
0
0
0
0
0
0
0
0
0
0
0
0
0
0
0
0
0
0
0
0
0
0
0
0
0
0
0
0
0
0
0
0
0
0
0
0
0
0
0
0
0
0
0
0
0
0
0
0
0
0
0
0
0
0
0
0
0
0
0
0
0
0
0
0
0
0
0
0
0
0
0
0
0
0
0
0
0
0
0
0
0
0
0
0
0
0
0
0
0
0
0
0
0
0
0
0
0
0
0
0
0
0
0
0
0
0
0
0
0
0
0
0
0
0
0
0
0
0
0
0
0
0
0
0
0
0
0
0
0
0
0
0
0
0
0
0
0
0
0
0
0
0
0
0
0
0
0
0
0
0
0
0
0
0
0
0
0
0
0
0
0
0
0
0
0
0
0
0
0
0
0
0
0
0
0
0
0
0
0
0
0
0
0
0
0
0
0
0
0
0
0
0
0
0
0
0
0
0
0
0
0
0
0
0
0
0
0
0
0
0
0
0
0
0
0
0
0
0
0
0
0
0
0
0
0
0
0
0
0
0
0
0
0
0
0
0
0
0
0
0
0
0
0
0
0
0
0
0
0
0
0
0
0
0
0
0
0
0
0
0
0
0
0
0
0
0
0
0
0
0
0
0
0
0
0
0
0
0
0
0
0
0
0
0
0
0
0
0
0
0
0
0
0
0
0
0
0
0
0
0
0
0
0
0
0
0
0
0
0
0
0
0
0
0
0
0
0
0
0
0
0
0
0
0
0
0
0
0
0
0
0
0
0
0
0
0
0
0
0
0
0
0
0
0
0
0
0
21065
21065
21065
21065
21065
21065
21065
21065
21065
21065
21065
21065
21065
21065
21065
21065
21065
21065
21065
21065
21065
21065
21065
21065
21065
21065
21065
21065
21065
21065
21065
21065
21065
21065
21065
21065
21065
21065
21065
21065
21065
21065
21065
21065
21065
21065
21065
21065
21065
21065
21065
21065
21065
21065
21065
21065
21065
21065
21065
21065
21065
21065
21065
21065
21065
21065
21065
21065
21065
21065
21065
21065
21065
21065
21065
21065
21065
21065
21065
21065
21065
21065
21065
21065
21065
21065
21065
21065
21065
21065
21065
21065
21065
21065
21065
21065
21065
21065
21065
21065
21065
21065
21065
21065
21065
21065
21065
21065
21065
21065
21065
21065
21065
21065
21065
21065
21065
21065
21065
21065
21065
21065
21065
21065
21065
21065
21065
21065
21065
21065
21065
21065
21065
21065
21065
21065
21065
21065
21065
21065
21065
21065
21065
21065
21065
21065
21065
21065
21065
21065
21065
21065
21065
21065
21065
21065
21065
21065
21065
21065
21065
21065
21065
21065
21065
21065
21065
21065
21065
21065
21065
21065
21065
21065
21065
21065
21065
21065
21065
21065
21065
21065
21065
21065
21065
21065
21065
21065
21065
21065
21065
21065
21065
21065
21065
21065
21065
21065
21065
21065
21065
21065
21065
21065
21065
21065
21065
21065
21065
21065
21065
21065
21065
21065
21065
21065
21065
21065
21065
21065
21065
21065
21065
21065
21065
21065
21065
21065
21065
21065
21065
21065
21065
21065
21065
21065
21065
21065
21065
21065
21065
21065
21065
21065
21065
21065
21065
21065
21065
21065
21065
21065
21065
21065
21065
21065
21065
21065
21065
21065
21065
21065
21065
21065
21065
21065
21065
21065
21065
21065
21065
21065
21065
21065
21065
21065
21065
21065
21065
21065
21065
21065
21065
21065
21065
21065
21065
21065
21065
21065
21065
21065
21065
21065
21065
21065
21065
21065
21065
21065
21065
21065
21065
21065
21065
21065
21065
21065
21065
21065
21065
21065
21065
21065
21065
21065
21065
21065
21065
21065
21065
21065
21065
21065
21065
21065
21065
21065
21065
21065
21065
21065
21065
21065
21065
21065
21065
21065
21065
21065
21065
21065
21065
21065
21065
21065
21065
21065
21065
21065
21065
21065
21065
21065
21065
21065
21065
21065
21065
21065
21065
21065
21065
21065
21065
21065
21065
21065
21065
21065
21065
21065
21065
21065
21065
21065
21065
21065
21065
21065
21065
21065
21065
21065
21065
21065
21065
21065
21065
21065
21065
21065
21065
21065
21065
21065
21065
21065
21065
21065
21065
21065
21065
21065
21065
21065
21065
21065
21065
21065
21065
21065
21065
21065
21065
21065
21065
21065
21065
21065
21065
21065
21065
21065
21065
21065
21065
21065
21065
21065
21065
21065
21065
21065
21065
21065
21065
21065
21065
21065
21065
21065
21065
21065
21065
21065
21065
21065
21065
21065
21065
21065
21065
21065
21065
21065
21065
21065
21065
21065
21065
21065
21065
21065
21065
21065
21065
21065
21065
21065
21065
21065
21065
21065
21065
21065
21065
21065
21065
21065
21065
21065
21065
21065
21065
21065
21065
21065
21065
21065
21065
21065
21065
21065
21065
21065
21065
21065
21065
21065
21065
21065
21065
21065
21065
21065
21065
21065
21065
21065
21065
21065
21065
21065
21065
21065
21065
21065
21065
21065
21065
21065
21065
21065
21065
21065
21065
21065
21065
21065
21065
21065
21065
21065
21065
21065
21065
21065
21065
21065
21065
21065
21065
21065
21065
21065
21065
21065
21065
21065
21065
21065
21065
21065
21065
21065
21065
21065
21065
21065
21065
21065
21065
21065
21065
21065
21065
21065
21065
21065
21065
21065
21065
21065
21065
21065
21065
21065
21065
21065
21065
21065
21065
21065
21065
21065
21065
21065
21065
21065
21065
21065
21065
21065
21065
21065
21065
21065
21065
21065
21065
21065
21065
21065
21065
21065
21065
21065
21065
21065
21065
21065
21065
21065
21065
21065
21065
21065
21065
21065
21065
21065
21065
21065
21065
21065
21065
21065
21065
21065
21065
21065
21065
21065
21065
21065
21065
21065
21065
21065
21065
21065
21065
21065
21065
21065
21065
21065
21065
21065
21065
21065
21065
21065
21065
21065
21065
21065
21065
21065
21065
21065
21065
21065
21065
21065
21065
21065
21065
21065
21065
21065
21065
21065
21065
21065
21065
21065
21065
21065
21065
21065
21065
21065
21065
21065
21065
21065
21065
21065
21065
21065
21065
21065
21065
21065
21065
21065
21065
21065
21065
21065
21065
21065
21065
21065
21065
21065
21065
21065
21065
21065
21065
21065
21065
21065
21065
21065
21065
21065
21065
21065
21065
21065
21065
21065
21065
21065
21065
21065
21065
21065
21065
21065
21065
21065
21065
21065
21065
21065
21065
21065
21065
21065
21065
21065
21065
21065
21065
21065
21065
21065
21065
21065
21065
21065
21065
21065
21065
21065
21065
21065
21065
21065
21065
21065
21065
21065
21065
21065
21065
21065
21065
21065
21065
21065
21065
21065
21065
21065
21065
21065
21065
21065
21065
21065
21065
21065
21065
21065
21065
21065
21065
21065
21065
21065
21065
21065
21065
21065
21065
21065
21065
21065
21065
21065
21065
21065
21065
21065
21065
21065
21065
21065
21065
21065
21065
21065
21065
21065
21065
21065
21065
21065
21065
21065
21065
21065
21065
21065
21065
21065
21065
21065
21065
21065
21065
21065
21065
21065
21065
21065
21065
21065
21065
21065
21065
21065
21065
21065
21065
21065
21065
21065
21065
21065
21065
21065
21065
21065
21065
21065
21065
21065
21065
21065
21065
21065
21065
21065
21065
21065
21065
21065
21065
21065
21065
21065
21065
21065
21065
21065
21065
21065
21065
21065
21065
21065
21065
21065
21065
21065
21065
21065
21065
21065
21065
21065
21065
21065
21065
21065
21065
21065
21065
21065
21065
21065
21065
21065
21065
21065
21065
21065
21065
21065
21065
21065
21065
21065
21065
21065
21065
21065
21065
21065
21065
21065
21065
21065
21065
21065
21065
21065
21065
21065
21065
21065
21065
21065
21065
21065
21065
21065
21065
21065
21065
21065
21065
21065
21065
21065
21065
21065
21065
21065
21065
21065
21065
21065
21065
21065
21065
21065
21065
21065
21065
21065
21065
21065
21065
21065
21065
21065
21065
21065
21065
21065
21065
21065
21065
21065
21065
21065
21065
21065
21065
21065
21065
21065
21065
21065
21065
21065
21065
21065
21065
21065
21065
21065
21065
21065
21065
21065
21065
21065
21065
21065
21065
21065
21065
21065
21065
21065
21065
21065
21065
21065
21065
21065
21065
21065
21065
21065
21065
21065
21065
21065
21065
21065
21065
21065
21065
21065
21065
21065
21065
21065
21065
21065
21065
21065
21065
21065
21065
21065
21065
21065
21065
21065
21065
21065
21065
21065
21065
21065
21065
21065
21065
21065
21065
21065
21065
21065
21065
21065
21065
21065
21065
21065
21065
21065
21065
21065
21065
21065
21065
21065
21065
21065
21065
21065
21065
21065
21065
21065
21065
21065
21065
21065
21065
21065
21065
21065
21065
21065
21065
21065
21065
21065
21065
21065
21065
21065
21065
21065
21065
21065
21065
21065
21065
21065
21065
21065
21065
21065
21065
21065
21065
21065
21065
21065
21065
21065
21065
21065
21065
21065
21065
21065
21065
21065
21065
21065
21065
21065
21065
21065
21065
21065
21065
21065
21065
21065
21065
21065
21065
21065
21065
21065
21065
21065
21065
21065
21065
21065
21065
21065
21065
21065
21065
21065
21065
21065
21065
21065
21065
21065
21065
21065
21065
21065
21065
21065
21065
21065
21065
21065
21065
21065
21065
21065
21065
21065
21065
21065
21065
21065
21065
21065
21065
21065
21065
21065
21065
21065
21065
21065
21065
21065
21065
21065
21065
21065
21065
21065
21065
21065
21065
21065
21065
21065
21065
21065
21065
21065
21065
21065
21065
21065
21065
21065
21065
21065
21065
21065
21065
21065
21065
21065
21065
21065
21065
21065
21065
21065
21065
21065
21065
21065
21065
21065
21065
21065
21065
21065
21065
21065
21065
21065
21065
21065
21065
21065
21065
21065
21065
21065
21065
21065
21065
21065
21065
21065
21065
21065
21065
21065
21065
21065
21065
21065
21065
21065
21065
21065
21065
21065
21065
21065
21065
21065
21065
21065
21065
21065
21065
21065
21065
21065
21065
21065
21065
21065
21065
21065
21065
21065
21065
21065
21065
21065
21065
21065
21065
21065
21065
21065
21065
21065
21065
21065
21065
21065
21065
21065
21065
21065
21065
21065
21065
21065
21065
21065
21065
21065
21065
21065
21065
21065
21065
21065
21065
21065
21065
21065
21065
21065
21065
21065
21065
21065
21065
21065
21065
21065
21065
21065
21065
21065
21065
21065
21065
21065
21065
21065
21065
21065
21065
21065
21065
21065
21065
21065
21065
21065
21065
21065
21065
21065
21065
21065
21065
21065
21065
21065
21065
21065
21065
21065
21065
21065
21065
21065
21065
21065
21065
21065
21065
21065
21065
21065
21065
21065
21065
21065
21065
21065
21065
21065
21065
21065
21065
21065
21065
21065
21065
21065
21065
21065
21065
21065
21065
21065
21065
21065
21065
21065
21065
21065
21065
21065
21065
21065
21065
21065
21065
21065
21065
21065
21065
21065
21065
21065
21065
21065
21065
21065
21065
21065
21065
21065
21065
21065
21065
21065
21065
21065
21065
21065
21065
21065
21065
21065
21065
21065
21065
21065
21065
21065
21065
21065
21065
21065
21065
21065
21065
21065
21065
21065
21065
21065
21065
21065
21065
21065
21065
21065
21065
21065
21065
21065
21065
21065
21065
21065
21065
21065
21065
21065
21065
21065
21065
21065
21065
21065
21065
21065
21065
21065
21065
21065
21065
21065
21065
21065
21065
21065
21065
21065
21065
21065
21065
21065
21065
21065
21065
21065
21065
21065
21065
21065
21065
21065
21065
21065
21065
21065
21065
21065
21065
21065
21065
21065
21065
21065
21065
21065
21065
21065
21065
21065
21065
21065
21065
21065
21065
21065
21065
21065
21065
21065
21065
21065
21065
21065
21065
21065
21065
21065
21065
21065
21065
21065
21065
21065
21065
21065
21065
21065
21065
21065
21065
21065
21065
21065
21065
21065
21065
21065
21065
21065
21065
21065
21065
21065
21065
21065
21065
21065
21065
21065
21065
21065
21065
21065
21065
21065
21065
21065
21065
21065
21065
21065
21065
21065
21065
21065
21065
21065
21065
21065
21065
21065
21065
21065
21065
21065
21065
21065
21065
21065
21065
21065
21065
21065
21065
21065
21065
21065
21065
21065
21065
21065
21065
21065
21065
21065
21065
21065
21065
21065
21065
21065
21065
21065
21065
21065
21065
21065
21065
21065
21065
21065
21065
21065
21065
21065
21065
21065
21065
21065
21065
21065
21065
21065
21065
21065
21065
21065
21065
21065
21065
21065
21065
21065
21065
21065
21065
21065
21065
21065
21065
21065
21065
21065
21065
21065
21065
21065
21065
21065
21065
21065
21065
21065
21065
21065
21065
21065
21065
21065
21065
21065
21065
21065
21065
21065
21065
21065
21065
21065
21065
21065
21065
21065
21065
21065
21065
21065
21065
21065
21065
21065
21065
21065
21065
21065
21065
21065
21065
21065
21065
21065
21065
21065
21065
21065
21065
21065
21065
21065
21065
21065
21065
21065
21065
21065
21065
21065
21065
21065
21065
21065
21065
21065
21065
21065
21065
21065
21065
21065
21065
21065
21065
21065
21065
21065
21065
21065
21065
21065
21065
21065
21065
21065
21065
21065
21065
21065
21065
21065
21065
21065
21065
21065
21065
21065
21065
21065
21065
21065
21065
21065
21065
21065
21065
21065
21065
21065
21065
21065
21065
21065
21065
21065
21065
21065
21065
21065
21065
21065
21065
21065
21065
21065
21065
21065
21065
21065
21065
21065
21065
21065
21065
21065
21065
21065
21065
21065
21065
21065
21065
21065
21065
21065
21065
21065
21065
21065
21065
21065
21065
21065
21065
21065
21065
21065
21065
21065
21065
21065
21065
21065
21065
21065
21065
21065
21065
21065
21065
21065
21065
21065
21065
21065
21065
21065
21065
21065
21065
21065
21065
21065
21065
21065
21065
21065
21065
21065
21065
21065
21065
21065
21065
21065
21065
21065
21065
21065
21065
21065
21065
21065
21065
21065
21065
21065
21065
21065
21065
21065
21065
21065
21065
21065
21065
21065
21065
21065
21065
21065
21065
21065
21065
21065
21065
21065
21065
21065
21065
21065
21065
21065
21065
21065
21065
21065
21065
21065
21065
21065
21065
21065
21065
21065
21065
21065
21065
21065
21065
21065
21065
21065
21065
21065
21065
21065
21065
21065
21065
21065
21065
21065
21065
21065
21065
21065
21065
21065
21065
21065
21065
21065
21065
21065
21065
21065
21065
21065
21065
21065
21065
21065
21065
21065
21065
21065
21065
21065
21065
21065
21065
21065
21065
21065
21065
21065
21065
21065
21065
21065
21065
21065
21065
21065
21065
21065
21065
21065
21065
21065
21065
21065
21065
21065
21065
21065
21065
21065
21065
21065
21065
21065
21065
21065
21065
21065
21065
21065
21065
21065
21065
21065
21065
21065
21065
21065
21065
21065
21065
21065
21065
21065
21065
21065
21065
21065
21065
21065
21065
21065
21065
21065
21065
21065
21065
21065
21065
21065
21065
21065
21065
21065
21065
21065
21065
21065
21065
21065
21065
21065
21065
21065
21065
21065
21065
21065
21065
21065
21065
21065
21065
21065
21065
21065
21065
21065
21065
21065
21065
21065
21065
21065
21065
21065
21065
21065
21065
21065
21065
21065
21065
21065
21065
21065
21065
21065
21065
21065
21065
21065
21065
21065
21065
21065
21065
21065
21065
21065
21065
21065
21065
21065
21065
21065
21065
21065
21065
21065
21065
21065
21065
21065
21065
21065
21065
21065
21065
21065
21065
21065
21065
21065
21065
21065
21065
21065
21065
21065
21065
21065
21065
21065
21065
21065
21065
21065
21065
21065
21065
21065
21065
21065
21065
21065
21065
21065
21065
21065
21065
21065
21065
21065
21065
21065
21065
21065
21065
21065
21065
21065
21065
21065
21065
21065
21065
21065
21065
21065
21065
21065
21065
21065
21065
21065
21065
21065
21065
21065
21065
21065
21065
21065
21065
21065
21065
21065
21065
21065
21065
21065
21065
21065
21065
21065
21065
21065
21065
21065
21065
21065
21065
21065
21065
21065
21065
21065
21065
21065
21065
21065
21065
21065
21065
21065
21065
21065
21065
21065
21065
21065
21065
21065
21065
21065
21065
21065
21065
21065
21065
21065
21065
21065
21065
21065
21065
21065
21065
21065
21065
21065
21065
21065
21065
21065
21065
21065
21065
21065
21065
21065
21065
21065
21065
21065
21065
21065
21065
21065
21065
21065
21065
21065
21065
21065
21065
21065
21065
21065
21065
21065
21065
21065
21065
21065
21065
21065
21065
21065
21065
21065
21065
21065
21065
21065
21065
21065
21065
21065
21065
21065
21065
21065
21065
21065
21065
21065
21065
21065
21065
21065
21065
21065
21065
21065
21065
21065
21065
21065
21065
21065
21065
21065
21065
21065
21065
21065
21065
21065
21065
21065
21065
21065
21065
21065
21065
21065
21065
21065
21065
21065
21065
21065
21065
21065
21065
21065
21065
21065
21065
21065
21065
21065
21065
21065
21065
21065
21065
21065
21065
21065
21065
21065
21065
21065
21065
21065
21065
21065
21065
21065
21065
21065
21065
21065
21065
21065
21065
21065
21065
21065
21065
21065
21065
21065
21065
21065
21065
21065
21065
21065
21065
21065
21065
21065
21065
21065
21065
21065
21065
21065
21065
21065
21065
21065
21065
21065
21065
21065
21065
21065
21065
21065
21065
21065
21065
21065
21065
21065
21065
21065
21065
21065
21065
21065
21065
21065
21065
21065
21065
21065
21065
21065
21065
21065
21065
21065
21065
21065
21065
21065
21065
21065
21065
21065
21065
21065
21065
21065
21065
21065
21065
21065
21065
21065
21065
21065
21065
21065
21065
21065
21065
21065
21065
21065
21065
21065
21065
21065
21065
21065
21065
21065
21065
21065
21065
21065
21065
21065
21065
21065
21065
21065
21065
21065
21065
21065
21065
21065
21065
21065
21065
21065
21065
21065
21065
21065
21065
21065
21065
21065
21065
21065
21065
21065
21065
21065
21065
21065
21065
21065
21065
21065
21065
21065
21065
21065
21065
21065
21065
21065
21065
21065
21065
21065
21065
21065
21065
21065
21065
21065
21065
21065
21065
21065
21065
21065
21065
21065
21065
21065
21065
21065
21065
21065
21065
21065
21065
21065
21065
21065
21065
21065
21065
21065
21065
21065
21065
21065
21065
21065
21065
21065
21065
21065
21065
21065
21065
21065
21065
21065
21065
21065
21065
21065
21065
21065
21065
21065
21065
21065
21065
21065
21065
21065
21065
21065
21065
21065
21065
21065
21065
21065
21065
21065
21065
21065
21065
21065
21065
21065
21065
21065
21065
21065
21065
21065
21065
21065
21065
21065
21065
21065
21065
21065
21065
21065
21065
21065
21065
21065
21065
21065
21065
21065
21065
21065
21065
21065
21065
21065
21065
21065
21065
21065
21065
21065
21065
21065
21065
21065
21065
21065
21065
21065
21065
21065
21065
21065
21065
21065
21065
21065
21065
21065
21065
21065
21065
21065
21065
21065
21065
21065
21065
21065
21065
21065
21065
21065
21065
21065
21065
21065
21065
21065
21065
21065
21065
21065
21065
21065
21065
21065
21065
21065
21065
21065
21065
21065
21065
21065
21065
21065
21065
21065
21065
21065
21065
21065
21065
21065
21065
21065
21065
21065
21065
21065
21065
21065
21065
21065
21065
21065
21065
21065
21065
21065
21065
21065
21065
21065
21065
21065
21065
21065
21065
21065
21065
21065
21065
21065
21065
21065
21065
21065
21065
21065
21065
21065
21065
21065
21065
21065
21065
21065
21065
21065
21065
21065
21065
21065
21065
21065
21065
21065
21065
21065
21065
21065
21065
21065
21065
21065
21065
21065
21065
21065
21065
21065
21065
21065
21065
21065
21065
21065
21065
21065
21065
21065
21065
21065
21065
21065
21065
21065
21065
21065
21065
21065
21065
21065
21065
21065
21065
21065
21065
21065
21065
21065
21065
21065
21065
21065
21065
21065
21065
21065
21065
21065
21065
21065
21065
21065
21065
21065
21065
21065
21065
21065
21065
21065
21065
21065
21065
21065
21065
21065
21065
21065
21065
21065
21065
21065
21065
21065
21065
21065
21065
21065
21065
21065
21065
21065
21065
21065
21065
21065
21065
21065
21065
21065
21065
21065
21065
21065
21065
21065
21065
21065
21065
21065
21065
21065
21065
21065
21065
21065
21065
21065
21065
21065
21065
21065
21065
21065
21065
21065
21065
21065
21065
21065
21065
21065
21065
21065
21065
21065
21065
21065
21065
21065
21065
21065
21065
21065
21065
21065
21065
21065
21065
21065
21065
21065
21065
21065
21065
21065
21065
21065
21065
21065
21065
21065
21065
21065
21065
21065
21065
21065
21065
21065
21065
21065
21065
21065
21065
21065
21065
21065
21065
21065
21065
21065
21065
21065
21065
21065
21065
21065
21065
21065
21065
21065
21065
21065
21065
21065
21065
21065
21065
21065
21065
21065
21065
21065
21065
21065
21065
21065
21065
21065
21065
21065
21065
21065
21065
21065
21065
21065
21065
21065
21065
21065
21065
21065
21065
21065
21065
21065
21065
21065
21065
21065
21065
21065
21065
21065
21065
21065
21065
21065
21065
21065
21065
21065
21065
21065
21065
21065
21065
21065
21065
21065
21065
21065
21065
21065
21065
21065
21065
21065
21065
21065
21065
21065
21065
21065
21065
21065
21065
21065
21065
21065
21065
21065
21065
21065
21065
21065
21065
21065
21065
21065
21065
21065
21065
21065
21065
21065
21065
21065
21065
21065
21065
21065
21065
21065
21065
21065
21065
21065
21065
21065
21065
21065
21065
21065
21065
21065
21065
21065
21065
21065
21065
21065
21065
21065
21065
21065
21065
21065
21065
21065
21065
21065
21065
21065
21065
21065
21065
21065
21065
21065
21065
21065
21065
21065
21065
21065
21065
21065
21065
21065
21065
21065
21065
21065
21065
21065
21065
21065
21065
21065
21065
21065
21065
21065
21065
21065
21065
21065
21065
21065
21065
21065
21065
21065
21065
21065
21065
21065
21065
21065
21065
21065
21065
21065
21065
21065
21065
21065
21065
21065
21065
21065
21065
21065
21065
21065
21065
21065
21065
21065
21065
21065
21065
21065
21065
21065
21065
21065
21065
21065
21065
21065
21065
21065
21065
21065
21065
21065
21065
21065
21065
21065
21065
21065
21065
21065
21065
21065
21065
21065
21065
21065
21065
21065
21065
21065
21065
21065
21065
21065
21065
21065
21065
21065
21065
21065
21065
21065
21065
21065
21065
21065
21065
21065
21065
21065
21065
21065
21065
21065
21065
21065
21065
21065
21065
21065
21065
21065
21065
21065
21065
21065
21065
21065
21065
21065
21065
21065
21065
21065
21065
21065
21065
21065
21065
21065
21065
21065
21065
21065
21065
21065
21065
21065
21065
21065
21065
21065
21065
21065
21065
21065
21065
21065
21065
21065
21065
21065
21065
21065
21065
21065
21065
21065
21065
21065
21065
21065
21065
21065
21065
21065
21065
21065
21065
21065
21065
21065
21065
21065
21065
21065
21065
21065
21065
21065
21065
21065
21065
21065
21065
21065
21065
21065
21065
21065
21065
21065
21065
21065
21065
21065
21065
21065
21065
21065
21065
21065
21065
21065
21065
21065
21065
21065
21065
21065
21065
21065
21065
21065
21065
21065
21065
21065
21065
21065
21065
21065
21065
21065
21065
21065
21065
21065
21065
21065
21065
21065
21065
21065
21065
21065
21065
21065
21065
21065
21065
21065
21065
21065
21065
21065
21065
21065
21065
21065
21065
21065
21065
21065
21065
21065
21065
21065
21065
21065
21065
21065
21065
21065
21065
21065
21065
21065
21065
21065
21065
21065
21065
21065
21065
21065
21065
21065
21065
21065
21065
21065
21065
21065
21065
21065
21065
21065
21065
21065
21065
21065
21065
21065
21065
21065
21065
21065
21065
21065
21065
21065
21065
21065
21065
21065
21065
21065
21065
21065
21065
21065
21065
21065
21065
21065
21065
21065
21065
21065
21065
21065
21065
21065
21065
21065
21065
21065
21065
21065
21065
21065
21065
21065
21065
21065
21065
21065
21065
21065
21065
21065
21065
21065
21065
21065
21065
21065
21065
21065
21065
21065
21065
21065
21065
21065
21065
21065
21065
21065
21065
21065
21065
21065
21065
21065
21065
21065
21065
21065
21065
21065
21065
21065
21065
21065
21065
21065
21065
21065
21065
21065
21065
21065
21065
21065
21065
21065
21065
21065
21065
21065
21065
21065
21065
21065
21065
21065
21065
21065
21065
21065
21065
21065
21065
21065
21065
21065
21065
21065
21065
21065
21065
21065
21065
21065
21065
21065
21065
21065
21065
21065
21065
21065
21065
21065
21065
21065
21065
21065
21065
21065
21065
21065
21065
21065
21065
21065
21065
21065
21065
21065
21065
21065
21065
21065
21065
21065
21065
21065
21065
21065
21065
21065
21065
21065
21065
21065
21065
21065
21065
21065
21065
21065
21065
21065
21065
21065
21065
21065
21065
21065
21065
21065
21065
21065
21065
21065
21065
21065
21065
21065
21065
21065
21065
21065
21065
21065
21065
21065
21065
21065
21065
21065
21065
21065
21065
21065
21065
21065
21065
21065
21065
21065
21065
21065
21065
21065
21065
21065
21065
21065
21065
21065
21065
21065
21065
21065
21065
21065
21065
21065
21065
21065
21065
21065
21065
21065
21065
21065
21065
21065
21065
21065
21065
21065
21065
21065
21065
21065
21065
21065
21065
21065
21065
21065
21065
21065
21065
21065
21065
21065
21065
21065
21065
21065
21065
21065
21065
21065
21065
21065
21065
21065
21065
21065
21065
21065
21065
21065
21065
21065
21065
21065
21065
21065
21065
21065
21065
21065
21065
21065
21065
21065
21065
21065
21065
21065
21065
21065
21065
21065
21065
21065
21065
21065
21065
21065
21065
21065
21065
21065
21065
21065
21065
21065
21065
21065
21065
21065
21065
21065
21065
21065
21065
21065
21065
21065
21065
21065
21065
21065
21065
21065
21065
21065
21065
21065
21065
21065
21065
21065
21065
21065
21065
21065
21065
21065
21065
21065
21065
21065
21065
21065
21065
21065
21065
21065
21065
21065
21065
21065
21065
21065
21065
21065
21065
21065
21065
21065
21065
21065
21065
21065
21065
21065
21065
21065
21065
21065
21065
21065
21065
21065
21065
21065
21065
21065
21065
21065
21065
21065
21065
21065
21065
21065
21065
21065
21065
21065
21065
21065
21065
21065
21065
21065
21065
21065
21065
21065
21065
21065
21065
21065
21065
21065
21065
21065
21065
21065
21065
21065
21065
21065
21065
21065
21065
21065
21065
21065
21065
21065
21065
21065
21065
21065
21065
21065
21065
21065
21065
21065
21065
21065
21065
21065
21065
21065
21065
21065
21065
21065
21065
21065
21065
21065
21065
21065
21065
21065
21065
21065
21065
21065
21065
21065
21065
21065
21065
21065
21065
21065
21065
21065
21065
21065
21065
21065
21065
21065
21065
21065
21065
21065
21065
21065
21065
21065
21065
21065
21065
21065
21065
21065
21065
21065
21065
21065
21065
21065
21065
21065
21065
21065
21065
21065
21065
21065
21065
21065
21065
21065
21065
21065
21065
21065
21065
21065
21065
21065
21065
21065
21065
21065
21065
21065
21065
21065
21065
21065
21065
21065
21065
21065
21065
21065
21065
21065
21065
21065
21065
21065
21065
21065
21065
21065
21065
21065
21065
21065
21065
21065
21065
21065
21065
21065
21065
21065
21065
21065
21065
21065
21065
21065
21065
21065
21065
21065
21065
21065
21065
21065
21065
21065
21065
21065
21065
21065
21065
21065
21065
21065
21065
21065
21065
21065
21065
21065
21065
21065
21065
21065
21065
21065
21065
21065
21065
21065
21065
21065
21065
21065
21065
21065
21065
21065
21065
21065
21065
21065
21065
21065
21065
21065
21065
21065
21065
21065
21065
21065
21065
21065
21065
21065
21065
21065
21065
21065
21065
21065
21065
21065
21065
21065
21065
21065
21065
21065
21065
21065
21065
21065
21065
21065
21065
21065
21065
21065
21065
21065
21065
21065
21065
21065
21065
21065
21065
21065
21065
21065
21065
21065
21065
21065
21065
21065
21065
21065
21065
21065
21065
21065
21065
21065
21065
21065
21065
21065
21065
21065
21065
21065
21065
21065
21065
21065
21065
21065
21065
21065
21065
21065
21065
21065
21065
21065
21065
21065
21065
21065
21065
21065
21065
21065
21065
21065
21065
21065
21065
21065
21065
21065
21065
21065
21065
21065
21065
21065
21065
21065
21065
21065
21065
21065
21065
21065
21065
21065
21065
21065
21065
21065
21065
21065
21065
21065
21065
21065
21065
21065
21065
21065
21065
21065
21065
21065
21065
21065
21065
21065
21065
21065
21065
21065
21065
21065
21065
21065
21065
21065
21065
21065
21065
21065
21065
21065
21065
21065
21065
21065
21065
21065
21065
21065
21065
21065
21065
21065
21065
21065
21065
21065
21065
21065
21065
21065
21065
21065
21065
21065
21065
21065
21065
21065
21065
21065
21065
21065
21065
21065
21065
21065
21065
21065
21065
21065
21065
21065
21065
21065
21065
21065
21065
21065
21065
21065
21065
21065
21065
21065
21065
21065
21065
21065
21065
21065
21065
21065
21065
21065
21065
21065
21065
21065
21065
21065
21065
21065
21065
21065
21065
21065
21065
21065
21065
21065
21065
21065
21065
21065
21065
21065
21065
21065
21065
21065
21065
21065
21065
21065
21065
21065
21065
21065
21065
21065
21065
21065
21065
21065
21065
21065
21065
21065
21065
21065
21065
21065
21065
21065
21065
21065
21065
21065
21065
21065
21065
21065
21065
21065
21065
21065
21065
21065
21065
21065
21065
21065
21065
21065
21065
21065
21065
21065
21065
21065
21065
21065
21065
21065
21065
21065
21065
21065
21065
21065
21065
21065
21065
21065
21065
21065
21065
21065
21065
21065
21065
21065
21065
21065
21065
21065
21065
21065
21065
21065
21065
21065
21065
21065
21065
21065
21065
21065
21065
21065
21065
21065
21065
21065
21065
21065
21065
21065
21065
21065
21065
21065
21065
21065
21065
21065
21065
21065
21065
21065
21065
21065
21065
21065
21065
21065
21065
21065
21065
21065
21065
21065
21065
21065
21065
21065
21065
21065
21065
21065
21065
21065
21065
21065
21065
21065
21065
21065
21065
21065
21065
21065
21065
21065
21065
21065
21065
21065
21065
21065
21065
21065
21065
21065
21065
21065
21065
21065
21065
21065
21065
21065
21065
21065
21065
21065
21065
21065
21065
21065
21065
21065
21065
21065
21065
21065
21065
21065
21065
21065
21065
21065
21065
21065
21065
21065
21065
21065
21065
21065
21065
21065
21065
21065
21065
21065
21065
21065
21065
21065
21065
21065
21065
21065
21065
21065
21065
21065
21065
21065
21065
21065
21065
21065
21065
21065
21065
21065
21065
21065
21065
21065
21065
21065
21065
21065
21065
21065
21065
21065
21065
21065
21065
21065
21065
21065
21065
21065
21065
21065
21065
21065
21065
21065
21065
21065
21065
21065
21065
21065
21065
21065
21065
21065
21065
21065
21065
21065
21065
21065
21065
21065
21065
21065
21065
21065
21065
21065
21065
21065
21065
21065
21065
21065
21065
21065
21065
21065
21065
21065
21065
21065
21065
21065
21065
21065
21065
21065
21065
21065
21065
21065
21065
21065
21065
21065
21065
21065
21065
21065
21065
21065
21065
21065
21065
21065
21065
21065
21065
21065
21065
21065
21065
21065
21065
21065
21065
21065
21065
21065
21065
21065
21065
21065
21065
21065
21065
21065
21065
21065
21065
21065
21065
21065
21065
21065
21065
21065
21065
21065
21065
21065
21065
21065
21065
21065
21065
21065
21065
21065
21065
21065
21065
21065
21065
21065
21065
21065
21065
21065
21065
21065
21065
21065
21065
21065
21065
21065
21065
21065
21065
21065
21065
21065
21065
21065
21065
21065
21065
21065
21065
21065
21065
21065
21065
21065
21065
21065
21065
21065
21065
21065
21065
21065
21065
21065
21065
21065
21065
21065
21065
21065
21065
21065
21065
21065
21065
21065
21065
21065
21065
21065
21065
21065
21065
21065
21065
21065
21065
21065
21065
21065
21065
21065
21065
21065
21065
21065
21065
21065
21065
21065
21065
21065
21065
21065
21065
21065
21065
21065
21065
21065
21065
21065
21065
21065
21065
21065
21065
21065
21065
21065
21065
21065
21065
21065
21065
21065
21065
21065
21065
21065
21065
21065
21065
21065
21065
21065
21065
21065
21065
21065
21065
21065
21065
21065
21065
21065
21065
21065
21065
21065
21065
21065
21065
21065
21065
21065
21065
21065
21065
21065
21065
21065
21065
21065
21065
21065
21065
21065
21065
21065
21065
21065
21065
21065
21065
21065
21065
21065
21065
21065
21065
21065
21065
21065
21065
21065
21065
21065
21065
21065
21065
21065
21065
21065
21065
21065
21065
21065
21065
21065
21065
21065
21065
21065
21065
21065
21065
21065
21065
21065
21065
21065
21065
21065
21065
21065
21065
21065
21065
21065
21065
21065
21065
21065
21065
21065
21065
21065
21065
21065
21065
21065
21065
21065
21065
21065
21065
21065
21065
21065
21065
21065
21065
21065
21065
21065
21065
21065
21065
21065
21065
21065
21065
21065
21065
21065
21065
21065
21065
21065
21065
21065
21065
21065
21065
21065
21065
21065
21065
21065
21065
21065
21065
21065
21065
21065
21065
21065
21065
21065
21065
21065
21065
21065
21065
21065
21065
21065
21065
21065
21065
21065
21065
21065
21065
21065
21065
21065
21065
21065
21065
21065
21065
21065
21065
21065
21065
21065
21065
21065
21065
21065
21065
21065
21065
21065
21065
21065
21065
21065
21065
21065
21065
21065
21065
21065
21065
21065
21065
21065
21065
21065
21065
21065
21065
21065
21065
21065
21065
21065
21065
21065
21065
21065
21065
21065
21065
21065
21065
21065
21065
21065
21065
21065
21065
21065
21065
21065
21065
21065
21065
21065
21065
21065
21065
21065
21065
21065
21065
21065
21065
21065
21065
21065
21065
21065
21065
21065
21065
21065
21065
21065
21065
21065
21065
21065
21065
21065
21065
21065
21065
21065
21065
21065
21065
21065
21065
21065
21065
21065
21065
21065
21065
21065
21065
21065
21065
21065
21065
21065
21065
21065
21065
21065
21065
21065
21065
21065
21065
21065
21065
