0
0
0
0
0
0
0
0
0
0
0
0
0
0
0
0
0
0
0
0
0
0
0
0
0
0
0
0
0
0
0
0
0
0
0
0
0
0
0
0
0
0
0
0
0
0
0
0
0
0
0
0
0
0
0
0
0
0
0
0
0
0
0
0
0
0
0
0
0
0
0
0
0
0
0
0
0
0
0
0
0
0
0
0
0
0
0
0
0
0
0
0
0
0
0
0
0
0
0
0
0
0
0
0
0
0
0
0
0
0
0
0
0
0
0
1
2
1
1
2
1
2
0
3
1
0
3
3
2
2
2
47
715
10042
41783
116573
244893
367511
484275
606912
673616
606600
385963
149638
77568
53686
42865
36529
33964
33179
32600
32030
32185
33693
38935
45868
47540
43302
34709
30039
27967
27885
27768
28362
28701
28709
28216
27701
27536
26123
24289
23040
21716
20712
20059
18820
17847
17512
16322
15816
14867
14276
13885
13252
12861
12329
11939
11526
10900
10606
10187
10005
9768
9533
9354
9335
8861
9195
10224
12332
14356
14097
11630
9364
8210
7869
7475
7489
7313
7285
6985
7086
6927
7050
7866
13368
23182
34690
36147
26455
15043
9175
7052
6475
6034
5871
5780
5574
5558
5406
5484
5324
5471
5364
5195
5142
5124
5066
5044
5078
4995
5146
5552
5616
5483
5206
4806
4660
4600
4601
4551
4381
4388
4326
4357
4266
4329
4356
4369
4104
4081
4237
4361
4501
4854
5360
5370
4827
4331
3907
3842
3759
3840
3707
3658
3745
3743
3596
3488
3602
3578
3463
3517
3504
3571
3389
3535
3567
4173
5286
6104
6243
5051
4233
3446
3338
3127
3053
3149
3083
3106
3072
3093
3141
2972
2973
3000
2912
2976
2943
2984
2977
2823
2832
2786
2690
2819
2809
2787
2803
2838
2890
2828
2796
2871
2766
2726
2677
2664
2637
2611
2567
2836
3866
7408
12394
16215
14819
9570
5360
3552
2890
2780
2553
2509
2458
2462
2457
2415
2415
2390
2400
2399
2466
2370
2364
2335
2355
2232
2243
2246
2228
2274
2203
2245
2266
2244
2293
2211
2270
2217
2313
2307
2243
2175
2166
2090
1902
2025
2052
2005
1964
1958
1945
2018
2039
2055
2023
2100
2168
2292
2443
2541
2359
2153
2014
1977
1902
1964
2027
2394
2891
3193
2847
2470
2073
1943
1878
1851
1859
1860
1946
1926
1828
1920
1878
1956
1920
1832
1838
1903
1879
1893
1822
1905
1843
1785
1824
1782
1878
1889
1823
1778
1788
1767
1851
1812
1830
1934
1886
1827
1841
1796
1743
1797
1773
1725
1758
1747
1771
1739
1744
1707
1725
1782
2040
2031
2049
1957
1890
1846
1748
1706
1768
1895
2334
3212
5210
6005
5639
4065
2703
2041
1879
1753
1743
1794
1751
1788
1892
2120
2666
3517
3720
3246
2628
2068
1786
1806
2013
2387
2851
2954
2646
2119
1891
1724
1623
1717
1791
1735
1830
1813
1803
1828
1736
1837
1957
1955
1982
2203
2428
2270
2064
1857
1736
1636
1663
1622
1706
1803
1877
1806
1729
1652
1638
1584
1616
2011
2832
3282
3500
2881
2272
1722
1670
1573
1548
1507
1493
1539
1548
1427
1562
1536
1523
1570
1542
1465
1455
1489
1430
1484
1466
1448
1481
1503
1501
1451
1500
1546
1653
1786
1824
1780
1633
1549
1454
1405
1476
1462
1426
1466
1610
1717
1738
1720
1628
1532
1495
1369
1387
1447
1404
1460
1420
1385
1400
1326
1329
1339
1394
1364
1284
1361
1380
1373
1477
1400
1401
1358
1292
1399
1284
1326
1303
1288
1297
1342
1311
1374
1404
1382
1357
1386
1478
1512
1546
1365
1317
1288
1240
1251
1314
1315
1319
1332
1392
1368
1288
1260
1214
1193
1223
1207
1147
1299
1287
1334
1289
1296
1195
1288
1219
1302
1237
1159
1106
1145
1055
1066
1095
1124
1110
1115
1068
1230
1595
2252
3007
3275
2797
1924
1583
1662
2226
2699
2981
2496
1935
1332
1123
1019
1026
1094
1086
1031
1036
1044
1108
1118
1094
1115
1124
1063
1019
1010
1010
1046
974
1029
1021
1048
967
992
987
1023
1233
1377
1571
1593
1347
1158
1071
1090
1215
1391
1520
1725
2489
4411
6504
7540
6336
3976
2152
1361
1079
999
1005
967
989
976
970
958
1016
1020
1001
1134
1210
1360
1395
1323
1212
1071
1171
1499
2109
2845
2827
2300
1606
1245
1082
1124
1182
1254
1382
1605
1549
1550
1505
1550
1552
1315
1226
1175
1462
1836
2088
2013
1635
1216
987
913
800
831
923
846
907
1108
1320
1451
1465
1267
1150
1205
1235
1230
1030
1016
864
846
832
908
867
890
885
793
897
1007
1470
2618
3909
4343
3702
2351
1466
1066
941
816
820
875
802
895
967
1015
1097
913
917
860
852
830
778
762
784
804
817
788
850
794
825
854
817
929
1118
1791
3486
6244
7884
7440
4815
2765
1523
1055
956
892
827
849
837
863
839
806
812
748
779
815
777
826
810
833
819
815
729
688
727
795
833
1027
1284
1390
1269
1132
917
938
1077
1119
1047
973
876
761
786
841
894
1030
1234
1546
1635
1452
1132
900
734
704
710
690
743
750
733
666
708
717
692
717
707
671
723
674
693
705
731
671
719
640
704
681
717
713
700
666
669
683
659
634
656
677
681
684
728
685
655
657
636
664
652
661
638
625
675
700
772
715
735
743
770
950
1360
2271
3239
3531
2797
1900
1195
822
789
700
693
702
675
671
686
670
637
714
694
750
717
695
685
644
675
643
638
672
751
754
704
682
629
635
575
571
563
637
575
616
606
576
575
592
629
628
591
518
541
588
557
587
599
588
598
641
769
789
743
690
622
617
580
588
561
620
580
571
547
584
658
702
656
701
645
644
689
853
1060
1191
1151
1035
1000
1054
1170
1387
1358
1213
996
761
634
633
613
605
616
601
603
599
555
573
578
587
551
614
612
656
670
669
657
691
708
710
654
615
606
610
592
691
614
602
639
642
709
872
911
878
855
718
640
542
556
563
565
628
555
538
571
548
520
546
521
519
485
482
521
524
529
570
653
787
793
721
647
554
551
576
528
596
558
592
612
643
632
646
644
634
683
656
611
604
550
618
582
579
580
539
493
503
524
512
576
650
769
774
876
740
648
575
551
543
479
481
503
493
524
569
552
533
546
508
533
560
559
652
628
609
534
523
569
647
802
890
862
702
623
524
539
573
594
626
669
776
906
928
862
688
602
529
550
645
731
779
681
609
554
487
478
498
506
487
509
540
574
483
545
499
534
456
441
442
521
411
456
471
530
505
575
535
465
484
461
482
502
415
458
506
427
494
501
456
513
488
489
532
481
475
488
462
451
428
425
410
440
506
468
459
428
454
416
468
446
508
591
592
566
494
508
484
451
460
382
455
395
462
470
465
484
554
529
499
506
470
433
473
436
444
430
426
423
390
438
445
475
548
547
467
476
401
442
470
412
429
430
448
431
511
644
1005
1383
1838
1946
1480
1007
739
570
490
443
503
479
536
703
1040
1514
1827
1637
1211
851
577
511
455
475
445
478
450
482
468
460
547
559
716
801
741
593
512
435
420
384
424
436
397
367
376
402
411
398
359
397
442
391
388
377
390
414
432
435
398
370
366
398
415
365
342
371
367
381
403
413
408
385
388
370
389
346
344
385
392
404
452
563
615
638
539
480
414
419
373
398
390
423
440
409
420
423
364
369
399
407
343
346
401
412
378
357
374
398
352
415
388
391
418
489
433
446
405
385
370
370
402
335
339
360
386
375
381
397
380
396
397
411
420
537
574
625
621
537
526
487
430
418
434
432
386
375
381
344
345
369
383
406
422
389
404
404
429
527
583
672
721
696
474
437
387
341
316
331
398
338
374
355
363
357
342
369
400
424
477
500
468
444
444
414
436
362
320
368
321
379
314
352
388
420
359
368
364
353
334
334
329
354
351
385
392
346
370
336
319
331
346
372
388
332
352
359
332
282
340
368
360
360
463
670
867
1153
1300
1101
786
529
382
354
314
322
325
328
315
315
347
332
328
332
313
288
291
311
293
285
298
285
310
280
322
281
320
341
286
308
318
325
322
321
350
325
317
348
306
291
297
337
306
331
302
324
346
450
562
850
1080
1173
1032
746
526
399
333
296
343
310
287
323
308
318
333
303
289
315
298
309
261
310
287
280
319
281
293
316
320
314
319
360
376
489
560
528
483
439
383
329
276
304
286
287
251
265
264
300
303
293
282
281
283
305
301
330
397
362
428
365
377
347
325
327
310
306
322
290
316
316
294
307
307
336
336
331
306
324
306
354
425
463
558
504
511
490
502
515
400
380
324
340
376
338
311
340
397
344
351
364
317
308
264
267
304
279
299
258
257
269
268
284
274
309
296
322
312
315
339
422
462
419
453
394
368
368
331
303
290
294
289
290
289
269
257
273
271
272
282
306
309
297
298
269
231
241
239
292
306
307
303
327
312
292
251
282
273
268
306
292
358
397
485
610
812
918
939
854
632
474
361
316
301
299
306
294
290
302
290
293
267
280
292
296
330
348
289
287
272
262
255
259
275
257
250
234
266
223
269
242
230
252
263
235
232
220
270
247
241
247
241
250
236
257
226
250
261
258
225
246
270
247
230
242
283
238
247
265
263
374
385
476
463
477
359
323
268
260
235
226
246
234
222
227
237
232
221
243
245
236
239
228
230
247
260
262
272
303
334
329
310
277
238
242
232
266
260
249
243
286
263
279
284
253
264
235
226
254
254
250
238
253
244
269
232
250
293
291
277
243
264
270
266
255
272
260
281
243
252
252
288
250
249
290
314
323
336
266
275
238
233
254
272
264
303
286
253
270
251
283
252
352
366
391
412
380
404
372
426
381
328
329
349
441
557
719
692
607
508
426
383
333
321
268
227
234
235
232
215
237
238
257
221
216
232
239
256
240
260
255
208
251
240
240
240
243
238
229
233
245
280
284
235
247
275
257
239
292
279
275
275
279
277
274
256
295
283
300
298
277
295
295
309
299
369
354
317
290
279
246
254
250
262
276
320
298
318
364
336
372
361
351
284
260
269
240
243
237
255
222
259
222
240
199
213
226
251
231
263
258
255
264
236
271
246
287
260
290
227
224
235
249
232
218
220
200
191
197
206
208
211
218
207
217
209
200
198
243
226
198
214
203
173
187
209
199
211
234
221
232
204
215
228
196
206
200
201
198
228
203
200
239
234
218
236
257
240
213
181
205
216
228
274
273
295
329
286
283
269
258
251
270
303
329
296
261
273
253
226
237
184
206
219
221
189
206
206
225
215
232
215
233
203
224
229
202
213
229
184
221
200
187
194
189
211
220
207
218
202
192
206
230
160
215
189
199
216
238
237
256
246
221
244
208
222
239
264
268
283
257
212
223
210
210
196
207
201
203
231
233
242
239
253
246
228
233
279
262
323
350
361
276
246
226
206
186
221
234
233
357
665
1125
1407
1264
944
461
307
264
213
229
234
209
234
193
203
225
209
197
220
180
187
206
200
191
192
201
204
192
215
199
210
206
210
238
201
291
274
359
352
334
342
350
405
464
504
524
438
334
273
223
215
201
218
215
206
217
199
236
239
224
230
254
195
229
196
230
194
231
232
220
267
284
284
268
236
205
220
215
254
244
258
247
234
209
256
266
329
351
306
283
231
208
201
202
170
214
163
171
183
190
195
221
250
199
205
205
186
198
194
189
185
176
175
212
196
174
198
222
203
203
200
204
177
196
210
158
191
169
172
187
166
177
189
196
192
205
240
204
192
171
213
191
200
215
222
260
288
241
217
233
254
282
249
254
230
223
174
176
188
180
198
183
191
178
180
168
170
172
201
130
175
153
187
183
203
220
210
201
192
158
168
195
178
148
139
150
150
161
182
154
169
157
204
199
251
260
265
272
222
242
227
250
195
172
186
193
193
186
198
175
140
152
153
179
193
155
148
171
165
171
161
165
187
193
193
180
213
191
220
215
184
156
172
145
192
168
202
231
226
266
280
321
372
318
327
280
209
165
146
159
169
169
178
178
163
154
145
169
155
181
156
153
147
142
151
155
120
141
147
156
113
137
160
150
153
145
152
142
143
161
156
183
200
228
244
218
199
193
173
179
151
170
179
170
221
220
217
264
245
265
287
245
279
284
306
382
487
656
792
761
636
468
332
267
208
164
148
119
152
141
147
144
133
151
156
161
160
202
209
223
208
191
174
174
155
144
151
132
145
169
182
163
170
167
178
165
156
156
172
170
152
156
161
142
133
164
146
169
151
167
173
177
189
175
155
139
154
126
130
138
136
114
147
129
112
146
117
118
133
140
137
132
112
157
141
153
136
176
134
168
209
210
183
197
155
161
131
129
188
153
128
150
170
160
179
200
220
216
188
192
173
175
194
204
248
246
250
233
198
161
158
140
144
131
149
151
172
165
142
138
124
140
133
133
127
154
157
127
137
149
141
133
139
120
120
133
140
117
130
111
120
108
128
112
134
115
131
120
109
123
143
139
105
120
121
141
117
133
121
114
127
107
134
135
131
126
131
109
138
142
135
131
104
120
125
126
140
121
138
167
180
201
252
252
220
272
306
235
204
227
206
168
152
157
139
164
159
124
165
162
129
167
147
148
142
157
182
171
140
151
139
122
119
137
142
165
138
147
170
170
146
128
128
127
121
116
106
124
145
125
109
111
147
139
136
147
150
146
146
149
143
130
121
113
138
117
132
117
124
124
124
150
156
163
195
181
171
145
145
123
116
112
145
97
112
109
108
100
120
120
107
112
104
129
121
149
136
174
197
196
227
242
197
200
156
146
103
109
98
110
102
120
118
138
120
116
122
142
105
112
121
102
108
125
119
116
135
115
114
112
101
111
100
106
125
104
109
126
120
116
100
133
115
133
121
141
151
139
132
125
130
95
121
123
109
109
117
111
100
103
137
102
117
119
136
160
179
179
153
156
145
167
183
220
275
282
275
222
186
142
128
91
93
106
109
98
86
105
100
101
95
108
88
101
114
113
101
101
96
102
99
97
100
108
97
102
102
102
119
100
114
129
80
115
134
99
136
139
140
137
130
177
163
130
142
124
131
90
114
101
118
114
122
148
157
135
135
126
115
117
102
109
100
106
112
101
108
122
114
116
95
123
105
115
107
129
134
128
117
107
96
104
73
89
87
75
94
85
88
97
93
108
96
84
86
111
104
136
153
160
159
157
134
125
131
82
104
99
98
104
94
105
96
115
104
106
116
115
123
127
105
118
109
99
112
107
99
100
112
113
115
95
107
128
94
93
89
109
115
107
99
97
103
111
119
103
118
131
122
153
151
148
163
158
129
102
114
108
119
104
99
101
101
101
95
74
88
87
88
92
94
110
103
91
94
92
104
94
104
121
129
120
129
142
139
140
140
145
148
112
136
121
103
92
113
80
92
92
94
74
73
87
90
113
89
88
116
96
107
104
95
98
89
108
97
96
97
87
83
107
91
89
78
85
86
72
102
74
100
74
96
80
88
93
97
110
97
111
133
98
99
131
102
95
124
117
120
134
102
119
103
95
103
96
107
120
127
120
139
108
121
90
109
105
104
122
114
109
130
127
97
91
85
84
78
77
87
85
72
92
95
99
78
91
108
81
76
77
69
90
82
91
85
93
88
99
113
87
100
92
89
69
85
73
77
85
73
83
86
81
65
90
81
74
84
91
112
107
110
109
99
89
87
94
119
100
90
108
109
113
126
146
166
156
120
103
96
76
76
66
94
91
90
80
97
87
90
99
94
74
85
100
81
93
76
84
65
70
67
76
84
82
78
103
91
78
73
99
75
70
79
69
72
72
89
71
79
80
85
88
105
99
94
85
100
119
133
159
209
224
221
224
243
177
130
115
93
73
87
71
94
95
76
81
78
87
85
90
85
96
103
109
125
104
105
78
110
92
89
94
83
100
91
85
82
83
77
81
84
84
80
97
107
87
94
104
84
85
90
84
86
68
76
72
93
68
85
82
61
60
77
87
72
92
80
75
99
81
86
79
78
99
75
74
99
116
100
117
101
115
110
77
73
67
90
86
75
77
77
60
79
60
58
74
66
63
88
72
63
63
73
72
54
67
65
81
80
78
87
86
101
100
92
108
123
117
105
92
99
85
69
83
70
79
69
67
62
66
68
79
59
61
58
63
56
75
73
63
53
79
59
70
53
76
75
59
53
53
64
73
69
52
63
50
53
56
55
78
56
63
62
62
61
54
59
66
63
67
59
51
71
60
57
55
53
58
63
72
77
58
48
71
68
75
56
73
72
73
76
70
78
84
67
59
80
70
69
61
52
56
60
51
54
44
61
50
55
63
62
68
64
61
68
61
60
53
60
50
45
44
40
48
58
35
46
41
60
50
48
43
47
44
45
48
54
57
54
42
59
52
59
61
57
74
59
46
50
58
54
68
55
60
69
59
57
66
77
72
61
54
68
47
60
64
51
56
68
52
53
59
90
75
91
122
136
163
142
158
107
99
76
63
59
58
55
63
36
46
44
45
56
52
60
65
91
91
86
90
85
69
61
68
53
70
86
105
147
196
267
299
303
290
219
160
105
87
53
43
63
50
52
48
51
49
50
50
58
79
71
84
90
90
82
72
74
67
54
51
48
47
55
57
43
46
68
60
74
64
64
69
63
52
52
54
60
55
58
43
58
55
51
39
54
47
69
101
108
124
144
141
157
111
108
80
79
70
60
62
40
54
41
37
44
45
47
38
42
46
42
43
39
33
41
51
45
38
44
44
47
37
43
53
51
43
57
56
58
46
34
47
35
41
33
44
41
40
33
32
35
44
38
39
32
46
32
38
44
50
44
31
40
49
50
48
35
41
40
41
37
27
54
38
49
44
46
36
42
55
37
36
54
46
40
30
38
48
38
36
39
36
36
44
42
40
34
55
50
56
55
74
104
109
136
127
112
90
78
61
38
46
51
30
37
37
45
34
35
30
25
34
31
44
38
29
43
46
33
38
50
35
38
54
65
67
88
96
77
63
57
47
41
36
33
48
44
36
33
37
40
36
36
52
32
53
33
41
34
48
28
38
41
35
41
43
38
29
28
42
33
31
37
29
38
42
41
39
38
45
42
39
27
36
33
37
37
36
28
44
26
38
34
33
44
39
35
39
35
31
38
36
31
43
40
47
42
59
60
50
60
79
79
76
85
58
41
40
41
42
36
25
37
49
32
28
33
29
31
34
28
37
30
38
28
33
46
39
43
47
38
47
35
41
44
26
34
29
34
36
35
27
29
24
30
30
41
23
32
35
31
35
33
41
39
36
26
21
31
32
42
36
41
32
22
31
15
27
28
28
25
19
35
26
26
22
20
25
37
22
24
34
27
26
36
21
23
26
20
25
25
40
24
30
30
28
30
26
33
24
21
29
27
28
26
31
29
24
32
29
33
18
37
36
47
36
65
69
74
63
52
32
35
23
35
20
32
28
19
23
21
17
35
14
22
32
26
24
21
19
27
29
26
20
17
20
18
26
19
20
27
27
18
28
28
28
21
19
27
27
21
29
32
22
22
30
15
21
34
23
25
22
22
29
21
19
32
13
28
20
22
14
16
19
27
31
31
45
36
39
56
58
62
60
55
59
44
38
30
29
32
36
18
16
23
27
14
25
25
16
16
14
26
23
17
18
19
14
23
27
13
23
24
14
18
18
18
23
17
24
15
19
23
19
13
26
41
21
27
20
26
25
15
27
23
24
11
19
22
17
13
19
14
20
18
20
22
25
30
55
54
68
96
126
138
130
141
117
91
53
44
31
37
21
22
24
19
17
32
23
19
29
30
18
29
19
28
27
20
23
21
24
19
22
22
22
18
17
21
14
14
14
7
26
21
21
20
19
25
16
20
22
15
26
11
20
9
19
18
22
20
22
20
21
17
20
21
15
16
14
22
11
17
24
12
19
15
20
17
18
10
16
16
24
20
16
14
25
18
17
9
13
24
12
19
17
5
15
19
13
23
20
18
22
15
22
21
19
22
13
24
23
12
26
29
25
43
36
28
44
33
31
31
30
23
22
12
12
8
24
18
17
20
29
18
9
17
18
12
12
16
15
18
14
15
23
16
15
16
15
10
19
13
14
14
12
14
19
14
14
14
15
16
15
15
12
13
17
10
16
11
28
11
13
18
21
12
12
22
20
12
17
12
15
21
18
18
12
18
14
10
24
12
12
25
20
11
14
21
21
8
14
11
11
10
16
8
16
13
8
18
9
17
26
21
15
7
11
19
17
18
19
19
20
18
22
20
19
23
14
13
18
18
13
12
10
16
13
23
14
14
19
15
16
20
18
13
17
20
10
13
11
9
11
5
8
10
12
14
10
14
15
15
14
18
16
18
12
12
10
8
10
21
15
11
16
10
11
15
8
15
10
13
6
11
13
11
13
16
10
13
17
9
15
9
18
13
19
22
14
18
23
14
22
19
18
18
15
13
17
20
6
18
15
17
12
8
13
11
18
10
11
17
11
16
10
15
13
12
8
10
11
13
17
18
16
15
17
11
15
11
15
11
14
19
22
22
18
25
18
8
13
11
12
13
7
10
4
5
13
8
7
10
11
8
8
7
7
10
10
18
8
12
7
9
11
10
12
11
13
6
13
12
16
12
10
5
9
14
8
11
10
6
15
17
10
11
6
8
18
12
12
4
11
12
4
11
4
11
9
8
10
8
11
5
14
9
9
15
9
20
11
7
12
16
13
18
12
16
8
13
11
10
15
12
18
17
22
32
49
51
49
52
52
39
21
23
17
18
14
10
7
9
14
14
10
8
13
15
7
10
11
11
15
9
10
16
15
17
12
9
12
14
8
15
14
10
13
8
19
9
13
9
9
7
11
6
9
14
12
3
8
11
15
7
16
10
8
9
5
8
2
11
8
8
10
10
7
7
6
7
9
7
9
8
6
10
9
10
6
8
9
7
7
11
11
6
11
13
12
8
12
11
6
12
6
7
12
6
5
5
7
8
2
9
5
9
5
7
14
9
8
7
10
2
9
10
7
10
8
9
10
7
10
7
8
9
4
8
6
4
6
5
11
5
5
6
9
6
8
8
16
8
5
8
5
13
15
9
14
9
16
8
14
4
10
12
7
6
9
6
4
8
7
8
9
6
8
7
6
4
5
5
8
5
10
7
7
6
3
7
12
18
11
10
16
17
22
30
36
21
30
30
16
11
6
11
10
10
8
7
6
14
7
8
8
8
12
8
6
9
10
6
10
3
9
4
4
11
9
5
6
4
7
8
6
4
3
3
5
5
6
3
7
10
5
5
12
7
5
4
2
7
4
3
4
8
6
8
5
10
15
9
6
4
9
6
3
6
5
6
10
9
6
5
6
8
8
5
4
6
3
11
7
3
6
12
5
10
12
11
10
4
9
8
6
9
8
6
7
11
9
7
14
11
10
13
10
9
15
6
7
9
7
12
6
10
8
4
7
7
6
12
11
5
2
10
8
7
8
9
10
4
6
7
4
8
7
8
6
7
8
2
5
11
5
5
6
11
8
6
9
5
7
8
6
5
5
3
5
4
3
11
7
6
6
3
9
10
3
7
6
6
5
8
4
7
13
5
6
2
7
8
6
7
8
5
6
6
11
12
7
3
5
2
7
7
11
3
6
6
8
4
8
7
6
7
7
2
4
6
2
4
7
11
6
5
5
7
2
9
7
6
5
4
5
7
2
6
3
4
7
12
4
8
3
11
5
4
4
13
7
3
3
4
4
5
3
2
5
9
8
6
3
10
5
6
5
5
1
4
5
5
4
9
3
6
7
6
4
2
7
7
8
7
6
7
3
6
7
5
7
4
5
9
5
6
6
9
6
8
6
7
3
9
6
6
2
10
2
5
4
6
4
4
3
1
4
8
8
6
5
4
2
7
3
5
1
4
10
7
8
6
8
6
6
9
7
3
7
6
1
3
3
3
4
3
8
2
8
9
8
6
8
6
5
3
5
6
3
4
4
8
3
3
5
3
4
3
5
1
3
5
5
2
5
3
4
5
4
7
6
6
5
4
1
9
3
4
6
3
6
4
5
4
3
6
4
10
4
6
2
5
10
1
4
3
4
11
4
8
1
6
2
8
4
5
2
5
9
3
2
5
4
5
11
7
3
4
4
3
4
4
4
5
5
6
5
12
4
5
6
9
5
7
3
8
8
7
6
7
4
4
9
7
5
5
3
3
5
6
7
7
5
2
9
5
5
4
5
7
2
0
6
5
5
3
5
5
10
5
2
5
4
6
5
2
3
4
1
7
5
7
3
7
4
2
4
8
2
1
4
4
11
5
4
5
9
7
5
11
5
3
6
6
5
4
5
4
4
9
4
2
8
8
8
6
5
6
8
7
3
3
5
5
3
3
3
7
9
5
7
8
3
6
6
6
4
3
6
5
4
6
5
4
4
6
6
8
7
4
5
6
3
5
3
7
2
4
4
3
4
5
9
4
5
4
6
7
2
3
3
3
2
3
3
11
2
5
3
3
5
7
5
4
4
10
5
7
4
4
4
2
8
2
4
3
2
7
6
3
1
2
8
7
2
7
8
3
7
2
4
9
5
10
5
3
6
3
5
3
3
3
4
6
4
8
7
6
4
4
3
7
6
2
5
2
4
5
6
7
10
3
3
4
5
4
4
0
5
5
4
2
2
2
8
4
7
2
0
2
6
3
6
6
0
5
4
5
3
5
5
4
3
5
5
4
4
3
5
2
6
6
3
3
6
5
3
10
5
3
3
5
8
3
2
5
5
7
7
6
3
3
2
8
5
3
3
1
1
1
7
5
1
3
4
3
6
5
3
2
0
8
4
2
6
5
7
2
5
5
0
5
5
1
3
6
3
3
3
6
4
3
9
1
6
3
4
2
5
5
5
2
3
5
4
7
5
6
4
4
2
6
5
5
2
1
3
1
2
3
2
3
3
3
4
6
3
3
4
7
4
3
4
7
5
6
4
3
4
7
5
8
6
4
4
5
5
1
4
6
4
5
8
4
3
3
4
2
5
3
5
1
2
2
5
7
3
4
3
9
1
2
4
6
1
7
6
4
4
6
3
5
2
5
3
6
5
2
2
2
7
3
4
4
7
2
5
6
7
2
3
1
3
7
5
4
1
5
2
5
2
4
4
3
6
4
2
4
6
7
4
4
6
6
2
2
6
2
5
4
5
5
4
8
4
6
1
3
4
3
1
5
1
4
2
6
9
7
5
10
9
5
0
1
6
8
7
3
7
1
2
4
3
2
1
2
4
1
4
4
3
4
2
2
4
0
3
4
1
2
2
3
5
2
7
5
4
1
3
6
3
4
3
5
5
4
5
6
2
3
1
6
3
1
4
3
7
4
4
1
8
5
2
7
5
3
3
1
3
6
7
8
1
4
5
4
2
3
3
2
4
1
0
0
4
3
4
4
3
3
2
1
3
4
3
3
3
4
2
1
0
5
4
5
3
5
3
3
5
1
6
2
3
6
4
1
3
5
2
3
3
5
2
4
4
5
2
2
2
2
7
9
3
2
5
1
8
8
5
3
4
3
2
5
2
3
4
6
5
3
3
0
4
4
4
5
3
6
2
0
3
5
6
6
4
5
4
4
2
7
2
2
7
3
4
1
4
4
5
5
1
3
6
2
1
8
3
5
2
4
2
2
4
4
4
5
2
5
1
5
1
4
1
6
2
2
5
3
4
3
3
3
7
6
9
1
2
4
1
4
5
3
1
3
3
3
4
4
5
4
6
2
3
4
1
5
1
3
2
4
2
3
3
2
3
2
2
5
3
5
8
4
3
3
4
3
5
3
4
1
1
1
4
1
5
3
1
4
2
7
2
10
5
6
5
1
3
3
0
6
3
2
8
1
7
2
2
4
1
3
2
3
5
0
2
5
3
3
4
3
4
7
5
1
0
2
6
4
5
2
1
4
7
5
3
3
2
7
0
3
4
6
4
1
3
3
3
5
5
4
2
6
3
4
4
2
3
3
1
3
4
1
3
1
7
7
3
5
4
4
6
6
4
6
6
2
6
5
5
2
4
4
4
8
5
4
8
3
2
5
2
5
4
2
5
2
2
4
1
4
1
4
3
3
3
2
6
7
1
5
5
2
3
0
6
3
3
3
5
1
2
4
5
3
2
4
6
2
3
4
4
6
6
2
0
2
6
3
5
3
4
2
3
5
1
5
4
2
4
3
3
1
8
4
3
3
2
3
1
6
6
5
2
2
4
2
0
4
6
5
5
3
3
5
3
7
0
3
6
8
4
5
2
5
8
1
6
3
2
3
2
1
5
3
2
3
3
2
5
2
1
4
2
2
0
6
4
0
1
3
3
4
2
8
1
4
4
2
3
7
2
0
2
3
4
3
6
4
2
2
4
4
2
4
4
4
5
1
5
2
3
1
3
8
6
0
4
2
4
1
2
3
4
5
2
0
3
0
6
3
0
3
3
2
2
3
5
4
3
5
3
1
7
2
4
2
5
4
2
4
8
5
3
2
2
6
5
3
2
3
3
0
2
3
5
2
4
7
2
6
0
6
1
5
1
3
3
4
4
3
5
4
3
1
3
5
3
3
1
5
2
3
3
0
4
2
3
0
2
1
0
3
1
3
3
5
6
3
1
6
3
2
0
3
2
3
1
4
4
2
5
0
4
3
2
1
2
3
5
0
3
4
4
2
3
1
4
7
4
3
4
3
1
2
4
2
3
0
1
2
3
3
4
1
1
2
6
2
1
1
2
2
4
0
2
4
1
0
0
6
1
3
2
4
2
1
3
4
3
3
2
3
5
1
2
2
6
2
3
2
3
2
2
0
3
3
4
1
1
1
6
4
1
0
6
1
3
5
4
3
5
5
4
3
6
3
4
1
3
1
4
3
2
2
1
2
3
3
5
1
2
1
2
3
3
1
1
2
1
0
1
0
1
2
4
2
3
4
6
1
3
3
2
4
2
1
2
2
1
3
2
1
2
3
3
5
2
5
2
5
5
4
2
4
4
2
0
0
3
2
3
1
4
4
0
3
2
4
2
0
4
3
3
2
4
1
1
5
4
3
5
4
4
1
3
3
5
1
3
3
2
2
6
3
0
4
1
3
2
4
4
3
4
2
5
2
5
4
8
3
3
1
0
3
6
2
4
5
4
3
4
2
4
5
2
4
4
2
3
3
3
4
2
2
1
3
4
4
2
3
5
3
3
3
4
1
2
3
2
1
1
5
3
1
5
3
6
5
1
2
6
1
3
3
6
3
2
4
3
3
5
3
4
1
1
2
4
3
2
2
3
2
2
4
0
1
4
1
1
7
1
2
4
2
2
1
3
2
3
2
2
0
0
2
1
3
2
1
1
3
5
4
0
2
3
0
5
4
3
5
2
4
6
0
5
3
3
3
2
4
4
2
2
4
5
4
1
3
4
4
4
1
4
3
1
2
1
2
2
4
2
1
3
1
1
1
3
7
1
0
0
1
0
1
2
3
0
2
5
4
0
4
2
1
2
2
3
5
3
2
2
2
1
0
4
4
3
2
3
4
1
4
4
0
3
3
1
1
2
0
2
3
0
4
1
2
1
1
3
3
3
7
1
1
2
1
2
4
6
3
3
5
2
2
4
4
3
2
1
3
5
4
1
0
1
3
2
3
2
1
2
4
1
2
4
2
2
7
1
3
5
2
1
2
1
1
2
1
6
2
2
5
2
3
4
1
1
0
3
5
0
2
4
2
2
3
5
3
1
1
3
4
4
2
5
0
2
2
2
1
3
2
3
2
0
1
2
1
2
0
2
1
0
3
2
1
2
6
0
4
1
2
2
3
3
4
0
3
1
3
1
1
3
1
3
2
3
5
3
0
3
1
0
2
4
3
3
1
1
1
3
2
2
3
2
3
0
3
2
4
3
2
4
3
4
2
2
4
3
1
3
2
4
2
0
4
6
1
3
4
2
1
6
3
0
5
2
0
0
2
3
3
2
1
3
1
1
6
1
2
4
4
1
1
0
3
3
4
4
1
1
0
1
2
2
3
2
4
1
1
4
0
1
2
4
1
5
1
1
1
2
2
1
2
3
0
1
0
1
2
3
1
2
1
5
2
1
4
2
0
1
2
4
2
3
3
3
1
1
2
2
2
2
3
0
6
4
3
1
2
2
3
2
0
3
2
6
1
2
2
2
2
3
4
1
1
2
3
4
2
1
2
1
2
2
2
3
1
0
1
5
2
1
3
2
4
2
1
1
1
2
4
0
0
1
0
1
4
3
1
2
1
2
1
1
5
2
1
2
1
4
2
4
1
1
4
3
0
1
2
3
4
3
1
4
2
1
1
3
4
2
3
3
2
1
2
3
1
0
1
0
2
1
1
5
2
3
2
3
5
1
2
0
1
1
1
2
4
1
2
5
2
5
2
4
2
1
4
2
0
2
1
3
4
0
2
3
1
3
3
3
3
3
2
2
2
0
1
0
2
1
1
1
2
4
1
2
2
3
1
6
2
1
1
1
1
5
3
2
2
1
0
2
0
0
3
0
4
3
2
1
1
1
0
1
4
1
2
3
3
2
3
1
1
3
3
2
5
4
4
0
2
4
1
2
2
1
4
1
0
1
2
0
5
1
1
2
2
2
0
0
4
2
1
2
2
0
1
2
0
0
2
0
1
5
3
3
1
1
2
0
2
2
1
4
1
1
1
3
1
0
2
1
0
0
1
1
0
0
1
2
1
1
0
1
1
1
4
5
0
1
2
3
0
1
2
3
2
1
1
3
5
3
2
3
1
6
5
7
4
3
2
1
0
1
3
2
2
3
1
1
1
2
4
3
3
4
2
1
0
1
2
2
1
2
2
1
1
1
2
7
6
4
2
1
1
1
3
2
2
4
2
1
6
0
1
2
4
3
2
0
0
0
2
0
1
1
1
1
3
3
6
3
3
0
1
0
1
0
4
2
2
1
3
0
2
3
2
4
3
2
1
2
3
1
2
3
4
0
1
3
1
3
2
1
2
1
2
2
0
6
2
3
1
0
0
2
1
4
1
0
0
2
1
1
0
1
3
4
1
2
2
1
0
1
3
4
3
1
0
2
1
2
1
1
1
1
0
1
2
1
3
2
1
3
2
1
2
2
1
3
3
2
1
1
2
3
3
2
1
1
3
3
1
0
2
5
0
3
3
1
1
0
1
1
2
2
1
2
2
0
2
4
1
2
2
0
0
0
1
1
2
1
1
0
0
2
3
1
0
1
2
1
1
0
2
1
3
3
1
1
2
0
0
1
1
1
0
0
4
1
1
1
0
3
0
4
1
1
0
0
0
0
0
3
2
1
2
2
0
2
3
1
1
2
2
2
1
0
3
2
3
1
1
1
1
3
1
2
1
0
2
0
1
0
1
2
1
2
2
3
0
1
2
3
0
1
1
1
0
3
3
2
0
1
1
2
0
0
0
1
2
2
3
0
7
2
1
1
2
2
1
2
1
1
3
1
0
1
1
3
3
0
0
2
1
1
1
1
0
2
0
2
0
2
1
0
1
1
4
1
2
1
2
1
2
0
1
1
0
3
2
2
3
3
4
0
2
0
1
1
1
2
0
3
3
0
1
3
0
1
0
0
4
1
0
2
3
1
0
3
3
1
0
1
1
1
3
0
2
2
0
0
0
0
2
0
1
0
0
1
2
0
1
1
3
3
1
2
2
2
0
2
0
2
1
0
0
0
0
0
0
1
1
1
2
2
0
1
0
0
0
2
1
4
1
0
1
2
0
0
1
1
2
2
0
2
3
3
2
1
1
1
3
1
0
1
1
1
2
0
0
0
1
2
0
1
3
3
2
1
3
0
2
3
0
1
0
1
3
1
1
0
3
0
1
0
4
1
1
4
2
2
1
1
1
2
3
1
0
2
1
2
3
2
1
1
0
1
1
0
1
5
1
1
3
0
1
7
2
2
3
3
3
1
0
0
2
2
3
2
0
2
5
1
1
0
3
1
1
2
1
0
1
2
0
4
1
0
1
1
0
0
2
0
1
1
1
2
1
0
2
1
1
2
1
2
2
0
1
1
0
0
2
3
2
2
1
1
1
0
2
0
0
4
0
0
1
0
3
3
1
1
0
4
1
0
1
2
0
2
0
1
0
0
0
0
0
1
2
0
1
2
3
1
0
2
2
2
1
0
0
2
0
3
0
4
1
1
1
0
2
1
0
0
3
0
2
1
1
0
0
4
2
2
2
4
3
1
3
1
0
0
1
1
0
0
0
1
1
1
1
1
1
1
0
0
1
2
0
1
0
1
2
2
3
0
2
1
2
2
2
2
1
1
0
2
1
0
1
4
0
1
2
1
0
0
2
1
1
2
0
1
0
2
0
3
2
1
1
0
1
0
1
1
2
0
2
1
1
0
0
1
0
1
2
0
1
0
2
0
1
2
0
1
1
0
0
2
1
0
2
0
0
1
0
2
0
2
1
0
1
0
1
0
3
0
2
0
0
0
3
0
0
0
2
0
2
1
0
0
1
0
0
1
1
1
0
0
0
0
0
3
1
0
0
1
0
3
0
1
1
1
2
0
2
0
0
0
2
1
1
1
2
1
1
3
0
1
2
1
0
2
2
2
0
1
0
0
2
0
0
1
0
1
1
0
2
1
0
1
2
2
1
1
0
1
0
1
1
2
0
2
0
1
2
0
0
0
3
0
1
0
0
0
1
2
1
1
0
0
0
1
2
1
2
1
0
2
1
2
0
4
0
1
3
1
0
2
0
0
0
1
1
0
0
1
2
1
0
0
0
1
1
0
1
1
0
0
1
2
0
1
0
1
1
2
0
0
0
1
1
3
2
0
0
2
0
1
0
0
1
1
1
1
3
1
1
1
4
2
0
0
1
1
0
1
0
0
1
0
0
1
0
0
0
1
3
1
3
2
1
1
0
1
0
0
1
2
1
1
2
1
3
0
1
2
0
1
0
0
0
0
0
0
0
1
1
1
2
0
2
0
3
0
0
0
0
0
0
0
2
0
1
0
0
1
0
0
2
3
1
0
3
1
1
0
1
0
2
0
0
0
0
1
1
1
2
0
3
0
2
0
0
0
0
1
1
0
0
0
1
0
0
1
0
2
0
1
1
1
2
1
3
0
0
1
0
1
0
0
0
1
1
0
0
0
1
1
0
0
0
0
1
1
0
0
0
0
0
0
1
0
3
0
1
1
0
0
1
2
0
1
1
0
0
2
0
0
2
1
1
1
2
1
2
0
0
0
0
1
2
2
2
0
1
1
1
0
2
0
2
0
1
2
2
1
0
1
0
0
0
1
0
0
0
1
1
1
0
1
0
1
0
0
1
0
1
1
1
0
2
1
1
0
0
1
2
0
1
1
4
1
0
3
1
1
1
0
1
1
1
2
4
0
1
0
0
1
1
1
0
1
1
2
2
1
1
1
0
2
0
0
0
0
0
2
1
0
1
2
1
0
1
0
1
1
0
1
0
1
1
1
1
1
1
1
1
0
2
0
1
1
2
1
0
0
0
1
0
0
0
1
0
0
0
1
1
0
0
0
0
1
1
3
0
0
1
2
1
0
0
1
1
2
0
2
2
1
0
1
0
2
0
0
0
2
0
0
2
1
1
0
0
2
1
1
0
0
2
4
1
0
0
0
0
1
0
1
1
1
0
0
1
1
1
0
0
1
0
1
1
1
0
0
0
1
1
0
0
1
0
0
1
1
0
0
0
1
0
0
0
0
0
0
0
1
0
0
0
0
2
1
1
0
0
0
0
1
1
0
0
0
1
1
0
1
0
0
1
0
0
4
1
0
1
3
2
0
2
0
2
0
0
1
2
0
0
1
1
0
2
0
1
1
0
1
1
3
0
1
1
0
1
0
0
2
1
1
0
2
0
2
2
1
2
2
0
0
1
1
1
0
0
0
1
2
0
1
1
1
2
1
0
0
0
1
0
0
1
0
1
0
0
0
1
0
1
0
0
0
0
1
0
1
1
1
1
1
1
1
0
0
0
1
1
0
0
0
0
0
1
0
1
0
2
0
0
1
1
0
0
1
0
0
0
0
1
1
0
2
1
0
0
0
1
0
0
1
0
0
2
0
0
0
0
1
0
0
0
0
1
0
1
0
2
1
0
0
0
1
3
2
0
0
0
0
1
1
0
0
0
1
0
1
1
0
0
0
1
1
0
1
1
1
1
1
0
1
0
0
1
1
0
0
0
0
1
0
0
1
0
0
1
0
0
0
1
1
1
0
1
0
2
0
0
0
0
0
0
1
1
0
2
0
1
2
0
2
2
0
0
0
2
0
0
0
0
1
0
0
0
0
0
1
1
0
1
0
2
0
0
0
0
2
1
2
0
0
0
0
0
0
0
1
0
1
1
0
1
0
1
1
2
2
0
1
1
1
1
0
0
0
1
0
0
1
1
1
1
0
0
2
3
0
0
0
0
1
0
0
0
1
0
0
1
0
2
1
2
0
1
0
1
0
0
0
1
0
2
0
1
0
0
1
0
0
0
0
0
0
0
2
0
0
1
0
0
0
0
1
0
0
1
1
0
0
0
0
0
0
1
0
2
1
0
2
0
0
0
0
0
0
0
0
1
1
1
0
0
0
1
1
0
1
0
0
0
1
1
1
0
2
2
0
1
0
0
0
0
0
0
0
0
0
1
0
0
0
1
0
2
0
0
2
0
0
0
1
0
0
0
0
0
1
0
0
0
1
0
0
0
2
0
1
0
0
0
0
2
2
0
0
2
0
0
0
1
1
1
0
0
0
0
1
1
3
0
0
0
0
0
0
0
1
1
0
1
1
1
0
0
1
0
0
0
2
1
0
0
0
0
0
0
0
1
0
1
0
1
1
0
0
2
1
0
1
1
0
2
0
0
1
1
0
1
1
0
1
1
1
0
0
0
1
1
1
0
0
0
0
0
1
0
0
0
1
1
0
0
0
0
0
0
0
0
1
0
0
0
0
1
0
1
0
0
0
0
1
0
1
2
0
0
1
0
2
1
1
0
0
0
0
0
0
0
1
0
0
1
0
1
3
0
0
0
0
1
1
0
1
0
0
0
0
0
0
0
1
1
0
0
0
0
1
0
0
0
0
0
2
0
0
1
1
0
0
0
1
1
0
1
0
0
0
1
2
0
0
0
0
0
0
1
0
0
1
0
0
0
0
0
0
0
1
0
0
0
1
1
0
0
0
1
0
2
0
0
2
0
0
0
1
1
0
0
1
1
0
0
1
0
0
2
1
0
0
0
2
1
0
0
0
1
0
1
0
1
0
0
0
0
0
0
0
0
0
2
0
0
0
0
1
0
1
0
0
0
1
1
0
0
0
2
0
0
0
0
0
0
0
0
0
0
1
0
0
0
0
0
0
0
2
0
0
1
0
3
1
0
0
0
0
1
0
0
0
0
0
1
2
0
0
1
0
0
1
0
0
1
0
1
0
1
0
0
0
0
0
0
0
0
1
0
0
0
0
0
0
2
2
0
0
1
0
0
0
0
0
1
0
0
1
1
0
1
2
0
1
0
0
1
0
0
0
1
0
0
0
0
0
0
1
1
0
1
0
0
1
0
0
0
0
1
0
0
0
0
1
0
0
0
0
0
0
0
0
0
0
0
0
0
0
0
1
0
2
0
0
0
0
0
1
1
0
0
1
0
0
2
0
1
0
0
0
1
0
0
0
0
0
0
0
1
0
1
0
0
0
0
1
1
0
0
1
0
0
0
0
1
0
2
0
0
0
0
0
0
0
1
0
0
0
0
0
0
2
1
0
0
0
0
0
0
1
0
1
0
0
0
1
0
0
0
1
0
0
0
0
0
0
0
0
0
0
0
0
0
0
0
0
0
0
0
1
0
0
1
0
0
0
0
0
1
0
0
1
1
0
1
2
0
0
0
0
0
0
2
0
0
0
0
0
0
0
1
0
0
0
0
0
0
1
1
0
1
0
1
0
0
0
0
0
0
0
0
0
0
0
0
0
0
0
0
0
0
0
0
0
0
0
2
1
0
0
0
0
1
0
1
0
0
0
1
0
1
0
1
0
0
0
0
0
0
0
0
0
0
0
0
0
0
0
0
0
0
0
1
0
0
0
0
0
0
0
2
3
0
0
0
0
0
1
0
0
1
0
0
1
0
0
1
2
0
0
0
0
0
2
0
0
0
0
0
0
1
0
0
1
0
0
0
0
0
0
0
0
0
0
0
0
0
0
0
0
1
0
0
0
1
0
0
0
0
0
1
0
0
0
0
0
0
0
0
1
0
0
1
0
0
0
0
0
0
0
0
0
0
0
0
0
0
0
1
0
0
0
0
1
0
0
0
0
0
0
1
0
2
0
0
1
0
0
0
0
0
0
1
0
1
0
0
0
0
0
0
0
0
0
0
0
1
0
0
0
0
0
0
0
0
0
0
1
0
0
0
0
0
0
0
0
1
0
0
1
0
0
0
0
0
0
1
0
0
0
0
0
1
0
0
1
0
0
0
0
0
0
0
0
0
0
0
0
0
0
0
0
0
0
0
0
0
1
2
0
0
0
0
0
0
0
0
0
0
0
0
1
0
0
1
0
0
0
0
1
0
0
0
0
0
0
1
1
0
0
0
0
0
0
0
0
0
0
0
0
0
1
0
1
0
1
0
0
0
0
0
0
0
0
1
0
0
0
0
0
0
1
2
1
1
0
0
0
0
1
0
0
0
0
0
0
0
0
0
0
0
0
1
0
0
0
0
2
0
0
0
0
0
0
0
0
0
0
0
0
0
0
0
0
0
1
1
0
0
0
1
0
0
0
0
0
0
1
0
0
1
0
0
0
0
0
0
0
0
0
0
1
0
0
0
0
1
0
0
0
0
0
0
2
0
0
0
0
1
1
0
0
0
0
0
0
0
1
0
0
0
0
0
0
0
0
0
0
0
0
0
0
1
0
1
0
0
0
0
0
0
0
0
1
0
0
0
0
0
0
0
0
0
0
0
0
0
0
0
0
0
0
0
0
1
1
0
0
1
0
1
0
0
0
0
0
0
0
0
0
0
0
0
0
0
1
0
0
0
0
1
0
0
0
0
1
0
2
0
0
0
0
0
1
0
0
0
0
0
0
0
0
0
0
0
0
0
0
0
0
0
0
0
0
0
0
0
0
0
1
0
0
0
0
0
1
1
0
0
0
0
0
0
0
1
0
1
0
0
1
0
0
0
1
0
0
0
0
0
0
0
0
0
0
0
0
0
0
1
0
0
0
0
0
0
0
0
0
0
0
0
1
0
0
0
1
0
0
0
0
1
0
1
0
0
0
0
0
0
0
0
0
1
0
0
0
0
0
0
2
0
0
1
0
0
0
0
0
0
0
0
0
0
0
0
1
0
0
0
0
0
0
0
0
0
0
0
1
0
0
0
0
0
0
0
0
0
0
0
0
0
0
1
0
0
0
0
0
1
0
0
0
0
0
0
0
0
0
0
0
0
0
2
0
1
0
0
0
0
0
0
0
0
0
0
0
0
0
1
0
1
0
0
0
0
0
0
0
0
0
1
0
0
0
0
0
0
0
1
0
0
0
0
1
0
1
0
0
0
0
0
0
0
0
0
0
0
0
0
0
0
0
1
0
0
0
0
0
0
0
0
0
0
0
1
0
0
0
0
0
1
0
0
0
0
0
0
0
0
0
0
0
0
0
0
0
0
0
0
0
1
0
1
0
0
0
0
0
0
0
0
0
0
0
0
0
0
1
0
0
0
0
0
0
1
1
1
0
0
0
0
1
0
0
0
0
0
1
0
0
1
0
0
0
0
0
0
0
0
0
0
0
0
2
0
0
1
0
0
0
0
0
0
0
0
0
0
0
0
0
0
0
0
1
0
1
0
0
0
0
0
0
0
0
0
0
0
0
0
0
0
0
0
0
0
0
0
0
1
0
0
1
0
1
0
1
0
0
0
0
0
0
0
0
0
0
0
0
0
0
0
0
0
0
0
1
0
1
0
0
0
0
0
0
0
0
0
0
0
0
0
0
0
0
1
0
0
0
0
0
0
0
0
0
1
1
0
0
0
0
0
0
0
0
0
0
0
1
1
0
0
0
0
0
0
0
0
0
0
0
0
0
0
0
0
0
0
0
0
0
0
0
0
0
0
0
0
0
0
0
0
0
0
0
0
1
0
0
0
0
0
0
0
0
0
0
0
0
0
0
1
0
0
0
0
0
0
0
0
0
0
0
0
0
1
0
0
0
0
0
0
0
0
0
0
0
0
0
0
0
0
0
0
0
0
0
0
0
0
0
0
0
0
0
0
0
0
0
0
0
0
0
0
0
0
0
0
0
0
0
0
0
0
0
0
1
0
0
0
0
0
0
0
0
0
0
0
0
0
0
0
0
0
0
0
0
0
0
0
0
1
0
0
0
0
0
0
0
1
1
0
0
0
0
0
1
0
0
0
0
0
0
0
0
0
0
0
0
0
0
0
0
0
0
0
0
0
0
0
0
0
0
0
0
0
0
0
0
0
0
0
1
0
0
1
0
0
0
0
0
0
0
0
0
0
0
0
0
0
0
0
0
0
0
0
0
0
0
1
0
0
0
1
0
0
0
0
0
0
0
1
0
0
0
1
0
0
0
0
0
0
1
0
0
0
0
1
0
1
0
0
0
0
0
0
0
0
0
0
0
0
0
0
0
0
0
0
1
0
0
1
0
0
0
0
0
0
0
0
0
0
0
0
0
0
0
0
0
1
0
0
0
0
0
0
0
0
0
0
1
0
0
0
1
0
0
0
0
0
0
0
0
0
0
0
0
0
0
0
0
0
0
0
0
0
1
0
0
0
1
0
0
0
0
0
0
0
0
0
0
0
0
2
0
0
0
0
0
0
0
0
0
0
0
0
0
0
0
0
0
0
0
0
0
0
1
0
1
0
0
0
0
0
0
0
0
0
0
0
0
0
0
0
0
0
0
0
0
0
0
0
0
0
0
0
0
0
0
0
0
0
0
0
0
0
0
0
0
0
0
0
0
0
0
0
0
1
0
0
0
0
0
1
0
0
0
0
0
0
0
0
0
0
0
0
0
0
0
0
1
0
0
0
0
0
0
0
0
0
0
0
0
1
0
0
0
0
0
0
0
0
0
0
0
0
0
0
0
0
0
0
0
0
0
0
0
0
0
0
0
0
0
0
0
0
0
0
0
0
0
1
0
0
0
0
0
0
0
0
0
1
1
0
0
0
0
0
0
0
0
0
0
0
0
0
0
0
0
0
0
0
0
0
0
0
0
0
0
0
0
0
0
0
0
0
0
0
1
0
0
0
0
0
0
0
0
0
0
0
0
0
0
0
0
0
0
0
0
0
0
0
0
0
0
0
0
0
0
1
0
0
0
0
0
0
0
0
0
0
0
0
0
0
0
1
0
0
0
0
0
0
0
0
0
0
0
0
0
0
0
0
0
0
0
0
0
0
1
0
0
1
0
1
0
0
0
0
0
0
0
0
0
0
0
0
0
0
0
0
0
0
1
0
0
0
0
0
0
0
0
0
0
0
0
0
0
0
0
0
0
0
0
1
0
0
0
0
0
0
0
0
1
0
0
0
0
1
0
0
0
0
0
1
0
0
0
0
0
0
0
0
0
0
1
0
0
0
0
1
0
0
0
1
0
0
0
0
0
0
0
0
1
0
0
0
0
0
0
0
0
0
0
1
0
0
0
1
0
0
0
0
0
0
0
0
0
0
0
0
0
0
0
0
0
1
0
0
0
0
0
0
0
0
0
0
0
0
0
0
0
0
0
0
0
0
0
0
0
0
0
0
0
0
0
1
0
0
0
0
0
0
0
0
0
0
0
0
1
0
0
1
0
0
0
0
0
1
0
0
0
0
0
0
0
0
0
0
0
0
0
0
0
0
0
0
0
0
0
0
0
1
0
0
0
0
0
1
1
0
0
0
1
0
0
0
0
0
0
0
0
0
0
1
0
0
0
0
0
0
0
0
0
0
0
0
0
0
0
0
0
0
0
0
0
0
0
0
0
0
0
0
0
1
0
0
1
0
0
0
0
1
0
0
0
0
0
0
0
0
0
0
0
1
0
0
0
0
0
0
0
0
0
0
0
0
0
0
0
0
0
0
0
0
0
0
0
0
0
0
0
0
1
0
0
0
0
0
0
0
0
0
0
0
0
0
0
0
0
0
0
1
0
0
0
0
0
0
0
0
0
0
0
0
0
0
0
0
0
0
1
0
0
0
0
0
0
0
0
0
0
0
0
0
0
0
0
0
0
0
0
0
0
0
0
0
0
0
0
0
0
0
0
0
1
0
0
0
0
0
1
0
1
1
0
0
1
0
0
0
0
0
0
0
0
0
0
0
0
0
0
0
0
0
0
0
0
0
0
0
0
0
0
0
0
0
0
0
0
0
0
0
1
0
0
0
0
1
0
0
0
0
0
1
0
0
0
0
0
0
0
0
0
0
0
0
0
0
0
0
0
0
0
0
0
0
0
0
0
0
0
0
0
0
0
0
0
0
0
1
0
0
0
0
0
1
1
0
0
0
0
0
0
0
0
0
0
0
0
0
0
0
0
0
0
0
1
0
0
0
0
0
0
0
0
0
0
0
0
0
0
0
0
0
0
0
0
0
0
0
0
0
0
0
0
0
0
0
0
1
0
0
0
0
0
0
0
0
0
0
0
0
0
1
0
0
0
0
0
0
0
0
1
0
0
1
0
0
0
0
0
0
0
0
0
0
0
0
0
0
0
0
0
0
0
0
0
0
0
0
0
0
0
0
0
0
0
0
0
0
0
0
0
0
0
0
0
0
0
0
0
0
0
0
1
0
0
0
0
0
0
0
0
0
1
0
0
0
0
0
0
0
0
0
0
0
0
0
0
0
0
1
0
0
0
0
0
0
0
0
0
0
0
0
0
0
0
0
0
0
0
0
0
0
0
0
1
0
0
0
0
0
0
0
0
0
0
0
0
0
0
0
1
0
0
0
0
0
0
0
0
0
0
0
0
0
0
0
1
0
0
0
1
0
0
0
0
0
0
0
0
0
0
0
0
0
0
0
0
0
0
0
0
0
0
0
0
0
0
0
0
0
0
0
0
0
1
0
0
0
0
0
0
0
0
0
0
0
0
0
0
0
1
0
0
0
0
0
0
0
0
0
0
0
0
1
0
0
0
0
0
0
0
0
0
0
0
0
0
0
0
0
0
0
0
0
0
0
0
0
0
0
0
0
0
0
0
0
0
0
0
0
0
0
1
0
0
0
0
0
1
0
0
0
0
0
0
0
1
0
0
0
0
0
0
0
0
0
0
0
0
0
0
0
0
0
0
0
0
0
0
0
0
2
0
0
1
0
1
0
0
0
0
0
0
1
0
0
0
0
0
0
1
0
0
0
0
0
0
0
0
1
0
0
0
0
0
0
0
0
0
0
1
0
0
1
1
0
0
0
0
0
1
0
0
0
0
0
0
0
0
0
0
0
0
0
0
0
0
0
0
0
0
0
1
0
0
0
0
0
0
0
0
0
0
0
0
0
0
0
0
0
0
0
0
0
0
0
0
0
0
0
0
0
0
0
0
0
0
1
0
0
0
0
0
0
0
0
0
0
0
0
0
0
0
0
0
0
0
0
0
0
0
0
0
0
0
0
0
0
0
1
0
1
0
0
0
0
0
0
0
0
0
0
0
0
0
0
0
0
1
0
0
0
0
0
0
0
0
0
0
0
0
0
0
0
0
0
0
0
0
0
0
0
0
1
0
0
0
0
0
0
0
0
0
0
0
