0
0
0
0
0
0
0
0
0
0
0
0
0
0
0
0
0
0
0
0
0
0
0
0
0
0
0
0
0
0
0
0
0
0
0
0
0
0
0
0
0
0
0
0
0
0
0
0
0
0
0
0
0
0
0
0
0
0
0
0
0
0
0
0
0
0
0
0
0
0
0
0
0
0
0
0
0
0
0
0
0
0
0
0
0
0
0
0
0
0
0
0
0
0
0
0
0
0
0
0
0
0
0
0
0
0
0
0
0
0
0
0
0
1
0
0
1
0
2
3
1
1
0
2
1
0
2
0
0
1
0
17
467
6243
26114
72523
149602
225555
305074
372873
401689
358720
242169
121867
77827
56779
45238
37834
34202
32836
32222
32358
32130
32588
32680
32833
32785
32969
32753
32461
32856
32347
32846
32392
32250
31870
31244
31107
30777
29780
28795
27822
26648
25364
24557
23233
22091
21234
20274
19477
18598
17899
17074
16487
15977
15471
14792
14945
14022
14117
13744
13691
13696
13520
13213
12892
12763
12549
12195
11918
11582
11430
11429
11113
10969
10732
10595
10443
10379
10034
10049
10029
9880
9630
9734
9604
9667
9427
9495
9319
8937
9086
8965
8850
8874
8532
8357
8436
8448
8362
8519
8286
8180
8007
7864
7753
7651
7608
7482
7480
7366
7383
7318
7245
7167
7007
7004
6993
6839
6974
6804
6527
6828
6571
6699
6619
6516
6538
6469
6236
6348
6338
7318
9971
15517
19743
19808
15313
10686
7739
6674
6125
5886
5854
5744
5543
5476
5618
5585
5429
5535
5330
5370
5297
5245
5263
5280
5206
5099
5148
5019
5177
5063
5042
5057
5090
5138
4951
4849
4808
4895
5049
4865
4911
4925
4683
4540
4840
4874
4974
5189
5360
5134
4869
4703
4543
4690
4761
4616
4762
4812
4730
4436
4566
4563
4432
4563
4535
4548
4426
4490
4405
4226
4372
4362
4296
4399
4390
4362
4223
4228
4365
4167
4180
4203
4261
4187
4250
4208
4068
4236
4174
4182
3937
4057
4143
4058
4076
4074
4140
4381
4365
4356
4206
3964
3899
3976
4072
4019
4162
4229
4128
4006
3992
3975
3910
3936
3964
3910
3912
3889
3965
3728
3816
3822
3908
3866
3887
3938
3833
3916
3947
3861
3871
3909
3927
4017
3989
4112
4109
3973
3893
3892
3868
3682
3778
3814
3712
3854
3993
3750
3820
3791
3750
3995
3820
3909
3824
3927
3851
3739
3681
3658
3693
3751
3702
3756
3628
3734
3808
3837
3754
3872
3806
3834
3705
3889
3851
3758
3934
3803
3902
3891
3933
3811
3890
3937
3918
3858
3901
3935
3884
3934
3908
3811
3841
3861
3936
3976
4033
3882
3961
3971
3934
4098
4435
4783
4994
5003
4419
4206
4013
3980
3767
3613
3743
3588
3653
3601
3553
3574
3558
3463
3330
3217
3251
3274
3156
3126
3100
2959
3051
3064
2985
3028
2812
2917
2910
2940
2895
2884
2815
2898
2753
2818
2849
2796
2870
3017
3334
3335
3646
3565
3352
3056
2837
2838
2780
2915
3255
3846
5448
7939
10248
10432
8126
5468
3845
3193
2888
2775
2615
2599
2544
2559
2495
2505
2439
2476
2450
2410
2442
2577
2427
2379
2481
2376
2431
2286
2175
2267
2237
2334
2268
2365
2285
2365
2354
2407
2372
2324
2356
2267
2337
2233
2222
2269
2228
2449
3067
4057
4973
5078
4215
3268
2771
2398
2416
2275
2217
2204
2138
2248
2425
3324
4521
5828
6096
5033
3795
2900
2400
2198
2185
2057
2167
2155
2197
2142
2114
2088
2134
2127
2128
2110
2108
2107
2122
2180
2212
2048
2093
2152
2084
2046
2080
2011
2040
2017
2088
2076
2147
2216
2012
2160
2268
2396
2373
2362
2160
2056
2049
2161
2151
2170
2001
2031
2066
2032
2034
2112
2094
2120
1975
1937
2024
1953
1976
2056
1964
2045
1963
1916
1993
2142
2899
5760
14068
29955
44735
49026
38528
23151
12612
9131
10293
12691
13875
11320
7875
4787
3606
3094
2611
2525
2461
2392
2415
2457
2650
2930
2954
2761
2609
2337
2287
2274
2270
2164
2199
2278
2292
2466
2401
2557
2403
2295
2191
2087
2036
2078
1964
2125
1965
1975
1987
2133
1991
2095
2038
2059
2101
2008
1971
2030
1975
2000
1922
1926
1856
1959
1902
2000
1961
1941
1994
1943
1909
1882
1895
1929
1912
1832
1952
1883
1937
1945
1871
1840
1977
1921
1965
1877
1892
1874
1896
1990
1851
1936
1859
1847
1859
1860
1918
1919
1873
1856
1932
1977
1938
1911
1913
1921
1920
1987
1869
1878
1884
1875
1972
2041
2131
2160
2124
2048
2005
1939
2053
1868
1975
1968
1991
2088
2124
2124
2118
2027
2117
2002
1914
1923
1920
2023
1987
2036
2029
2092
2115
2114
2104
2127
1973
1878
1912
1905
1979
1902
2010
2115
2165
2067
2067
1870
2012
1947
1944
1932
1961
1947
1921
1868
1860
1914
1889
2033
1894
1931
1924
1995
1902
1980
2124
2648
3505
4465
4818
4322
3486
2628
2281
2100
2123
2083
2099
2009
2037
2063
2045
2042
1986
1995
2083
2050
2019
2042
1944
2141
2084
2053
2063
2125
2237
2244
2190
2205
2124
2087
2126
2079
2102
2081
2018
2084
2017
2003
1973
2008
1958
1915
1936
1929
1894
1841
1897
1863
1791
1772
1802
1735
1737
1816
1785
1811
1863
1770
1726
1756
1751
1671
1853
1960
1868
1844
1892
1771
1635
1662
1709
1589
1644
1594
1763
1773
2270
2758
3311
3192
2862
2271
1917
1704
1717
1514
1593
1594
1584
1547
1536
1564
1626
1540
1512
1545
1467
1566
1636
1983
2267
2272
2238
1856
1681
1482
1402
1499
1398
1408
1397
1379
1411
1357
1321
1426
1427
1394
1380
1374
1401
1250
1324
1275
1279
1272
1297
1274
1217
1209
1287
1213
1272
1203
1292
1225
1198
1201
1179
1217
1195
1172
1145
1080
1192
1074
1099
1197
1191
1135
1255
1325
1534
1642
1705
1547
1348
1237
1213
1133
1171
1123
1140
1177
1121
1183
1201
1353
1560
1514
1397
1332
1212
1082
1142
1030
1023
1103
1049
1073
1086
1039
1065
1052
1027
1001
1147
1055
1043
1045
1032
1025
1017
1027
1105
1056
987
1071
1031
1027
1068
1135
1239
1459
1668
1721
1644
1412
1194
1069
1069
1094
1092
1071
1026
963
987
956
904
932
948
970
952
963
943
994
1043
1142
1339
1335
1215
1136
999
1015
972
930
969
916
939
956
978
965
1223
1801
3533
7611
14336
20791
23105
18942
12524
6732
3722
2340
1786
1564
1366
1276
1287
1210
1197
1225
1121
1138
1144
1135
1136
1127
1162
1479
2143
3968
6629
9257
9982
8206
5158
3272
1997
1508
1320
1142
1142
1081
1008
1006
987
973
987
985
998
971
1027
1185
1261
1310
1312
1450
1707
2190
2632
2512
2120
1569
1194
1049
983
977
952
892
1009
894
914
921
898
912
944
977
1113
1143
1164
1143
1077
1011
996
927
847
876
853
868
846
900
800
834
870
895
863
846
868
796
824
748
833
813
898
877
914
897
871
872
890
853
852
829
800
806
787
863
807
855
867
812
810
824
797
804
768
800
844
986
1227
1398
1391
1230
1076
915
851
796
821
821
808
800
853
827
802
791
768
735
795
741
814
817
763
718
780
896
1027
1338
1836
2466
2983
2877
2283
1620
1217
948
927
960
1071
1174
1192
1111
1008
955
855
841
837
763
801
791
805
790
802
773
745
780
712
704
722
675
738
727
650
675
667
715
651
736
676
644
660
679
655
653
681
675
668
691
678
639
627
638
623
665
659
689
794
829
865
972
894
845
763
694
733
673
667
779
789
975
1185
1475
1378
1321
1245
1468
1985
2556
2838
2356
1744
1158
976
872
762
775
738
666
677
704
642
691
736
720
685
639
641
670
660
672
708
661
649
612
619
654
596
640
623
665
674
636
634
615
627
603
633
623
621
615
637
568
620
636
583
570
602
581
618
624
623
647
612
612
609
551
613
612
600
623
607
604
588
593
625
578
616
655
633
648
663
590
604
591
555
581
650
644
607
621
524
577
573
575
583
656
574
532
574
585
577
565
568
566
608
552
553
566
578
563
569
565
560
583
572
597
617
669
636
603
672
616
607
578
559
568
513
581
578
558
585
586
536
505
549
544
580
528
581
602
619
577
627
677
770
753
738
683
644
607
584
537
555
472
501
520
540
539
552
556
540
511
498
536
523
577
625
651
612
559
553
477
516
484
551
495
564
535
528
485
521
493
503
456
501
484
499
488
512
528
533
493
539
529
479
509
463
519
467
507
488
479
462
461
484
442
498
487
471
461
443
468
433
487
503
483
451
464
442
466
469
471
488
550
507
478
460
465
459
440
443
453
460
404
470
429
472
429
451
480
506
542
529
577
531
530
512
486
473
453
412
470
486
487
491
530
515
463
455
403
448
421
446
452
486
557
690
998
1204
1338
1241
909
768
560
516
469
488
491
525
560
694
622
596
557
497
446
403
399
388
369
393
420
407
390
350
441
435
445
428
473
477
508
485
484
447
414
410
417
384
402
383
403
394
414
398
398
398
406
397
401
409
397
426
393
411
456
425
443
409
386
340
391
390
375
365
406
501
589
852
998
1141
1124
974
733
606
492
451
421
407
432
401
447
418
454
398
437
386
399
361
365
363
387
399
377
389
367
415
340
422
386
420
479
576
771
1210
1644
1812
1676
1312
933
635
521
464
409
411
364
371
397
361
394
395
400
418
350
339
391
419
412
329
363
337
396
374
392
363
396
347
374
362
362
371
343
355
377
361
399
382
406
349
410
384
360
413
366
383
339
359
331
346
363
361
337
336
352
367
420
478
548
532
524
438
401
381
379
374
363
355
358
394
381
412
406
390
403
393
421
391
454
461
491
486
514
504
494
463
516
531
568
664
601
578
504
446
350
383
345
335
346
359
325
384
344
340
304
330
302
337
314
308
333
324
344
343
305
353
324
323
354
319
310
351
324
349
336
338
306
353
366
351
347
337
350
326
340
328
325
331
332
337
321
350
348
317
312
324
328
347
318
320
326
307
301
302
322
301
308
317
297
306
328
351
418
382
450
483
493
450
454
450
352
336
329
299
296
302
313
347
311
295
365
345
363
385
396
416
415
355
359
336
328
361
368
368
341
334
368
380
404
375
381
313
305
354
336
355
328
345
341
324
340
357
327
341
322
320
295
338
325
300
285
326
313
291
300
311
314
298
305
288
305
304
316
323
357
325
311
299
294
280
287
308
315
289
305
293
300
310
302
290
266
279
309
270
267
288
345
380
391
388
334
339
305
331
267
300
310
309
319
293
275
290
273
311
327
312
318
323
326
311
323
308
316
307
273
344
320
311
315
314
278
270
278
300
296
324
284
278
273
277
273
272
275
296
285
301
292
265
264
298
292
281
280
291
291
336
278
306
340
292
294
283
275
283
344
351
388
395
379
310
320
305
338
327
356
349
321
302
288
292
253
257
267
280
280
277
272
261
270
295
272
252
284
241
259
254
271
247
285
261
273
273
264
272
279
260
266
260
251
241
273
275
253
291
273
266
284
307
290
301
286
263
256
254
234
253
295
279
276
266
272
293
275
287
259
254
246
286
253
254
257
262
279
281
277
276
247
240
264
259
274
252
252
297
266
272
316
291
318
316
304
270
270
269
271
273
256
290
305
333
411
483
453
443
435
336
336
327
262
276
271
284
249
275
266
269
284
237
256
277
234
263
271
321
573
934
1182
1095
909
610
504
405
328
265
297
277
263
245
272
262
317
281
286
286
299
304
331
333
327
363
336
339
240
258
233
248
261
240
266
275
249
245
224
251
218
244
263
222
203
231
224
250
241
274
253
211
245
256
259
293
288
292
319
296
317
329
270
255
280
240
270
295
266
269
237
232
252
242
223
219
224
251
242
283
219
233
242
260
247
234
232
207
256
235
218
218
245
212
220
216
227
214
201
223
242
227
230
231
221
235
247
221
224
217
227
222
208
232
217
249
271
254
274
222
234
224
222
266
224
238
207
235
228
224
225
178
217
192
226
225
198
234
230
221
241
250
244
289
320
400
471
512
466
413
334
290
245
237
251
235
235
213
206
207
221
204
226
206
213
191
210
238
246
252
223
218
225
245
285
269
269
267
228
225
241
246
239
266
237
246
230
220
192
198
215
218
203
183
219
209
217
195
224
222
264
247
244
264
273
220
221
205
226
212
226
226
241
235
250
277
280
271
258
246
285
285
285
281
297
281
255
241
248
246
229
229
212
231
205
221
210
191
184
210
224
209
253
237
234
249
233
245
234
228
242
231
229
236
243
229
200
213
243
274
271
289
297
279
226
204
213
220
199
215
206
195
207
201
213
208
207
187
200
225
247
266
259
261
250
246
227
223
202
200
197
200
215
214
254
238
212
214
229
259
235
234
233
237
216
237
181
205
184
183
195
219
188
176
179
200
189
184
199
201
219
219
216
203
202
200
185
193
214
202
196
194
188
182
193
201
177
204
211
192
193
186
191
195
216
212
236
209
208
189
203
200
200
195
186
191
161
183
161
209
174
154
169
189
189
192
184
165
162
187
185
207
202
226
196
193
172
190
200
187
195
197
187
173
163
180
174
174
176
186
186
158
170
178
182
198
191
193
169
183
204
178
160
163
174
172
186
169
171
191
196
185
211
147
209
177
183
173
195
186
182
167
198
176
159
186
190
163
178
174
159
168
178
175
159
174
189
189
203
177
173
200
217
241
275
317
336
309
296
236
198
178
217
178
182
213
191
171
208
204
225
223
269
302
287
295
267
257
216
196
214
193
167
177
179
168
181
203
176
187
189
173
175
176
178
194
188
185
176
206
187
175
185
177
202
188
167
199
187
211
227
245
222
266
244
264
229
229
215
199
172
173
162
194
168
157
168
156
151
138
186
192
148
155
182
150
190
189
195
214
256
228
215
206
180
171
207
157
187
162
162
172
168
183
191
183
184
169
160
159
182
157
167
149
162
147
157
150
158
183
161
201
157
185
145
152
143
160
150
171
162
169
165
196
195
197
184
186
209
207
200
182
205
190
186
177
191
168
162
176
158
172
181
156
164
186
158
160
150
148
161
120
139
152
166
178
153
152
162
156
170
158
197
205
211
214
223
216
194
182
173
159
143
170
173
195
200
212
251
249
282
255
219
221
171
186
153
172
192
193
207
166
183
181
178
157
148
174
170
169
164
169
177
188
166
177
177
152
165
162
162
167
157
142
125
144
150
158
139
126
137
119
128
131
135
141
124
148
147
163
139
145
130
168
188
168
196
223
197
185
160
186
193
144
166
156
167
153
143
140
116
143
137
117
151
139
147
169
170
136
135
155
154
163
147
157
157
143
144
145
150
132
129
155
111
160
147
120
140
139
162
161
159
154
137
144
154
163
152
154
138
171
148
152
166
140
162
132
141
133
131
125
122
153
130
137
147
144
132
121
139
137
108
166
142
137
133
142
161
160
141
147
147
146
146
139
153
141
138
138
142
154
145
141
126
146
139
136
118
152
142
143
150
149
151
151
147
147
119
132
163
135
150
144
131
155
143
117
163
147
200
194
266
289
272
278
235
202
163
140
131
115
150
132
133
137
140
138
124
168
123
151
134
127
126
127
131
111
132
141
135
126
121
123
121
137
152
142
131
138
150
128
129
117
138
125
154
164
148
153
174
146
161
143
119
132
130
126
135
144
103
152
108
119
129
136
112
118
117
131
110
122
131
113
132
118
137
120
132
133
130
134
140
108
119
126
139
125
134
136
134
99
115
113
138
114
134
158
143
153
180
155
147
137
145
117
130
120
121
116
130
138
98
105
101
116
99
125
107
107
129
107
113
109
101
119
99
118
102
122
134
111
118
116
112
98
129
115
129
123
117
128
133
125
168
161
159
151
180
175
166
154
108
142
148
120
121
132
119
137
153
170
203
209
261
253
257
176
133
162
147
118
123
114
133
118
98
111
125
126
109
125
109
119
117
112
111
105
116
102
100
129
128
122
140
148
133
142
153
126
126
115
110
133
140
142
136
149
180
189
185
171
161
174
137
112
132
124
108
125
128
109
123
94
109
107
99
108
114
123
115
131
118
134
116
129
106
113
128
104
97
108
104
121
129
120
136
97
93
99
101
102
114
114
108
112
121
104
114
110
93
104
116
103
114
132
129
103
121
124
139
128
105
110
108
87
109
112
103
116
111
149
142
149
155
133
139
117
110
119
114
94
105
102
88
113
119
119
122
120
110
87
118
126
103
114
117
108
96
128
124
109
115
123
96
108
119
123
131
115
105
92
101
107
97
117
93
111
105
113
110
109
110
94
107
122
122
106
110
113
111
116
91
92
113
121
96
118
115
102
111
104
116
101
101
104
114
95
123
117
133
117
119
128
118
124
131
128
115
126
92
104
97
94
106
105
100
86
100
104
93
106
108
102
91
101
87
134
123
123
132
157
139
126
139
137
127
121
115
119
97
97
92
110
111
97
94
100
122
119
110
114
87
105
124
111
102
97
117
120
132
124
119
124
115
133
94
114
107
98
129
95
106
109
89
115
102
112
108
104
113
113
94
81
100
110
127
95
124
95
102
110
111
110
103
89
104
138
109
95
93
106
114
121
106
120
140
122
116
104
122
113
137
116
123
120
130
114
123
124
133
119
112
115
126
123
127
135
129
121
101
133
135
124
95
118
108
103
94
81
76
83
93
108
86
114
95
114
124
101
106
88
94
93
97
100
94
104
132
102
103
114
103
96
99
90
77
86
81
96
110
97
96
79
83
87
112
105
87
89
82
96
93
87
95
94
99
88
87
108
70
88
94
102
95
112
103
90
94
103
97
105
99
107
106
97
94
111
93
93
88
95
95
84
104
92
82
81
96
115
106
89
83
86
99
93
101
88
96
69
86
79
82
92
97
87
74
99
78
103
93
72
99
87
91
86
92
96
109
102
82
93
80
96
100
81
90
87
84
109
99
91
88
80
102
86
92
70
98
93
83
94
93
99
87
73
89
79
83
95
82
94
103
96
76
84
85
83
92
84
90
79
105
94
92
99
81
103
78
86
103
90
93
102
96
108
90
93
83
90
89
95
88
89
95
95
84
97
102
101
103
101
72
87
93
97
89
93
92
72
75
88
83
99
114
99
104
84
96
94
82
80
73
89
79
85
71
67
84
85
76
89
109
93
135
127
106
150
200
279
314
350
404
350
312
247
170
137
107
79
72
92
87
84
83
84
80
91
79
72
82
79
74
77
92
87
90
98
62
80
86
91
87
92
78
90
82
82
71
101
84
70
78
97
93
104
98
103
97
83
78
93
85
69
88
80
80
82
75
77
90
74
97
88
98
98
83
88
86
78
84
77
84
82
79
96
76
82
85
84
71
61
89
87
90
93
81
84
95
109
73
83
83
77
88
85
91
84
73
119
114
120
120
117
103
113
91
81
94
84
101
84
84
97
95
102
85
82
81
88
89
84
70
94
69
69
85
64
82
85
82
66
91
98
91
92
84
86
80
53
89
79
68
76
80
74
72
77
85
81
95
104
110
93
127
127
134
104
125
97
111
88
81
86
78
77
80
92
81
83
81
76
67
78
66
61
78
93
81
75
67
92
73
74
72
75
94
81
72
68
70
62
78
78
83
63
76
75
80
77
71
63
67
70
71
75
76
79
58
65
91
73
77
64
69
64
63
69
74
70
80
69
82
79
68
61
77
87
71
72
74
77
72
88
96
70
85
99
74
79
95
83
91
96
81
65
88
82
64
76
82
71
80
87
88
101
99
105
92
102
117
107
94
110
90
112
97
105
104
113
123
119
129
113
89
94
92
87
72
83
70
83
73
65
57
70
67
85
79
75
81
82
64
75
84
84
78
78
77
70
83
83
78
71
74
88
72
87
108
94
107
107
81
87
80
74
75
69
74
71
51
65
75
72
84
83
72
64
62
73
76
59
68
62
53
81
59
50
59
73
68
65
77
64
78
63
71
64
68
73
68
72
69
60
69
68
79
69
54
58
66
67
83
61
69
67
75
71
63
68
65
72
73
85
77
65
62
68
77
72
79
73
71
80
59
72
77
66
52
87
79
61
79
75
63
75
78
64
75
85
62
71
68
69
82
74
73
64
83
68
81
63
64
82
70
74
55
63
79
76
81
81
68
68
85
62
78
69
78
76
87
65
70
68
61
59
73
65
59
69
51
59
70
63
80
65
65
75
76
64
63
68
64
69
63
63
72
70
52
74
56
59
61
56
68
63
50
69
70
60
48
64
59
47
64
69
70
60
72
74
84
56
65
68
71
76
68
70
69
73
77
73
71
65
80
66
80
69
63
82
76
78
73
73
80
76
90
67
74
74
70
56
65
70
62
57
65
64
76
54
71
70
82
66
68
48
61
56
41
62
54
57
62
88
59
51
63
79
86
66
87
79
87
68
70
73
89
79
77
70
60
72
51
62
75
76
82
86
84
77
97
87
70
86
82
92
77
75
54
79
64
64
81
66
66
82
94
85
99
88
91
60
70
54
57
57
61
59
49
63
63
45
56
53
50
57
52
66
66
46
60
64
52
56
65
52
57
48
51
51
68
55
49
47
50
51
69
59
62
72
52
39
55
49
67
56
49
61
74
55
78
56
53
63
56
57
56
55
69
52
53
55
74
75
79
58
61
54
51
42
57
60
62
55
59
69
61
62
60
52
75
82
68
76
66
59
72
49
66
59
51
62
58
48
55
62
49
54
65
60
65
65
58
52
57
52
76
60
58
70
61
66
44
67
59
53
64
45
38
42
51
60
77
59
59
73
56
65
78
79
64
60
57
57
56
65
51
48
51
44
40
50
55
51
50
50
48
46
65
43
63
45
46
53
53
70
56
61
55
61
42
51
53
62
66
63
63
65
86
79
104
97
91
87
95
91
68
63
63
51
50
53
52
63
57
64
48
37
40
64
50
45
51
61
54
48
61
62
79
87
114
137
134
156
135
126
103
86
63
60
79
65
57
60
62
40
51
53
51
40
51
54
58
46
47
63
59
57
61
68
77
51
65
64
58
57
64
62
74
58
60
65
71
63
63
58
67
58
51
54
54
43
44
57
47
53
44
63
51
45
57
60
44
59
56
44
47
46
57
55
49
41
41
43
56
58
42
45
58
50
46
35
57
46
39
42
50
51
57
46
47
51
40
53
46
47
37
40
50
41
42
50
48
59
41
50
53
53
49
53
34
52
56
62
58
53
69
59
53
66
62
68
45
48
66
51
51
32
50
44
57
53
47
53
46
37
43
56
56
56
43
47
57
43
48
48
43
40
36
55
48
34
32
51
43
53
45
37
50
46
42
36
38
37
36
36
45
40
36
33
45
42
52
38
32
50
48
28
48
44
41
43
34
44
36
37
34
49
45
50
32
49
35
33
51
41
34
53
44
35
42
35
40
45
37
40
48
36
45
23
34
34
50
36
36
34
38
42
40
45
58
52
63
53
56
76
71
53
65
54
41
46
56
44
53
48
53
63
74
66
84
64
57
41
49
44
53
38
31
40
28
37
40
46
39
34
47
37
46
42
33
46
37
39
45
47
39
37
57
50
54
61
50
41
35
40
33
39
49
47
42
43
41
46
24
54
56
44
65
72
60
56
68
56
59
37
37
33
32
47
41
37
30
54
31
38
35
43
38
51
31
45
31
33
37
35
44
40
43
38
31
24
41
37
19
45
43
33
35
30
32
29
37
29
24
28
33
41
28
21
46
30
26
31
36
43
37
28
27
30
41
22
34
27
27
27
35
31
33
33
29
38
45
37
33
34
32
37
40
38
33
42
49
43
47
39
38
45
40
41
45
40
43
41
37
44
29
39
32
34
35
35
40
45
51
58
71
62
67
47
47
51
46
46
42
40
40
41
49
33
42
39
43
51
53
47
55
58
46
36
44
43
43
37
45
31
27
36
37
39
37
50
47
39
53
76
64
79
81
59
63
60
51
39
45
56
50
44
31
39
38
31
41
42
27
38
25
39
28
40
32
33
29
28
28
33
34
27
31
31
43
29
34
35
24
26
38
35
28
27
44
23
29
38
28
30
35
29
27
25
30
31
43
34
46
29
47
26
33
40
25
34
26
42
27
38
31
34
27
38
29
27
20
27
36
32
24
26
31
31
21
19
30
26
40
26
23
31
43
37
28
39
32
38
36
33
27
18
30
25
32
29
29
23
26
31
42
21
24
33
30
27
31
33
22
27
22
37
30
25
37
34
37
28
41
38
34
34
44
27
33
40
38
34
41
25
35
31
30
31
25
36
39
27
30
25
32
26
38
32
33
13
23
25
30
20
40
42
28
33
47
43
31
19
41
26
21
32
26
41
33
38
39
28
55
46
35
44
26
27
28
22
34
26
13
26
27
26
21
35
27
21
19
36
35
23
30
22
27
23
36
25
36
31
22
28
24
26
34
24
26
28
22
19
29
29
23
38
42
32
35
42
32
33
27
23
33
34
35
25
33
26
28
27
32
20
24
26
27
28
30
21
27
26
26
27
28
18
21
35
21
31
20
20
21
31
20
20
31
19
32
28
30
33
21
39
16
27
34
23
23
31
23
25
34
32
28
18
36
22
21
28
25
27
10
23
23
29
22
27
23
20
33
39
22
32
27
25
25
29
21
20
34
18
31
16
25
28
30
29
22
19
28
29
31
23
31
22
24
16
19
19
26
29
18
25
16
23
20
21
29
22
19
13
25
25
15
19
26
18
23
27
25
21
35
20
18
12
25
27
12
23
27
22
23
24
12
24
27
18
19
32
18
22
31
15
27
16
26
17
25
27
25
19
18
18
21
25
17
18
23
28
21
28
25
25
20
25
27
20
28
18
25
24
18
25
19
24
24
15
20
24
13
19
17
22
22
17
20
24
19
19
13
16
17
25
18
15
12
20
19
16
20
17
17
16
17
20
20
15
17
12
15
13
19
15
18
19
16
15
17
15
20
20
20
23
19
18
28
13
22
25
33
24
23
26
21
20
22
25
18
19
25
18
20
25
16
13
16
21
15
23
31
29
35
25
33
36
27
30
31
28
23
17
29
23
19
18
17
18
18
23
19
16
24
20
24
23
16
22
25
19
31
23
27
44
48
79
77
86
87
87
89
61
34
23
18
23
22
22
20
23
13
16
18
16
18
23
28
17
20
11
22
13
15
12
13
15
21
18
17
15
19
23
19
10
18
10
21
23
11
10
18
24
26
9
14
13
19
25
17
11
18
16
21
17
13
13
15
17
13
17
15
16
24
18
12
9
22
19
18
21
15
11
16
23
16
16
17
13
20
21
12
17
8
11
21
11
18
13
13
12
19
16
19
13
10
17
8
10
20
11
22
15
21
19
12
7
16
21
23
18
24
19
16
14
9
15
20
21
12
14
10
12
11
18
15
9
14
13
15
19
16
13
19
18
15
13
26
32
20
18
24
25
20
22
25
31
20
13
24
17
17
16
15
23
20
22
22
10
19
21
22
18
15
10
20
12
16
17
10
21
21
20
15
23
16
15
13
17
10
9
17
14
8
8
9
15
13
16
13
12
9
10
18
10
16
16
17
10
14
12
15
17
18
13
16
17
13
14
14
16
15
13
15
12
11
16
14
14
13
12
7
8
14
13
12
15
13
17
14
7
10
10
13
11
13
21
8
9
5
13
11
14
18
10
17
13
8
21
12
14
14
17
12
18
10
14
13
10
14
16
13
22
25
22
29
10
14
13
8
14
17
9
22
13
13
11
7
10
17
12
16
15
18
18
13
16
14
11
13
13
11
11
10
15
11
18
6
6
15
19
10
18
16
12
16
13
15
11
6
14
16
15
9
15
8
11
18
15
12
15
13
12
8
13
13
12
15
6
11
10
11
6
9
10
14
7
14
10
4
16
13
10
14
11
15
20
10
15
11
8
10
14
5
15
7
7
12
12
11
13
13
14
11
15
15
17
13
12
7
7
10
15
10
11
7
10
9
11
9
11
12
14
4
8
14
13
6
19
11
13
8
3
16
18
8
22
8
4
10
11
4
16
6
17
7
5
6
14
5
12
15
14
12
11
13
6
18
11
10
11
17
7
12
10
21
12
13
13
10
8
13
9
7
8
9
11
9
8
10
7
7
9
8
6
6
1
6
8
10
11
7
5
5
11
15
11
8
17
11
9
5
17
10
6
10
6
6
6
5
15
8
10
17
10
14
9
9
11
12
11
8
8
12
6
7
3
10
9
7
3
10
6
7
7
15
3
17
10
13
9
9
8
10
12
13
16
8
10
15
14
12
8
11
5
18
10
13
16
15
8
5
8
9
10
5
12
9
10
9
12
8
8
11
8
12
5
8
13
10
11
11
7
6
14
7
10
16
9
8
12
15
8
8
11
13
4
11
12
8
8
11
10
9
8
9
8
3
10
6
6
13
7
7
13
11
5
7
6
4
8
13
11
8
5
6
13
9
10
9
8
7
7
9
4
6
8
16
6
13
6
11
6
4
10
8
10
8
5
4
6
5
7
3
8
6
7
8
7
9
6
8
13
12
11
3
4
8
12
13
10
7
6
9
5
10
12
4
6
7
13
3
15
4
8
7
5
7
11
6
8
9
9
10
8
6
4
4
9
9
6
10
7
8
5
11
7
5
6
7
8
7
7
9
8
9
7
5
7
6
8
8
10
13
10
10
10
11
13
10
13
5
9
6
6
8
8
10
7
7
5
6
4
5
8
5
7
1
3
9
5
3
5
7
5
7
6
2
10
7
3
5
6
12
5
3
7
7
3
5
5
5
5
3
5
1
4
6
8
6
5
13
8
4
6
3
5
9
6
2
3
5
12
6
10
4
5
3
6
2
3
4
8
8
10
5
7
5
6
6
5
6
4
9
7
6
9
7
14
6
5
6
9
10
7
7
9
5
3
4
8
4
7
5
5
3
6
6
1
7
3
6
8
7
8
4
9
5
7
4
2
12
4
7
6
3
9
8
6
10
8
5
5
8
3
6
6
6
5
3
6
7
4
7
7
7
9
8
2
5
7
3
5
4
6
5
7
7
7
5
4
4
6
5
6
3
9
10
8
8
6
5
6
7
2
5
2
7
7
5
9
2
3
5
5
3
5
7
8
1
5
4
6
1
5
5
7
1
2
4
6
3
4
6
3
4
0
5
7
7
5
4
9
3
5
6
8
9
8
8
6
4
4
5
7
6
9
7
4
3
10
4
6
9
5
4
7
7
1
8
4
8
8
7
0
3
4
5
5
6
7
4
3
4
4
4
6
3
4
5
4
8
4
4
4
1
3
4
3
8
3
2
2
3
1
4
3
6
5
3
5
8
3
5
2
1
1
5
5
5
9
6
6
2
7
5
5
6
5
5
3
1
10
6
4
5
5
2
6
5
5
3
11
3
3
4
4
3
3
2
3
6
4
2
4
3
4
2
3
2
2
4
3
6
5
4
2
4
3
3
2
6
2
4
5
1
3
4
1
7
5
0
4
5
6
1
5
4
2
3
2
4
4
3
2
6
2
6
6
4
6
2
1
3
3
4
5
4
4
6
5
2
3
2
8
4
8
2
7
3
5
5
4
1
4
6
5
5
5
2
3
6
4
7
6
9
6
3
5
4
2
0
5
8
1
2
3
6
2
3
2
4
5
4
2
5
4
6
3
6
4
4
0
3
6
2
5
2
6
4
4
6
2
6
3
0
8
1
1
3
2
1
2
3
5
4
2
4
3
3
5
8
5
4
4
2
3
2
5
2
1
2
1
3
3
5
0
1
2
4
2
3
3
6
4
2
3
1
2
7
2
3
3
3
4
3
2
4
4
5
3
7
5
2
4
3
4
3
3
6
3
2
2
0
1
3
2
4
4
3
1
7
3
2
3
7
1
2
0
4
3
4
3
1
6
4
1
2
5
3
2
2
5
4
4
1
6
2
2
2
2
1
2
6
0
2
7
5
3
6
7
0
3
4
2
2
2
6
3
4
4
1
4
1
6
1
6
2
3
3
2
2
0
4
1
2
1
2
3
4
0
2
2
2
4
0
5
5
1
3
1
1
0
3
3
2
5
4
1
3
1
1
0
4
5
6
2
2
2
2
5
0
2
9
3
6
2
0
4
1
2
1
3
5
4
3
1
4
2
3
3
3
1
4
1
3
2
1
2
1
2
4
3
1
2
2
2
3
2
4
3
2
5
1
3
3
3
1
2
1
1
5
3
2
2
2
0
3
2
2
2
1
1
2
4
3
1
0
3
0
1
1
4
4
2
3
1
2
3
3
0
5
1
4
3
1
2
1
1
2
2
2
4
4
1
2
2
4
1
3
5
2
1
4
0
0
0
3
1
4
2
2
0
2
0
1
2
3
2
5
2
2
1
3
5
3
2
0
1
2
3
3
1
1
6
2
2
6
3
3
2
2
1
2
3
0
3
2
1
3
3
1
3
2
0
5
2
2
4
4
3
1
4
2
1
4
2
5
4
2
2
4
1
1
5
0
3
1
1
0
1
4
1
2
2
2
4
4
1
2
0
1
2
2
1
0
2
3
4
1
6
3
5
3
2
2
2
1
3
2
6
2
2
4
2
2
6
1
1
2
3
5
0
3
3
1
2
1
1
1
3
0
2
0
2
3
2
5
6
1
1
2
2
1
1
0
4
3
2
1
3
0
1
0
2
1
2
2
1
2
3
3
1
2
1
2
1
2
3
1
3
6
1
1
2
0
4
1
3
2
0
2
5
0
1
1
1
1
5
0
1
0
1
2
4
2
2
3
1
1
2
4
0
0
2
1
2
2
2
3
2
2
4
1
2
2
1
2
2
5
1
0
1
2
1
1
0
1
1
0
0
2
2
2
2
0
1
1
2
1
2
0
1
0
1
0
0
3
0
1
0
1
0
1
3
2
5
3
2
0
1
3
0
2
0
1
1
0
1
1
1
1
2
2
0
2
2
2
2
2
1
1
0
1
0
1
3
1
3
2
1
2
1
2
2
4
1
0
0
1
2
3
3
0
4
1
1
4
0
0
1
3
0
1
1
4
0
3
5
1
0
4
1
4
3
2
1
3
1
1
3
0
3
1
2
2
0
2
0
1
1
3
2
2
0
2
3
0
0
0
1
1
3
0
3
0
2
1
2
2
0
0
2
2
3
2
1
1
1
2
5
3
1
1
2
1
1
0
1
1
1
2
1
1
5
1
3
2
4
3
3
0
5
0
2
0
1
1
2
1
1
2
1
2
1
2
1
1
0
1
2
1
1
2
1
0
1
1
1
1
0
0
3
3
1
1
0
1
0
1
0
0
1
1
2
2
0
0
0
0
1
2
1
0
0
2
1
3
1
0
3
1
2
0
1
1
0
1
4
2
1
1
1
1
0
0
2
1
1
1
2
1
2
1
1
3
1
0
1
1
1
2
1
4
3
2
3
2
2
0
1
0
0
2
1
2
1
3
2
3
2
4
0
0
1
2
1
2
1
0
1
0
0
0
0
0
1
2
1
1
3
0
1
1
0
1
0
1
2
1
0
0
0
1
0
0
2
1
3
0
1
0
2
1
2
0
0
0
0
0
1
0
2
0
1
2
1
0
2
1
2
1
1
0
1
1
1
0
1
0
2
1
1
1
2
1
1
0
1
2
2
0
0
1
1
3
0
1
1
0
2
1
1
0
3
1
1
2
0
1
5
1
1
2
2
2
0
2
0
0
2
1
3
0
0
3
2
1
0
3
3
2
0
1
2
1
1
3
0
2
2
0
4
2
1
1
1
0
1
1
0
1
2
3
1
1
2
0
0
1
0
2
0
0
1
2
0
0
0
0
2
1
0
2
1
1
0
1
1
0
1
0
0
0
2
0
1
1
0
1
0
1
0
1
2
2
1
1
0
1
0
1
1
0
1
0
0
1
2
1
2
3
1
4
2
0
0
1
0
2
1
0
0
2
3
2
2
2
2
0
1
0
0
0
0
3
1
0
0
1
0
0
1
2
1
0
1
1
0
1
2
1
1
1
2
0
1
2
0
1
1
0
1
4
2
0
2
0
0
1
1
2
2
1
0
0
0
1
1
0
1
1
0
1
1
0
0
2
0
2
3
2
1
1
0
1
0
0
0
0
0
1
2
0
0
0
2
1
1
1
2
1
1
0
0
0
1
0
1
0
0
0
2
2
3
0
0
0
1
0
2
1
0
1
0
0
1
0
1
0
0
1
2
1
1
1
2
2
4
2
3
1
0
0
1
1
2
2
2
1
0
1
1
1
0
0
1
2
1
1
1
1
0
0
0
0
0
2
1
0
0
1
0
2
1
1
1
1
1
1
0
0
2
1
0
0
1
0
0
1
0
0
1
1
0
0
0
0
0
0
2
0
0
0
0
0
0
0
1
0
0
0
0
0
1
0
1
1
0
2
0
0
0
0
1
0
0
0
1
1
0
0
1
0
1
0
1
0
0
0
1
0
1
1
1
1
1
0
1
0
1
0
0
1
2
0
1
0
0
0
0
1
1
1
0
0
1
0
1
2
0
0
2
0
0
0
0
2
0
1
0
1
0
1
0
0
0
1
2
1
1
2
2
1
0
1
0
1
1
1
1
0
0
1
2
0
1
0
0
2
1
1
0
2
0
0
0
0
0
1
0
1
0
1
1
1
0
0
1
0
0
0
0
3
0
0
0
1
0
1
0
0
1
0
1
1
0
0
1
0
0
0
0
1
0
1
2
1
1
0
0
2
0
0
0
0
0
0
1
1
0
1
0
0
1
0
0
0
1
2
0
1
1
0
0
0
1
1
2
0
2
0
2
1
0
0
2
0
1
2
0
0
2
2
1
1
0
0
1
1
1
0
1
1
1
0
0
0
0
2
1
1
2
1
1
0
1
0
1
1
0
1
2
1
0
3
2
0
0
2
0
0
0
0
0
1
0
0
0
1
0
1
0
0
0
0
0
0
0
0
0
1
0
0
0
0
1
0
0
1
0
2
1
1
0
1
2
1
0
1
0
0
1
1
0
0
1
0
2
0
1
0
1
0
0
0
2
0
1
0
0
0
0
2
0
0
1
1
0
0
0
0
0
0
0
0
1
0
0
0
0
0
0
0
0
1
0
0
1
1
0
0
0
0
2
0
1
1
3
2
0
1
1
0
1
1
1
0
1
1
1
0
1
1
1
1
0
0
1
0
2
1
0
0
0
0
0
1
1
0
1
0
1
0
1
1
0
0
0
0
0
0
0
0
1
2
2
2
1
0
2
1
0
1
0
1
0
0
1
0
0
2
1
1
0
0
0
0
1
0
0
0
0
0
0
0
0
0
0
3
0
1
0
0
0
1
0
1
0
2
1
2
0
0
1
1
1
0
1
1
0
0
0
0
1
0
0
1
1
0
1
0
0
0
0
0
0
0
2
0
0
0
0
0
0
1
0
2
0
1
1
0
1
0
0
0
2
0
1
0
1
0
0
0
0
0
1
1
0
0
0
2
0
1
1
1
1
0
2
0
1
0
1
1
0
1
0
0
1
0
0
0
0
1
0
0
0
0
1
0
1
0
1
1
0
0
0
0
0
1
2
0
1
0
0
1
0
1
0
2
1
0
1
0
0
1
0
0
0
2
0
0
0
1
1
0
0
2
1
1
0
0
0
0
0
0
0
1
1
0
1
1
1
0
1
1
0
0
0
1
0
0
0
1
0
0
0
0
1
1
0
0
0
0
0
1
0
1
0
1
2
0
2
1
0
2
0
0
2
1
1
1
1
0
0
0
0
1
0
0
0
0
0
0
0
0
0
1
0
0
0
1
0
1
0
0
0
0
0
0
1
0
1
1
0
0
1
2
0
0
1
1
0
0
0
0
0
0
0
1
0
0
0
0
0
0
0
0
2
1
0
0
1
0
0
0
0
0
0
0
0
0
0
0
1
2
0
0
0
0
0
1
1
0
2
0
0
0
0
0
0
0
2
2
0
0
1
0
1
1
0
0
0
0
0
0
0
0
2
0
1
0
0
0
1
1
0
1
0
0
2
0
0
0
0
0
1
0
0
0
0
0
0
0
0
0
0
1
0
0
1
0
1
0
0
1
0
0
0
0
0
0
1
0
0
0
0
1
0
1
0
2
0
0
0
0
1
1
0
1
0
0
0
0
0
1
0
0
0
2
0
1
0
0
0
0
1
0
0
0
1
0
0
0
2
0
0
1
0
1
0
1
2
0
0
0
0
2
1
1
1
0
0
1
0
1
0
0
0
0
0
0
0
0
0
0
0
0
0
1
0
1
0
0
0
2
1
0
1
0
1
1
0
0
1
0
0
0
0
0
1
0
0
1
0
0
0
0
0
0
1
1
0
1
0
2
0
1
0
1
0
1
0
0
0
1
1
0
0
1
1
0
1
0
0
0
0
0
0
1
0
1
1
1
0
0
2
1
0
0
1
0
1
1
0
0
0
0
0
1
2
0
0
1
0
2
1
0
1
1
1
2
0
0
0
0
0
1
0
1
1
0
1
1
0
1
1
0
0
0
0
1
0
0
0
0
0
0
0
0
0
0
0
0
0
0
0
0
0
1
1
0
0
0
0
0
0
1
0
0
0
0
2
0
0
0
0
1
0
0
1
0
1
0
0
0
0
0
1
1
1
0
0
0
0
0
1
0
1
1
0
1
0
0
0
0
0
0
1
0
0
0
0
1
0
0
1
0
0
0
0
0
0
1
1
0
0
0
1
0
2
0
2
0
0
0
0
0
0
0
0
0
0
0
0
1
0
0
0
0
0
1
0
0
0
0
0
0
0
0
0
0
0
0
1
1
1
0
0
0
0
0
1
0
0
0
0
0
0
0
0
0
0
0
0
0
0
0
1
1
0
0
1
1
0
0
1
0
0
0
0
0
0
0
0
0
1
0
0
0
0
0
0
0
0
0
0
0
0
0
1
0
1
0
0
0
1
2
0
1
0
0
0
0
1
0
1
1
0
0
0
0
2
0
0
0
0
1
0
0
2
0
0
0
0
0
0
0
0
0
0
0
0
0
0
0
1
0
0
0
0
0
0
0
1
0
0
0
0
0
2
0
0
2
0
1
0
0
0
0
0
0
0
0
1
2
0
0
0
1
0
0
0
0
0
0
1
0
0
0
0
0
0
0
0
0
0
1
0
0
0
0
0
1
0
0
0
0
0
0
0
1
0
1
0
1
0
0
0
2
1
0
2
0
0
1
0
0
1
0
0
0
1
0
0
0
0
0
0
0
0
0
0
0
0
0
1
0
0
0
0
0
0
0
0
1
2
0
1
0
0
0
0
1
0
0
0
1
0
0
1
0
0
0
0
1
0
0
0
0
1
0
0
1
0
0
0
0
0
0
1
0
0
0
0
0
0
1
0
0
1
0
0
0
0
1
1
0
0
0
0
0
0
0
1
0
0
0
0
0
0
0
0
0
0
0
0
0
0
0
0
0
1
1
0
0
0
0
0
1
0
0
0
0
0
0
0
0
0
0
0
0
0
1
0
0
0
0
0
0
0
0
0
0
0
0
0
0
1
0
0
0
1
0
0
1
0
0
1
1
0
0
0
0
1
0
0
0
0
1
0
1
0
1
0
0
0
0
0
0
0
1
0
0
0
0
0
0
0
0
0
1
0
0
1
0
0
0
0
0
0
0
1
0
0
1
1
0
0
1
0
1
0
0
0
0
0
0
0
0
1
0
0
0
0
1
0
0
1
0
0
0
0
1
0
0
0
0
0
0
0
0
0
0
1
1
0
0
0
1
2
1
3
0
1
0
0
0
0
1
0
0
1
1
0
1
1
0
0
0
0
1
0
0
0
1
0
0
0
0
0
0
0
0
0
0
0
0
0
1
0
0
0
0
2
0
0
2
1
0
0
0
0
0
1
0
0
0
0
0
1
0
0
0
0
0
0
0
1
0
0
0
1
0
0
0
0
0
0
0
1
0
0
0
0
0
0
0
0
0
0
0
1
0
0
0
0
0
0
1
0
0
0
0
0
1
0
0
1
0
0
0
0
1
0
1
0
0
0
0
0
0
0
0
0
0
0
0
0
1
0
0
0
0
1
0
0
0
1
0
0
0
1
0
0
1
0
0
0
0
0
0
0
0
0
0
0
0
0
0
0
1
0
0
0
0
0
0
0
0
0
0
0
0
0
0
0
1
0
1
0
1
0
0
0
0
0
0
0
0
0
0
0
0
0
0
0
0
0
0
0
0
0
0
1
0
0
1
0
0
0
0
0
0
0
0
0
0
0
1
0
1
0
0
0
0
0
0
0
0
0
0
0
1
0
0
0
0
0
0
1
0
1
0
0
0
0
1
0
0
0
0
0
0
0
0
0
0
0
0
0
0
0
0
0
0
0
1
0
0
0
0
0
0
0
0
0
0
0
0
0
1
0
0
0
1
0
0
0
0
0
0
0
0
0
0
0
0
0
0
0
1
0
1
0
0
1
0
0
0
0
0
0
0
2
1
0
0
0
0
0
0
0
0
0
0
0
0
0
0
0
1
0
0
0
0
0
0
0
0
0
0
0
0
0
0
0
0
0
0
0
1
0
0
0
1
0
0
0
0
1
1
0
0
0
0
0
0
0
1
0
0
0
0
1
0
0
1
0
0
0
0
0
0
0
0
0
0
1
0
2
1
0
0
0
0
0
0
1
0
1
0
0
0
0
0
0
1
1
0
0
1
0
0
0
0
2
0
0
0
0
0
0
0
0
0
1
0
0
0
0
0
0
0
0
0
0
0
0
0
0
0
0
1
0
0
0
0
0
0
0
0
0
0
0
0
0
1
0
0
0
0
0
0
3
1
0
0
1
0
0
1
0
0
0
1
0
0
0
0
0
0
0
0
0
0
0
0
0
0
0
0
0
0
0
0
1
0
0
0
0
0
0
0
0
0
1
0
0
1
0
0
0
0
0
0
0
1
0
0
0
0
0
0
0
0
0
0
0
0
0
0
0
0
0
1
0
0
0
0
1
0
0
0
0
1
0
0
0
0
0
0
0
0
0
0
0
0
0
0
1
0
0
0
1
0
0
0
1
0
0
0
0
0
0
0
0
1
0
0
0
0
0
0
0
0
0
0
0
0
0
0
1
0
0
1
0
0
0
1
0
0
0
0
0
1
0
0
0
0
0
0
2
0
0
0
0
0
0
0
0
0
1
0
0
0
1
1
0
0
1
1
0
0
0
0
0
0
1
0
0
0
0
0
0
0
0
0
0
0
1
0
0
1
0
0
0
0
0
0
2
1
0
0
0
0
0
0
0
0
0
0
0
0
0
0
0
0
0
0
0
0
0
1
0
0
0
0
0
0
0
1
0
0
0
1
0
0
0
0
0
0
0
0
0
0
0
0
0
0
0
0
0
0
2
0
0
0
0
0
0
0
0
0
0
0
0
0
0
0
0
2
0
0
0
0
0
0
0
0
0
0
0
0
0
0
1
0
0
0
1
0
0
0
1
0
0
0
0
0
0
0
0
0
0
0
1
0
1
0
0
0
0
0
0
0
0
0
0
0
0
0
0
0
0
0
0
1
0
0
0
1
1
0
0
0
0
0
0
0
0
0
0
0
1
1
0
0
0
0
0
0
0
0
0
0
0
0
0
0
0
0
0
0
0
0
1
0
0
1
0
0
0
0
1
0
0
1
0
0
0
0
0
1
0
0
0
0
0
0
0
0
0
0
1
0
1
0
0
0
0
0
0
0
0
0
0
0
0
0
0
0
0
0
1
0
0
0
0
0
0
0
0
0
0
0
0
0
1
1
0
0
0
0
0
0
0
0
0
0
0
0
0
0
0
0
0
0
0
0
1
0
1
0
0
0
0
0
0
0
0
0
0
0
0
0
0
0
0
1
1
0
0
0
0
0
0
0
0
0
0
0
0
0
0
0
1
0
0
0
0
1
0
0
0
0
0
0
0
0
0
0
0
0
0
0
0
0
0
0
1
0
0
0
0
0
0
0
0
0
0
0
0
0
0
0
0
0
0
0
0
0
0
0
0
0
0
0
0
0
0
0
0
1
0
0
0
0
0
0
0
0
0
0
0
0
1
0
1
0
0
0
0
0
0
0
0
0
1
0
0
0
0
0
1
0
0
0
0
0
0
0
0
0
0
0
0
1
0
1
0
0
0
0
0
0
0
0
0
1
0
0
0
0
0
0
0
0
0
0
0
0
0
0
0
0
0
0
0
0
0
0
0
0
0
0
0
0
0
0
0
0
0
0
1
0
0
0
1
0
0
1
0
0
0
0
0
0
0
0
0
0
0
0
0
0
0
0
0
0
1
0
0
0
0
1
0
0
0
0
0
0
0
0
0
0
1
1
1
0
0
0
0
0
1
0
0
0
0
0
0
0
0
0
0
0
0
0
0
0
0
1
0
0
0
0
0
0
0
0
0
0
0
0
0
0
0
0
0
0
0
1
0
0
1
1
0
0
0
0
0
0
0
1
0
1
0
0
0
0
0
0
0
0
0
0
0
0
0
0
0
0
0
0
0
0
0
1
0
0
0
0
1
1
0
0
0
1
0
1
0
0
0
0
0
0
0
0
0
0
0
0
0
0
0
0
0
0
0
0
0
0
0
0
0
0
0
0
0
0
0
0
0
0
0
0
0
0
0
0
0
0
0
0
0
0
0
1
0
0
0
0
0
0
0
0
0
0
0
0
1
0
0
1
0
0
0
0
0
0
0
0
0
0
0
0
0
0
0
0
0
0
0
0
0
0
0
0
0
0
1
1
0
1
0
0
0
0
0
0
0
0
0
0
0
0
0
0
0
0
0
0
0
1
0
0
1
0
0
0
0
0
0
0
0
0
0
0
0
0
0
0
0
0
0
0
0
0
0
0
0
0
1
0
0
0
2
0
0
1
0
0
0
3
0
0
1
0
0
0
0
0
0
0
0
0
0
0
0
0
0
1
0
0
0
0
0
0
0
0
0
0
0
0
0
0
1
1
0
0
0
0
0
0
0
0
0
0
1
0
0
0
0
0
0
0
1
0
0
0
0
0
0
0
0
0
0
0
0
0
0
0
0
0
0
0
0
0
0
0
0
0
0
0
0
0
0
0
0
0
0
0
0
0
0
0
0
0
0
0
0
0
0
0
0
0
0
0
0
0
0
0
0
0
0
0
0
0
0
0
0
0
0
1
0
0
0
0
0
0
0
0
0
0
0
0
0
0
0
0
0
0
0
0
1
0
0
0
0
0
1
0
0
0
0
0
0
0
0
0
0
0
0
0
0
0
0
0
0
0
0
0
0
0
0
0
0
0
0
0
1
0
0
0
0
0
0
0
0
0
0
0
1
0
1
0
0
0
0
1
0
0
0
0
0
1
0
0
0
0
0
0
0
0
0
0
0
0
0
0
0
0
0
0
0
0
0
0
0
0
0
0
0
0
0
0
0
0
0
0
0
0
0
0
0
0
0
0
0
0
0
0
0
0
0
0
0
0
0
0
0
0
0
0
0
0
0
0
0
0
0
0
0
1
0
0
0
0
0
0
0
0
0
1
0
0
0
0
0
0
0
0
0
0
0
1
0
0
0
0
0
1
0
0
0
0
0
0
0
0
1
1
0
0
1
0
0
0
0
0
0
0
0
0
0
0
1
0
0
0
0
0
0
0
0
0
0
0
0
0
0
0
0
0
0
0
0
0
0
0
0
0
0
1
0
0
0
0
0
0
0
0
0
1
0
0
0
0
0
0
0
0
0
0
0
0
0
0
0
1
0
0
0
0
0
0
0
0
0
0
0
0
0
1
0
0
0
0
0
0
0
0
0
0
0
0
1
0
0
0
0
1
0
0
0
0
1
0
0
0
0
0
0
0
0
0
0
0
0
0
0
0
0
0
0
1
1
0
1
0
0
0
0
0
0
0
0
0
0
0
0
0
0
0
0
0
0
0
0
0
0
0
0
0
0
0
1
0
0
0
0
0
0
0
0
0
0
0
0
0
0
0
0
0
0
0
0
0
0
1
0
0
1
0
0
0
0
0
0
0
0
0
0
1
0
0
0
0
0
0
0
0
0
0
0
0
0
1
1
0
0
0
0
1
0
0
0
0
0
0
0
0
0
0
0
0
0
0
0
0
0
0
0
0
0
0
0
0
0
0
0
1
0
1
0
0
0
0
0
0
0
0
0
0
0
1
0
1
0
0
0
0
0
0
0
0
0
0
1
0
0
0
0
0
0
0
0
0
0
0
0
0
0
0
0
0
0
1
0
0
0
0
0
0
0
0
0
0
0
1
0
0
0
0
0
0
0
0
0
1
0
0
0
0
0
0
0
0
1
1
0
0
0
0
0
0
0
0
0
0
0
0
0
0
0
1
0
1
0
0
0
0
1
0
0
0
0
0
0
0
0
1
0
0
0
0
0
0
0
0
0
1
0
0
0
0
0
0
1
0
0
0
0
0
0
0
0
0
0
0
0
0
0
0
0
0
0
0
0
0
0
1
0
0
0
0
0
0
0
0
1
0
0
0
0
0
0
0
0
0
0
0
1
0
0
0
0
0
0
0
0
0
1
0
0
0
0
0
1
0
0
0
0
0
0
0
0
0
0
0
0
0
0
0
0
0
0
0
0
0
0
0
0
0
0
0
0
0
0
0
0
0
0
0
0
0
0
0
0
0
0
0
0
0
0
0
0
1
0
0
0
0
0
0
0
0
0
0
0
0
0
0
0
0
0
0
0
0
0
0
1
0
0
0
1
0
0
0
0
0
0
0
0
0
0
0
0
0
0
1
0
0
0
0
0
0
0
0
0
0
0
1
0
0
0
0
0
0
0
0
0
0
0
0
0
0
1
0
1
0
0
0
0
0
0
0
0
1
0
0
0
0
0
0
0
0
0
0
0
0
0
0
0
0
0
0
0
0
0
0
0
0
1
0
0
0
0
0
0
0
0
0
0
0
0
1
0
0
0
0
0
0
0
0
0
1
0
0
0
0
0
0
0
0
0
0
0
0
0
1
0
0
0
0
0
0
0
1
0
0
0
0
0
0
0
0
0
0
0
0
0
0
1
0
0
0
0
0
0
0
0
0
0
0
0
0
0
0
0
0
0
0
1
0
0
0
0
0
0
0
0
0
0
1
0
0
0
0
0
0
0
0
0
1
0
0
0
0
0
0
0
0
0
0
0
1
0
0
0
0
0
0
0
0
0
0
0
1
0
0
0
0
0
0
0
0
0
0
0
0
0
0
0
0
0
0
0
0
0
0
0
0
0
0
0
0
0
0
0
0
0
1
0
0
0
0
0
2
0
0
0
0
0
0
0
0
0
0
0
0
0
0
0
0
0
0
0
0
0
0
0
0
0
0
0
0
1
0
0
0
1
0
0
0
0
0
0
0
0
0
0
0
0
0
0
0
0
1
0
0
0
0
1
0
1
0
0
0
0
0
0
0
0
0
0
0
0
0
0
0
0
0
0
0
0
0
0
2
0
0
0
0
0
0
0
0
0
0
0
0
0
0
0
0
0
1
0
0
0
0
0
0
0
0
0
1
0
0
0
1
0
0
0
0
0
0
0
0
0
0
0
0
0
0
0
0
0
0
0
0
0
0
0
0
1
0
0
0
0
0
0
0
0
0
0
1
0
0
0
0
0
0
0
0
0
0
0
0
0
0
0
0
1
0
0
0
0
0
0
0
0
0
0
0
0
0
0
0
0
0
0
0
0
0
0
0
0
0
0
0
0
0
0
0
0
0
0
0
0
0
0
0
0
0
0
0
0
0
0
0
0
0
0
0
0
0
0
0
0
1
0
0
0
0
0
0
0
0
0
0
0
0
0
0
0
1
0
0
0
0
0
0
0
0
1
0
0
0
0
0
0
0
0
0
0
0
0
0
0
0
0
0
0
0
0
0
0
0
0
0
0
0
0
0
0
0
0
0
0
0
0
0
0
0
0
0
0
0
0
0
0
0
0
0
0
1
0
0
0
0
0
0
0
0
0
0
0
0
0
0
0
0
0
0
0
0
0
0
0
0
0
0
0
0
0
0
0
0
0
0
0
0
0
0
0
0
0
0
0
0
0
0
0
0
0
0
0
0
1
