0
0
0
0
0
0
0
0
0
0
0
0
0
0
0
0
0
0
0
0
0
0
0
0
0
0
0
0
0
0
0
0
0
0
0
0
0
0
0
0
0
0
0
0
0
0
0
0
0
0
0
0
0
0
0
0
0
0
0
0
0
0
0
0
0
0
0
0
0
0
0
0
0
0
0
0
0
0
0
0
0
0
0
0
0
0
0
0
0
0
0
0
0
0
0
0
0
0
0
0
0
0
0
0
0
0
0
0
0
0
0
0
0
0
1
0
1
1
5
5
1
2
2
0
0
3
0
0
2
2
3
172
3184
37398
128936
283958
472653
597744
646392
733476
760069
671024
387764
90047
23321
11995
8132
6197
5639
5851
5715
5631
5399
5410
5654
7025
8037
8222
6824
5202
4565
4391
4070
4132
3985
3956
3680
3521
3380
3239
3116
2994
2822
2768
2612
2440
2441
2262
2152
2049
2012
1963
1769
1660
1678
1609
1479
1420
1400
1322
1313
1343
1205
1249
1153
1140
1096
1029
1071
987
987
1001
910
941
860
856
926
836
848
855
760
836
838
778
777
786
720
687
745
685
695
657
708
685
676
671
663
600
634
636
613
573
614
554
565
527
584
545
530
582
561
471
494
530
487
545
520
503
520
475
471
462
475
476
471
452
515
466
491
463
470
446
425
464
597
731
739
623
504
434
443
398
433
441
418
376
408
382
433
424
386
398
357
398
361
353
368
334
345
345
361
308
357
352
343
358
351
337
349
370
344
304
301
345
322
340
291
336
322
288
335
356
315
329
286
295
305
332
264
270
319
275
283
298
298
281
281
298
268
283
275
264
275
286
264
268
284
273
297
289
302
249
276
287
245
254
281
241
263
261
264
265
253
267
256
266
234
257
255
246
246
265
264
362
517
628
575
425
274
242
231
234
245
229
213
255
231
244
241
235
225
238
227
236
219
221
206
216
235
227
212
208
218
205
226
212
204
242
215
204
205
230
207
231
243
210
197
207
209
228
176
210
203
204
193
222
198
198
210
179
196
184
221
201
201
179
207
207
223
208
300
406
455
444
353
268
177
222
189
187
194
181
160
182
171
181
210
257
233
226
197
191
181
184
201
191
185
206
199
188
182
201
184
179
192
188
206
192
211
182
215
170
194
215
192
258
256
266
216
220
204
181
163
154
184
161
154
182
160
139
164
152
161
159
138
156
139
152
165
145
130
136
121
130
130
143
146
145
155
164
196
243
225
197
147
148
130
147
149
134
155
183
249
278
297
247
167
145
157
130
142
139
124
114
139
124
122
129
123
121
113
135
130
116
114
115
128
116
112
138
106
134
143
118
138
115
135
117
104
137
145
100
125
113
109
118
103
83
124
136
143
176
178
142
113
101
116
94
115
124
110
123
123
99
119
147
179
202
153
116
121
113
111
104
96
90
111
108
103
106
122
102
104
108
100
118
91
88
104
117
116
94
90
105
99
125
87
104
116
109
118
99
109
94
81
84
115
108
100
103
101
114
110
94
94
82
107
103
89
94
102
103
109
93
90
89
94
109
89
93
99
105
100
91
91
119
163
349
724
996
1036
730
353
139
143
224
290
299
220
146
95
91
100
81
97
100
110
76
86
99
91
103
101
74
90
88
85
83
68
88
98
82
104
85
95
91
108
87
75
67
92
105
71
75
77
85
77
95
78
71
76
95
98
88
89
121
132
107
91
76
77
76
77
76
100
91
80
85
78
68
82
68
87
73
76
102
76
60
75
73
75
65
72
93
73
79
81
79
87
73
86
81
75
79
74
75
69
70
85
95
79
75
72
77
83
76
89
85
70
73
70
83
109
76
76
72
75
71
67
84
70
76
77
75
85
79
72
95
73
75
77
86
87
72
79
79
75
82
75
75
69
79
56
79
70
71
80
75
74
71
77
86
78
61
57
77
74
75
79
71
73
92
65
89
85
64
66
77
76
80
79
73
108
126
131
145
135
79
81
79
65
75
62
65
68
74
71
83
71
71
75
77
65
74
73
66
58
70
65
71
67
73
72
66
73
55
67
70
67
78
68
73
78
70
58
62
76
109
167
198
198
173
121
57
66
61
66
62
67
79
64
55
64
57
71
74
61
48
66
57
68
54
73
57
61
65
61
63
60
70
52
63
66
74
105
90
83
85
61
57
61
43
48
66
54
67
46
58
62
45
48
69
64
68
71
77
102
73
94
79
67
64
51
54
43
40
56
57
46
58
69
50
56
57
66
49
42
49
37
64
46
47
54
48
59
49
55
41
53
43
53
44
47
40
40
48
42
42
43
48
51
38
47
52
44
56
53
48
52
57
76
71
57
57
53
46
63
58
43
41
47
51
41
46
62
49
52
30
61
40
47
47
46
44
32
41
38
48
48
45
41
47
46
45
51
46
63
43
45
45
38
48
39
55
54
40
45
55
59
48
57
54
71
40
48
59
47
42
49
44
52
46
40
35
43
44
38
38
40
45
32
51
46
51
40
44
44
43
48
47
31
49
41
35
38
38
48
40
48
33
58
98
203
359
472
490
315
168
80
39
59
36
29
38
49
36
46
36
40
32
51
47
39
43
46
53
50
55
99
148
219
191
140
88
42
36
32
39
40
37
74
48
54
38
31
36
19
33
36
43
46
36
46
44
51
54
72
66
66
60
35
33
51
35
47
44
26
29
36
38
33
31
33
31
41
46
46
40
35
37
36
36
28
32
32
29
29
29
27
37
46
31
23
39
39
41
31
39
21
30
37
43
23
41
40
33
29
28
31
31
25
38
23
40
38
32
38
27
34
39
31
37
30
34
27
39
42
37
35
54
31
41
22
25
25
25
32
34
25
28
37
38
32
31
32
29
37
33
36
37
27
31
22
33
40
51
57
75
81
56
42
40
25
44
23
30
27
30
50
41
34
38
42
33
24
18
30
27
26
33
35
26
32
41
26
29
37
31
26
28
28
37
27
29
34
24
23
21
38
32
23
16
39
27
29
37
30
29
36
32
24
47
19
25
35
36
18
39
24
34
32
36
26
23
21
21
26
55
45
52
34
40
42
55
71
62
55
34
28
26
21
20
30
30
25
23
20
26
21
36
22
28
23
30
30
27
23
17
22
16
24
19
30
24
33
24
30
18
18
20
35
24
27
19
27
22
28
19
32
26
20
33
29
31
22
32
25
31
22
20
27
27
27
25
34
20
26
22
23
37
24
21
31
42
67
85
78
61
34
27
12
26
18
21
20
26
35
21
20
22
22
21
25
29
22
23
37
30
31
28
22
28
25
21
21
22
23
30
21
25
28
21
32
20
19
22
26
22
28
22
24
23
25
21
23
23
39
36
38
21
29
20
21
22
21
11
28
19
26
24
26
31
32
25
28
18
19
26
22
23
26
43
49
43
28
26
23
13
25
12
22
23
27
24
20
20
28
20
28
12
34
20
15
27
15
23
18
21
18
30
23
13
18
25
18
24
19
20
16
22
16
15
17
22
20
22
21
24
19
18
22
15
30
24
9
18
24
25
22
20
28
18
22
24
19
26
27
22
22
23
17
23
20
27
15
16
17
21
22
25
22
19
14
16
18
18
12
19
20
20
23
18
21
24
20
26
15
14
18
21
18
18
25
18
18
23
12
24
15
26
18
18
19
29
38
32
34
27
15
17
16
21
11
15
21
18
25
26
15
15
13
17
10
16
17
14
20
17
13
18
13
19
17
14
21
13
19
15
19
16
14
18
18
20
12
18
21
26
18
25
13
22
18
26
18
22
20
12
15
18
18
19
15
16
17
17
19
14
10
16
15
20
19
20
28
25
33
28
33
25
17
19
16
24
15
11
11
18
17
13
16
18
13
17
16
11
11
19
16
18
15
15
23
12
15
28
20
14
21
32
20
27
45
59
41
29
16
17
12
17
15
9
19
20
13
18
14
17
13
17
20
15
17
13
8
16
17
16
15
16
22
12
18
18
19
14
15
12
14
15
18
13
22
9
19
15
18
15
16
19
16
15
12
8
13
16
7
11
18
16
14
19
15
21
19
19
21
18
16
11
17
14
15
16
19
16
18
17
20
9
14
14
15
17
16
11
15
19
18
24
17
21
12
27
16
20
19
19
20
19
17
20
25
12
21
16
13
12
15
14
15
17
18
14
11
20
11
14
14
12
12
15
9
8
12
8
17
22
7
12
14
16
13
10
12
13
18
16
18
12
14
13
14
17
9
9
19
11
12
11
11
13
13
10
15
12
9
12
15
24
18
13
14
14
17
14
16
9
11
21
16
23
11
10
10
14
16
15
22
12
8
14
11
15
13
17
16
11
17
11
17
13
8
19
12
15
8
17
16
14
15
15
17
19
9
14
16
12
14
8
12
17
14
17
12
15
13
13
15
14
14
12
12
16
11
12
14
11
4
11
21
7
16
11
7
11
7
16
14
16
15
10
15
18
8
11
9
17
13
15
9
12
11
17
13
16
18
14
17
16
15
24
13
21
21
16
13
14
8
12
16
15
4
11
9
13
9
10
17
10
6
10
8
12
11
8
13
18
13
15
8
10
9
14
16
12
12
9
16
8
15
17
18
6
6
8
13
14
9
10
15
12
9
11
11
15
11
18
10
11
16
10
16
9
14
14
12
8
13
13
18
15
11
12
14
12
20
19
6
21
14
11
10
12
14
14
7
14
8
8
8
17
7
10
14
17
16
9
14
3
11
10
9
9
6
6
10
10
15
9
17
8
13
10
11
10
11
17
13
6
11
10
13
17
14
9
11
16
9
11
14
10
5
15
11
9
16
8
9
8
9
7
15
14
7
9
11
8
11
18
12
14
12
8
10
11
12
11
10
13
11
18
17
12
16
14
8
16
12
8
9
3
15
13
10
10
17
20
22
21
17
9
14
7
13
14
11
9
14
9
14
10
10
15
11
7
15
6
8
24
126
506
1098
1327
1045
445
113
25
15
13
19
16
19
12
20
14
16
12
15
12
8
12
11
15
10
12
19
13
13
11
9
13
11
6
10
9
9
14
15
7
7
9
8
4
10
12
11
10
7
11
11
15
8
11
15
12
7
6
6
9
20
18
12
8
8
11
7
17
10
16
14
6
6
7
6
11
10
9
15
9
16
13
16
13
13
15
12
16
16
10
8
11
12
12
15
9
5
12
13
6
12
16
9
10
11
7
6
15
11
5
8
15
13
14
12
8
7
7
10
6
8
9
10
13
6
7
21
8
14
6
4
3
19
7
5
8
16
11
9
8
7
13
12
13
10
18
15
8
15
10
6
16
6
11
14
16
7
7
9
14
8
11
2
10
10
9
11
14
14
14
6
8
15
10
9
9
5
13
5
7
7
8
9
12
7
7
3
11
8
4
12
10
12
4
8
5
9
12
9
10
11
10
13
12
8
7
9
8
2
7
14
8
5
9
9
15
15
7
16
13
7
8
10
7
8
6
8
11
6
7
6
9
11
10
11
8
4
6
7
4
7
9
9
5
9
12
14
15
11
8
10
4
10
13
10
8
5
8
7
17
7
9
8
7
7
8
7
7
10
9
5
8
11
16
15
8
9
9
8
4
9
12
13
9
7
7
9
6
8
11
6
11
7
8
9
13
8
9
12
8
4
3
8
3
7
8
4
10
7
11
11
6
7
8
6
10
12
4
8
12
7
9
15
2
8
12
8
6
7
9
4
8
6
10
11
6
6
8
12
8
6
5
11
12
6
11
4
8
9
5
9
9
4
4
12
16
5
5
10
6
10
9
3
8
7
11
9
7
6
8
6
9
5
4
6
8
6
9
7
13
13
9
8
11
6
9
12
8
5
6
9
3
5
7
9
4
5
6
12
4
12
5
7
3
4
3
9
5
8
7
5
11
8
7
10
8
8
11
10
3
5
7
9
4
8
5
14
13
14
14
9
5
10
9
12
13
9
9
9
13
12
7
12
9
13
11
6
13
9
11
6
4
5
11
6
7
6
6
15
7
9
9
13
10
9
8
9
6
5
7
7
9
9
5
6
8
6
8
13
13
4
7
7
9
4
10
9
10
3
9
7
5
9
6
15
8
5
7
10
13
6
9
7
9
12
14
5
12
8
9
5
10
7
11
6
11
6
6
4
5
8
4
4
8
11
11
8
10
11
11
7
8
5
5
5
5
11
3
4
6
7
8
4
3
9
5
8
8
5
6
6
9
2
8
3
4
6
6
7
3
6
11
6
11
7
8
7
11
5
9
9
6
4
8
8
5
7
6
9
12
9
6
7
7
6
3
7
3
7
5
10
5
7
5
4
8
3
3
7
6
3
9
9
4
8
7
2
3
4
5
11
4
6
2
8
6
15
12
7
6
6
5
3
4
4
6
13
7
9
8
12
7
3
6
5
5
11
9
5
7
4
9
10
5
5
8
4
2
4
9
13
2
12
10
12
8
7
6
6
6
3
5
4
3
4
11
9
9
7
3
10
3
4
3
11
4
6
2
1
8
6
3
5
6
5
12
12
4
6
4
4
13
3
5
4
3
6
9
6
5
8
5
6
4
7
5
5
13
5
5
8
11
5
7
10
3
3
7
8
3
5
12
9
7
5
7
11
9
5
8
11
5
0
6
4
7
12
10
12
7
8
8
8
7
7
5
12
6
1
8
4
6
5
8
4
3
2
6
6
5
12
6
4
6
5
5
6
6
6
5
5
2
6
7
6
5
10
6
2
7
2
3
6
10
6
5
3
7
5
6
6
6
5
10
7
3
2
10
2
7
7
6
8
3
3
8
8
2
4
9
7
10
9
6
12
8
5
3
4
4
5
3
6
3
2
2
4
4
10
5
4
8
1
5
8
7
3
8
6
7
7
5
6
7
3
8
6
7
9
4
6
5
4
5
7
7
7
5
8
10
6
7
11
4
2
4
1
3
2
0
2
5
5
5
13
6
5
8
5
3
5
8
14
7
5
8
8
3
6
4
4
8
6
3
7
6
4
8
5
4
5
10
4
6
5
4
5
4
2
7
3
2
7
4
4
6
4
4
5
8
6
4
8
3
6
4
6
4
5
5
6
5
7
7
5
7
5
6
6
6
2
2
3
3
3
6
5
7
8
7
9
7
9
7
6
5
7
8
8
10
5
4
7
8
8
5
7
5
2
7
4
3
6
9
16
7
6
3
3
6
8
9
7
7
7
1
2
9
6
4
6
2
6
10
7
2
6
4
6
3
6
4
2
3
7
6
8
5
6
3
4
5
2
7
7
4
4
4
9
7
5
4
3
3
6
3
8
10
7
7
3
1
5
3
6
4
4
8
7
4
7
9
8
6
5
6
6
5
4
3
6
6
4
3
3
4
6
10
5
3
1
4
8
4
1
5
10
2
4
5
7
2
5
9
2
6
4
2
12
8
2
13
7
7
5
5
4
7
3
10
5
5
4
7
5
3
5
6
2
6
3
6
11
6
5
4
3
6
4
8
6
7
5
4
4
1
5
7
6
2
4
7
6
4
5
2
3
6
6
3
6
5
3
3
6
5
7
2
3
3
4
8
10
7
6
3
1
1
7
4
4
6
5
6
7
5
7
4
10
10
7
4
1
3
4
10
7
9
5
4
4
2
4
3
4
6
2
4
1
4
3
6
7
3
7
0
9
3
8
5
3
3
4
6
3
9
7
7
6
8
2
6
2
3
3
1
4
2
3
4
4
5
6
10
3
3
7
4
4
5
5
3
3
3
3
4
6
3
7
8
3
11
3
6
4
4
3
5
3
4
6
6
6
2
5
7
7
7
5
5
8
6
3
5
8
6
3
8
5
4
4
5
4
5
2
2
2
5
1
4
3
2
8
2
6
3
3
3
2
6
6
3
1
7
2
7
3
7
1
5
2
5
7
1
1
4
2
2
3
7
9
9
6
1
6
8
1
1
4
3
3
11
3
6
2
8
2
1
3
6
3
5
3
10
2
7
4
8
2
9
1
5
13
8
5
5
3
1
4
2
2
8
5
4
2
4
5
3
3
4
3
5
2
4
3
4
3
3
5
6
3
11
4
3
2
3
3
4
3
4
2
5
3
5
7
3
9
4
6
6
4
2
4
4
7
5
7
4
3
2
2
5
6
6
7
6
1
3
8
4
4
5
4
9
8
8
7
5
5
3
4
1
4
6
5
4
4
1
4
2
3
4
2
2
2
1
3
4
4
5
2
3
5
6
10
3
2
4
3
9
3
7
8
5
4
0
7
2
5
1
4
2
5
5
5
2
5
6
7
5
2
13
6
2
7
4
5
3
5
6
2
3
4
2
1
3
3
6
3
3
0
5
4
4
4
6
5
10
0
2
6
6
5
3
2
1
1
7
4
2
3
2
3
6
2
6
3
4
5
6
4
1
1
4
5
0
4
3
4
5
3
4
2
5
7
10
3
9
7
12
11
14
11
4
3
4
1
3
1
2
3
6
2
4
5
2
3
3
4
2
5
7
1
3
5
5
7
0
1
3
2
6
4
4
4
2
6
2
1
0
4
3
2
2
3
4
4
8
4
3
2
9
3
2
6
4
1
2
2
6
3
1
2
5
3
4
2
4
4
5
3
3
2
5
5
3
4
2
0
4
5
3
4
3
4
4
4
4
7
6
2
4
3
3
6
2
5
2
1
3
1
4
2
2
2
4
1
5
2
2
2
4
5
2
3
5
1
4
8
5
7
1
0
4
2
4
5
2
0
2
1
3
1
7
3
3
5
6
3
8
1
5
5
6
3
4
4
3
2
5
3
5
5
4
9
4
4
7
2
3
2
3
4
2
5
4
2
4
4
2
3
4
4
6
3
7
6
3
4
5
5
4
3
6
4
2
3
1
7
4
4
4
4
4
5
4
3
8
4
5
5
1
1
5
4
3
1
4
3
3
3
5
8
4
6
2
2
2
3
3
5
3
5
6
3
1
3
1
3
5
5
1
2
1
2
2
2
10
4
6
2
0
3
3
3
6
1
5
1
2
4
3
2
4
2
1
3
1
5
1
6
2
1
4
3
3
5
2
5
6
7
3
3
5
3
4
6
7
0
4
2
2
1
5
2
0
7
4
2
3
2
1
3
3
1
0
5
3
3
1
2
4
3
5
2
6
5
6
6
4
4
2
4
5
3
7
7
2
2
6
5
4
2
2
7
3
2
2
3
4
3
6
2
5
5
0
7
2
3
2
1
3
0
4
6
5
2
7
2
4
3
0
3
3
5
5
1
3
1
2
2
1
2
2
2
2
3
1
4
5
4
4
2
3
4
2
2
5
3
3
7
3
6
2
3
9
11
6
5
4
2
3
3
2
2
1
2
3
3
2
2
6
3
2
2
1
3
2
3
3
4
4
2
2
4
6
2
6
0
1
6
6
9
6
5
5
2
5
4
2
3
2
1
2
2
0
2
6
3
6
4
4
3
3
2
5
2
2
5
1
5
1
3
1
6
2
5
2
8
4
3
3
1
4
3
5
2
3
5
7
6
9
8
8
3
5
5
1
2
3
3
8
5
4
2
0
3
2
0
3
4
7
3
4
2
0
1
3
4
4
4
2
2
3
4
5
4
3
1
2
4
1
3
3
3
2
2
1
5
5
6
3
2
4
1
3
3
2
6
1
6
3
5
3
2
1
4
1
3
3
5
2
5
3
2
3
3
4
2
6
5
2
2
4
2
1
2
3
5
4
2
6
1
2
4
0
2
4
1
4
4
3
1
1
6
2
6
1
5
3
3
5
2
2
0
6
4
3
4
2
3
2
2
6
3
1
1
4
0
1
7
4
3
7
2
4
4
3
3
1
4
2
3
4
3
2
2
1
3
3
1
2
5
4
1
1
4
4
3
2
0
2
2
3
3
6
2
2
1
5
3
4
0
1
5
1
3
4
0
1
1
4
5
2
0
3
0
1
4
3
3
6
2
4
3
3
5
3
3
6
1
3
3
5
2
2
2
2
1
3
2
3
2
2
0
2
2
3
1
3
4
4
2
3
3
1
1
6
2
3
6
5
1
7
3
3
4
4
3
3
5
2
1
2
4
1
7
3
1
1
6
0
2
4
3
0
3
1
2
4
3
2
5
0
3
3
3
5
4
5
2
0
3
1
1
2
4
2
2
2
5
7
6
3
6
5
3
2
2
7
2
2
5
4
3
2
7
5
1
3
2
2
1
1
5
0
4
5
5
2
9
8
3
2
4
2
2
1
3
3
4
4
2
3
1
3
2
3
3
2
2
2
1
2
3
2
3
0
2
4
4
1
3
2
2
2
1
6
3
2
2
3
4
1
1
4
2
3
1
5
3
3
5
4
5
2
2
2
1
2
2
2
2
3
1
2
1
3
1
4
3
3
1
1
1
4
2
0
1
4
5
0
0
2
2
2
2
2
3
3
1
2
3
5
2
5
4
2
3
4
4
1
3
2
4
3
2
0
1
0
4
1
5
1
0
3
2
1
2
4
2
3
1
1
1
1
3
0
3
2
0
3
3
1
5
2
3
3
0
1
2
0
0
2
1
1
2
2
3
1
0
2
2
4
0
3
2
3
1
2
2
3
2
0
1
2
2
4
1
0
5
3
3
2
4
5
0
5
4
7
2
2
1
1
0
3
2
1
3
3
1
0
7
2
1
4
2
3
5
1
2
3
1
2
5
2
3
3
2
0
0
4
0
2
3
2
0
3
3
1
3
3
1
3
0
1
2
4
2
4
5
2
0
6
3
2
1
6
0
1
6
5
1
0
1
1
2
1
4
0
1
3
2
4
3
1
1
3
0
2
1
5
0
3
3
0
2
3
2
3
3
0
1
1
1
1
0
6
0
4
0
6
5
1
2
0
2
1
4
3
2
2
3
0
4
0
1
2
3
1
1
2
3
1
2
3
2
2
6
3
5
2
2
0
2
2
3
2
1
1
3
1
4
1
0
3
1
0
5
2
2
0
1
1
2
0
3
1
0
3
2
2
1
0
2
2
2
2
5
2
2
2
2
1
0
2
0
1
3
2
0
2
0
1
3
0
1
1
1
0
0
5
2
0
2
4
0
4
1
1
2
1
1
2
4
0
1
5
3
0
1
3
1
3
1
1
2
7
3
1
3
0
1
2
2
2
1
2
3
2
1
2
3
0
3
5
2
2
2
4
1
0
0
3
2
1
2
2
1
2
3
2
6
0
3
6
3
1
4
5
1
5
2
3
1
0
5
3
3
3
2
2
2
1
5
2
2
2
3
0
1
0
1
2
5
1
3
1
2
1
0
3
1
0
2
0
1
5
2
2
3
2
4
2
1
0
1
1
3
3
2
0
3
5
3
0
1
3
2
4
3
2
3
3
1
3
0
3
2
4
1
0
4
1
1
0
1
5
2
0
1
0
2
1
0
3
1
3
2
1
2
0
1
0
3
2
2
3
2
2
3
2
1
1
1
1
2
1
0
3
2
2
1
2
3
0
2
1
2
3
1
3
1
0
3
5
1
1
1
1
1
4
3
2
3
2
1
3
2
2
2
3
0
3
1
3
1
1
3
3
3
2
2
0
4
2
4
1
2
1
1
1
1
4
1
1
3
1
3
2
5
2
1
0
1
1
1
1
2
1
2
2
3
4
2
2
1
0
1
1
4
2
3
1
1
1
1
0
1
2
3
3
1
2
2
3
2
1
1
1
1
2
2
0
1
0
2
1
2
2
1
1
2
3
1
1
0
1
1
2
2
1
2
1
0
3
1
3
5
1
1
1
2
2
2
0
2
4
0
7
3
2
2
2
1
1
0
2
1
2
0
2
1
1
1
3
4
1
0
0
0
2
0
1
1
1
1
1
2
3
0
0
2
3
1
4
4
1
2
0
0
3
1
2
3
1
2
0
1
1
2
3
1
3
3
2
2
3
1
2
3
0
3
1
0
2
1
0
0
2
2
8
0
3
1
2
3
3
0
1
2
3
5
0
0
2
7
2
4
2
1
0
0
2
2
5
2
4
1
1
3
0
2
2
3
8
0
2
0
1
0
0
1
4
2
2
2
1
1
4
0
2
1
1
1
1
1
0
2
2
2
2
2
1
1
1
2
1
0
3
3
3
3
0
2
2
3
1
3
2
3
0
1
3
3
0
1
2
3
3
4
4
0
0
2
0
2
0
3
2
1
3
2
3
1
4
2
2
1
1
1
2
2
1
3
2
1
0
1
0
0
1
2
1
1
3
1
0
1
0
2
2
0
0
3
0
0
1
0
2
3
1
1
0
2
2
2
0
1
1
2
1
3
2
0
2
2
0
3
3
1
1
2
0
1
1
4
1
2
1
3
1
1
0
3
2
2
1
0
0
1
1
5
2
2
0
3
3
5
1
4
0
3
3
2
1
4
2
1
2
3
4
1
3
2
1
2
3
4
0
2
4
2
1
2
1
2
1
5
0
1
1
0
3
2
3
2
2
3
2
1
3
2
2
1
0
2
2
0
2
1
1
0
2
2
3
1
2
1
2
0
0
1
3
2
0
2
2
2
0
3
0
0
1
1
3
1
0
2
0
2
1
2
4
2
2
2
3
2
0
0
5
1
1
2
3
3
0
1
1
1
0
1
2
2
0
1
1
2
3
0
2
3
1
1
4
2
2
3
3
2
1
1
1
1
4
0
3
3
0
0
1
3
0
1
2
0
2
1
0
2
2
0
4
0
1
0
1
1
1
2
0
3
0
1
0
2
1
2
2
1
3
0
3
0
1
2
4
0
1
2
1
2
3
2
0
0
1
1
1
0
1
1
0
1
2
0
2
0
0
1
0
1
0
1
3
3
2
2
2
1
2
2
1
1
2
2
2
1
2
1
1
3
1
2
5
2
0
3
1
1
0
2
3
3
1
3
1
0
1
1
2
2
1
0
1
3
0
0
1
1
1
3
0
0
0
0
1
0
0
1
5
1
1
1
2
0
1
2
2
1
1
0
0
2
2
3
1
0
2
1
2
2
3
0
1
2
1
1
0
0
3
2
1
5
2
4
3
0
0
1
3
3
2
1
0
3
1
1
1
3
1
1
0
0
3
2
1
0
1
1
2
2
0
5
3
0
0
4
1
0
1
0
3
1
0
0
2
2
2
2
1
3
0
3
0
2
0
0
2
1
4
0
2
1
1
3
2
1
2
2
2
3
2
1
0
1
0
2
3
0
3
2
1
0
2
4
1
2
2
2
1
4
1
0
4
2
2
0
1
3
4
4
1
0
4
3
1
1
1
3
2
1
1
5
1
1
0
0
3
2
0
0
3
0
1
2
0
1
1
1
2
6
1
0
3
3
1
1
1
2
2
1
0
0
0
3
1
0
0
6
0
1
1
2
0
4
1
0
1
1
2
0
0
1
0
2
1
0
0
4
1
1
1
2
1
0
3
1
0
1
1
0
3
2
1
2
0
3
0
3
1
2
1
0
0
1
3
0
0
2
1
2
3
1
1
2
0
0
0
0
0
4
0
0
2
2
1
1
3
2
0
1
0
1
3
2
1
3
0
3
0
0
2
2
2
1
1
4
1
2
1
0
1
0
0
2
1
3
4
5
1
2
1
1
1
2
1
1
1
2
0
0
2
2
0
1
2
0
1
2
0
2
0
0
0
3
0
1
1
0
2
1
3
1
1
3
0
1
0
1
1
1
1
1
3
0
0
0
1
3
2
2
0
1
0
1
2
1
1
1
1
2
0
1
3
1
1
4
1
3
0
0
0
2
2
2
0
2
1
2
2
1
1
2
0
0
2
0
2
1
3
0
2
3
1
2
3
0
4
3
1
1
4
0
1
1
3
0
1
1
1
0
0
4
1
2
0
0
1
1
0
3
1
0
2
0
1
0
0
0
0
1
1
0
0
2
0
1
2
0
0
1
1
0
1
0
0
1
0
0
0
2
0
0
2
0
0
1
0
0
1
4
1
1
0
2
1
2
2
0
0
2
2
2
0
0
1
0
1
0
2
2
1
1
0
0
2
3
2
1
4
1
0
3
0
1
2
0
3
1
2
0
0
1
0
2
0
1
2
3
2
0
0
3
1
0
0
0
1
0
1
2
1
1
0
0
2
1
2
0
3
2
1
1
2
0
0
2
0
1
2
0
1
1
0
0
2
0
0
2
2
0
1
0
2
0
2
0
1
1
0
0
1
4
1
0
0
0
1
0
1
0
2
1
0
1
2
1
1
1
1
2
3
1
1
3
0
0
1
0
0
1
1
3
0
2
2
0
1
0
1
0
4
2
0
2
2
0
0
1
2
1
0
1
1
2
0
2
0
0
2
1
0
1
0
0
0
0
2
2
1
2
2
0
1
2
0
1
0
2
2
2
1
0
1
0
1
3
2
0
2
2
2
0
1
1
0
0
2
0
2
3
0
1
1
1
0
0
3
0
0
0
2
1
0
1
0
0
0
0
0
1
1
0
1
1
2
1
1
2
0
1
1
2
2
0
0
1
1
0
3
0
3
1
1
3
0
0
2
0
1
1
0
0
0
0
1
2
2
1
1
0
0
1
0
0
0
0
2
0
0
2
2
1
0
3
0
0
1
1
1
0
2
1
0
1
0
0
0
1
0
0
1
0
2
0
0
1
1
2
1
2
2
3
0
0
0
1
1
0
2
1
0
0
1
2
4
2
0
1
0
1
0
0
0
0
0
0
0
1
2
2
2
0
1
2
1
0
1
1
2
0
1
0
0
0
1
1
1
0
2
2
1
2
1
0
1
0
1
1
1
1
1
3
2
1
2
2
0
3
1
0
0
1
1
0
1
0
2
4
1
0
0
1
3
0
2
4
2
1
2
1
3
1
1
2
2
2
1
4
0
2
4
1
1
0
0
1
1
0
2
0
1
0
0
0
2
0
0
1
1
2
0
0
1
1
1
0
0
2
0
2
1
1
0
0
2
1
0
1
0
1
2
0
1
1
0
0
1
2
0
0
0
1
0
0
1
1
0
0
1
2
1
2
1
1
1
0
1
0
0
0
0
0
2
2
1
1
0
0
0
0
1
1
1
1
0
0
0
1
1
1
0
2
1
0
1
1
1
0
1
0
0
2
3
0
1
0
0
0
3
1
0
1
0
0
0
3
0
1
1
2
1
0
1
1
1
1
0
0
0
4
1
1
3
0
1
1
0
1
2
4
0
0
1
1
1
2
0
0
0
1
2
3
0
0
0
1
2
0
0
0
0
3
0
2
1
1
1
0
0
1
1
0
1
0
1
3
0
1
1
1
0
1
0
2
1
0
1
3
1
1
1
0
2
2
3
0
1
3
1
1
1
0
0
1
3
3
1
1
0
0
2
1
2
1
4
1
1
3
0
1
3
3
0
1
0
0
0
1
1
0
0
0
0
0
1
1
0
2
0
0
0
1
4
1
3
0
2
1
0
0
1
0
1
0
1
2
2
3
1
2
1
0
1
2
1
0
1
0
2
1
0
0
2
0
1
0
2
2
1
1
0
1
0
0
1
4
0
0
1
3
0
1
0
2
0
1
0
1
0
2
1
0
0
2
2
0
0
0
0
1
0
1
0
1
0
0
0
0
1
1
1
2
0
0
0
1
1
2
3
2
1
1
1
1
2
1
2
0
0
2
0
1
2
0
2
0
1
1
1
1
0
1
0
0
0
2
1
1
0
0
3
0
0
1
0
0
2
1
3
1
0
1
1
1
1
0
3
1
0
2
1
1
1
0
2
0
2
3
0
0
3
1
1
1
6
1
2
0
0
3
2
2
1
0
0
2
0
0
0
0
0
0
1
2
1
0
2
2
1
1
0
2
0
1
2
1
0
1
3
1
1
1
0
2
0
0
0
2
0
0
1
0
0
1
1
2
0
1
2
1
3
1
1
1
4
2
2
1
1
0
0
0
0
2
0
0
0
2
1
1
1
2
0
0
1
2
0
1
0
0
1
0
3
1
0
2
1
2
0
1
0
1
2
0
1
2
1
0
0
1
1
0
0
1
2
1
1
0
0
1
1
0
4
1
0
1
1
2
0
0
0
0
0
1
1
2
2
1
1
1
1
2
0
0
1
0
1
0
0
1
2
1
0
0
1
0
1
0
1
1
2
0
0
0
1
0
1
1
0
1
0
3
0
2
1
0
0
0
0
1
2
1
0
1
1
0
0
0
2
3
1
0
1
0
1
0
1
2
0
0
1
0
0
2
0
1
0
1
1
2
0
0
0
2
0
0
1
1
1
3
1
0
0
1
0
0
0
1
0
1
0
1
0
0
1
0
2
1
1
3
0
0
1
3
2
1
1
2
1
1
2
2
2
1
1
4
1
1
1
3
3
2
2
1
1
2
2
2
2
0
0
1
0
1
0
0
1
0
2
0
0
0
1
0
0
0
0
0
2
0
1
1
0
2
0
1
1
0
1
1
0
0
0
2
2
0
0
2
0
1
0
1
0
1
0
3
0
2
1
0
0
0
0
1
0
0
1
0
0
0
0
1
1
0
2
4
0
0
0
0
1
0
2
0
0
0
1
0
0
1
1
1
2
3
0
0
3
1
1
1
1
0
0
0
1
1
0
1
1
0
0
2
0
0
0
3
0
2
0
1
0
0
3
0
0
1
0
0
0
1
1
2
1
2
1
1
0
0
1
1
0
0
0
1
1
3
1
1
0
3
1
2
0
0
1
1
0
0
1
0
1
0
0
0
2
1
0
1
0
0
1
0
0
2
0
2
1
1
0
2
1
0
2
2
1
2
0
1
2
1
0
1
0
0
1
0
1
0
1
0
1
0
2
0
1
1
1
0
0
0
0
0
0
2
1
0
1
0
0
0
1
0
0
1
0
2
0
1
0
1
1
0
1
0
1
0
0
1
1
3
0
1
1
0
1
0
0
1
0
1
2
0
1
0
0
0
0
0
3
1
0
1
0
0
0
0
0
0
0
0
0
0
0
0
0
1
0
1
0
1
0
0
1
1
1
1
2
2
0
1
1
1
1
0
3
0
1
0
0
1
0
2
1
0
1
0
1
3
0
1
0
1
0
2
0
0
0
3
0
0
3
1
0
1
1
0
0
0
1
1
0
1
0
1
0
2
1
0
0
0
2
1
0
0
1
0
1
0
1
0
1
1
3
1
1
0
0
0
1
0
1
2
2
1
0
0
0
0
1
0
1
0
0
0
1
1
0
0
0
1
2
2
0
0
0
1
0
1
1
1
0
0
0
1
0
0
0
0
0
1
1
0
1
0
0
0
2
1
0
0
1
0
0
0
0
0
2
0
0
0
1
0
0
0
0
1
0
0
0
1
1
0
0
1
0
0
0
0
0
1
1
0
0
0
0
0
0
1
1
0
1
0
0
1
1
1
0
0
0
0
0
0
1
0
1
0
0
0
0
0
0
1
0
0
0
0
1
1
1
0
0
1
1
0
0
0
0
1
0
0
0
1
0
0
2
1
0
0
3
1
2
2
1
2
2
2
1
1
1
2
1
3
0
0
0
0
0
0
2
0
1
0
1
0
1
0
1
0
1
0
0
1
1
0
1
0
0
0
0
0
0
0
0
0
0
0
0
1
0
2
0
0
0
0
0
0
0
0
1
0
0
2
1
2
2
1
1
1
1
0
0
0
0
0
0
0
0
0
0
2
0
0
0
0
0
1
0
0
1
1
0
0
2
0
0
1
0
1
0
2
0
0
4
0
0
1
2
0
1
2
0
0
1
0
0
0
1
1
0
0
0
0
0
1
0
0
1
0
0
0
0
0
1
0
0
1
2
0
0
1
0
0
0
0
0
0
1
1
0
0
1
0
0
1
1
0
1
1
0
1
0
0
0
0
1
0
0
0
0
2
0
0
0
0
1
0
1
2
0
0
0
0
0
0
2
0
1
0
1
0
2
0
0
1
1
1
0
0
0
0
0
1
0
1
1
1
1
1
0
0
0
1
1
1
1
0
0
0
0
1
0
0
0
1
0
0
0
1
0
0
1
0
1
0
0
0
0
0
0
0
0
0
1
0
0
0
0
0
1
0
0
0
1
0
0
0
0
0
1
0
0
0
1
0
0
0
1
1
0
1
0
0
0
0
1
0
1
0
1
0
0
0
0
0
0
0
0
0
0
1
1
1
0
2
1
2
1
0
1
1
0
0
0
0
0
1
0
1
0
0
0
1
1
1
2
0
0
0
0
1
1
0
0
0
0
0
1
0
0
0
0
0
0
0
0
0
0
2
0
1
0
0
0
0
1
0
0
0
0
0
0
1
0
1
0
0
0
0
1
1
0
0
0
0
1
0
1
0
1
1
0
0
0
3
0
0
0
0
0
0
0
0
1
0
0
1
1
0
1
0
0
0
0
0
0
0
0
0
1
1
0
1
0
0
0
0
0
0
0
0
1
3
0
0
0
0
0
0
0
0
0
0
0
1
0
0
0
0
0
1
0
0
0
3
1
1
0
0
1
0
1
1
1
1
0
0
0
0
0
0
1
1
1
1
1
0
0
0
1
0
0
0
1
0
0
0
0
1
0
0
0
0
1
1
0
1
1
1
1
0
0
0
0
0
0
0
1
0
0
0
0
0
0
0
0
0
1
0
1
0
0
0
0
0
0
0
0
0
0
0
0
0
1
0
0
1
0
1
0
1
1
0
0
0
0
0
0
0
0
0
0
0
0
0
0
0
1
2
0
0
1
0
0
0
0
1
0
1
1
0
1
0
0
0
1
0
0
0
0
0
0
0
0
0
0
0
0
0
0
1
0
0
0
0
0
1
0
1
0
0
0
0
0
0
0
0
0
0
0
0
1
0
1
0
0
0
1
1
0
0
0
1
0
1
0
0
0
1
0
1
0
0
0
0
0
0
0
0
0
0
0
2
0
0
0
0
0
0
0
0
0
0
0
0
0
0
0
0
0
1
0
0
0
0
0
0
0
3
0
0
1
0
0
1
0
0
0
2
0
0
1
0
0
1
0
0
1
1
1
0
0
0
0
1
1
0
0
1
1
0
0
0
0
0
1
0
1
1
0
0
1
0
0
0
0
0
0
1
0
1
0
1
0
0
1
0
0
0
0
0
2
0
0
0
0
0
0
0
0
1
0
0
0
0
0
0
0
1
1
0
0
0
0
0
1
0
1
0
0
0
0
1
0
0
0
0
0
1
0
0
1
0
1
0
1
0
1
1
0
0
0
0
1
0
0
0
1
0
0
1
0
0
0
0
0
0
0
0
0
0
0
0
0
0
0
1
0
0
0
1
0
1
0
0
0
0
0
1
0
1
0
0
1
0
1
0
0
0
0
1
0
0
0
0
0
0
0
2
0
0
0
0
0
1
0
0
0
0
1
0
0
0
0
1
0
1
0
0
1
0
1
0
0
0
0
0
0
1
0
0
0
0
0
1
1
0
0
0
0
0
1
0
0
0
2
0
0
0
0
0
0
0
0
0
0
0
0
0
0
0
0
1
0
0
0
1
0
2
1
0
1
0
1
0
1
1
0
1
0
0
0
0
1
0
1
0
0
1
1
0
0
0
0
0
0
0
0
0
0
0
0
1
0
0
0
0
1
0
0
0
1
0
0
1
0
0
0
1
0
1
0
0
0
1
1
0
0
1
0
0
0
0
1
1
1
0
0
0
0
0
0
0
0
0
1
1
0
0
0
0
0
0
2
0
0
0
0
0
0
0
0
1
1
1
0
0
0
0
0
0
0
0
0
1
0
0
0
0
0
0
0
0
0
1
0
0
0
1
0
0
0
0
0
0
0
0
0
0
0
0
0
0
0
1
0
0
0
0
0
0
0
0
1
1
0
0
0
0
0
0
0
1
0
2
0
3
0
0
0
0
0
1
0
1
0
1
1
0
0
0
0
0
0
0
0
0
0
0
1
0
1
0
1
0
0
0
1
1
0
0
0
1
0
0
1
0
0
1
1
1
0
0
1
0
0
1
1
1
0
0
1
0
1
2
0
0
0
0
0
0
0
0
0
0
0
0
0
0
0
0
0
0
0
0
0
0
0
0
0
1
0
0
0
0
1
0
0
0
0
0
0
0
0
0
0
0
0
0
0
0
1
0
0
0
0
0
0
1
1
1
2
2
1
0
0
0
0
0
0
1
0
0
0
0
0
0
1
0
0
0
0
0
0
0
0
0
3
1
0
0
1
0
0
0
1
0
0
1
0
1
0
0
0
0
0
1
0
1
0
0
0
0
0
1
0
0
0
1
0
3
0
1
0
0
0
0
0
0
0
0
0
0
0
0
0
1
0
0
0
0
0
0
0
0
0
0
0
0
0
0
0
0
0
0
0
0
0
1
0
0
0
0
0
2
0
0
1
0
0
0
0
0
0
0
0
0
0
0
0
1
1
0
0
1
0
0
0
0
0
1
0
0
0
0
0
0
1
0
0
0
0
0
0
0
0
0
0
0
0
0
0
0
1
0
0
0
1
1
1
0
0
0
0
0
0
0
0
1
0
0
0
0
0
1
0
0
1
1
0
0
0
0
0
0
0
0
0
0
0
0
1
0
0
0
0
0
0
0
1
0
0
0
0
0
1
0
1
1
1
0
0
0
0
0
1
0
0
0
0
0
0
0
0
0
0
0
0
0
0
0
0
0
1
0
0
1
0
0
1
0
0
0
1
0
0
0
0
0
0
0
0
0
0
0
0
0
0
1
0
0
0
0
0
0
1
0
0
0
1
0
0
1
0
0
0
0
0
0
0
2
0
0
0
0
0
0
0
0
0
0
0
1
0
0
0
1
0
0
0
0
0
0
0
0
0
0
1
1
0
0
0
0
0
0
0
0
1
0
0
1
0
0
1
0
0
0
0
0
0
0
0
0
0
0
0
0
1
0
0
0
0
2
0
1
0
1
0
0
0
0
0
1
0
0
0
0
0
0
0
0
0
0
0
0
0
0
0
0
0
0
0
0
1
0
0
0
0
0
0
0
0
0
0
0
1
1
0
0
0
1
0
1
1
0
0
0
0
0
0
0
0
0
0
0
0
2
0
0
0
0
1
1
0
1
0
0
1
0
1
0
0
0
0
1
0
0
0
0
0
0
0
0
0
0
0
0
1
0
0
0
0
0
0
0
0
0
0
0
1
0
0
0
0
0
1
0
0
1
0
0
1
0
0
0
0
0
0
0
0
1
1
0
0
0
2
0
0
0
0
0
0
0
0
0
0
0
1
0
0
0
1
1
0
0
0
0
0
0
1
0
0
0
0
0
0
0
0
0
0
1
0
0
0
1
0
0
0
0
0
0
0
0
0
0
0
0
0
0
1
0
0
1
0
0
1
1
0
0
1
0
0
0
0
0
0
0
0
0
0
0
0
0
0
0
0
0
0
0
0
0
0
0
0
0
0
0
0
0
0
0
0
0
0
0
0
0
1
0
0
0
0
0
0
0
0
0
0
0
0
1
0
1
1
0
0
0
0
0
0
1
0
0
1
0
1
0
0
0
0
0
0
1
0
0
1
1
1
0
1
0
0
0
0
1
0
0
0
0
0
0
0
0
0
0
0
0
1
1
0
0
1
0
0
0
0
0
0
0
0
0
2
0
0
0
0
0
1
0
0
1
0
1
0
0
0
1
0
0
0
0
1
0
0
0
0
0
0
2
0
1
0
0
0
0
0
0
0
0
0
0
0
0
0
0
0
0
0
0
0
1
0
0
0
0
0
0
0
0
1
0
0
0
1
1
0
0
0
0
2
0
0
0
0
0
0
0
1
0
0
0
0
0
0
0
0
1
0
0
0
0
0
0
0
0
0
0
0
0
1
0
0
0
1
0
0
0
0
0
1
0
0
0
2
0
1
0
1
0
0
0
0
0
0
0
0
0
0
0
0
0
0
0
0
0
0
0
0
0
0
0
0
0
0
0
0
0
0
0
1
0
0
0
0
0
0
0
0
1
0
0
1
0
0
0
0
1
1
0
0
0
1
0
0
0
0
0
0
0
0
0
0
1
0
0
0
1
0
0
1
0
0
0
2
0
0
0
0
0
0
0
0
0
0
0
0
1
0
0
0
0
0
2
1
1
0
0
0
0
0
0
0
0
1
0
0
0
0
0
0
1
0
0
0
0
0
0
0
0
0
1
0
0
0
0
1
0
0
0
1
0
0
0
0
0
0
0
1
0
0
1
0
0
0
1
0
0
0
0
0
0
0
0
1
1
0
0
0
0
0
0
0
0
0
0
1
0
0
0
0
0
0
2
0
0
0
0
1
0
1
0
0
0
0
0
0
1
0
0
1
0
0
0
0
0
0
0
0
0
1
1
0
0
1
0
0
0
0
0
0
0
0
0
0
0
0
0
0
0
0
0
0
0
1
0
0
1
0
0
0
0
0
0
0
1
0
0
1
0
0
0
0
0
1
0
0
0
1
0
0
0
0
1
0
1
0
0
0
0
0
0
0
0
0
1
0
0
0
1
0
0
0
0
0
0
0
0
0
0
1
0
1
0
0
0
0
0
1
0
0
0
0
0
0
0
0
0
0
0
1
0
1
0
0
0
0
0
0
0
0
1
0
0
0
0
0
0
0
0
1
1
0
0
0
0
0
0
0
0
0
0
0
1
0
0
0
0
0
1
1
1
0
1
0
0
0
0
0
0
0
0
0
1
0
0
0
1
0
0
0
0
0
0
1
0
0
0
0
0
0
0
0
0
0
0
0
1
0
0
0
0
0
0
0
0
0
0
0
0
1
0
0
0
0
0
0
0
1
0
0
0
0
0
0
0
0
0
0
0
0
0
0
0
0
0
0
0
1
0
0
0
0
1
0
0
0
0
0
0
0
0
1
0
1
0
0
0
0
0
0
0
0
0
0
0
0
0
0
0
0
0
0
0
1
0
1
0
0
0
0
1
0
0
0
0
0
0
0
1
0
0
1
0
1
0
0
0
0
0
0
1
0
0
0
1
0
0
0
1
0
0
0
0
0
0
0
0
0
0
0
0
0
0
0
0
0
0
0
0
1
0
1
0
0
0
0
0
0
0
0
0
0
0
0
0
0
0
0
0
0
0
0
0
0
0
0
0
0
0
0
0
0
0
0
0
0
2
1
0
0
0
0
0
0
0
0
0
0
0
0
1
0
0
0
0
0
0
0
1
0
0
1
0
0
0
0
0
0
1
0
0
0
0
0
2
0
0
0
0
0
0
0
0
0
0
0
0
0
0
0
0
0
0
0
0
0
1
0
0
0
0
0
0
0
0
0
0
0
0
0
0
0
0
0
0
0
1
0
0
0
0
0
0
0
0
0
0
0
0
0
0
0
0
0
0
0
0
0
1
1
0
0
0
0
0
0
0
0
0
0
0
0
0
3
0
1
0
0
0
0
1
0
0
0
0
0
0
0
0
0
0
0
0
0
0
0
0
0
1
0
1
0
0
0
0
0
0
0
0
0
0
0
0
0
0
0
1
0
0
0
0
0
0
1
0
0
0
0
0
0
0
0
0
1
0
0
1
0
0
0
0
0
0
0
0
0
0
0
0
0
0
0
0
0
0
0
0
0
1
0
0
1
0
0
0
0
0
0
1
0
0
0
0
2
0
0
0
0
1
0
0
0
0
0
0
0
0
0
1
0
0
0
0
0
0
0
0
0
0
0
0
0
0
0
0
0
0
0
0
0
0
0
0
0
0
0
1
1
0
1
0
1
0
0
0
0
0
1
0
0
0
0
0
1
0
0
0
1
0
0
0
0
0
0
0
0
0
1
0
0
0
0
0
0
0
0
0
0
0
0
0
0
0
0
0
0
0
0
0
1
0
0
0
1
0
0
1
0
1
0
0
0
0
0
0
0
0
0
0
1
0
0
0
0
0
0
0
0
0
0
0
0
0
0
0
0
0
0
0
0
0
0
0
0
1
0
0
0
1
0
0
0
1
0
0
1
0
0
0
0
0
0
0
0
0
1
0
0
0
0
0
1
0
0
0
0
0
1
0
0
0
0
0
0
0
0
0
0
0
0
0
0
0
1
0
0
0
0
0
0
1
0
0
0
0
0
0
0
1
0
0
0
0
0
1
0
0
0
0
0
0
0
0
0
0
0
0
0
0
0
0
0
0
0
0
0
0
0
0
0
0
0
0
1
0
0
1
0
0
0
0
0
0
0
0
0
0
0
0
0
0
1
0
0
0
0
0
0
0
0
0
0
0
0
0
0
0
0
0
0
0
1
0
0
0
0
1
0
0
0
0
0
0
1
0
0
0
0
0
0
0
0
0
0
0
0
0
1
0
0
0
0
0
0
0
0
0
0
2
0
0
1
0
0
0
0
0
0
0
0
0
0
1
0
0
0
0
0
0
0
0
0
0
0
0
1
0
0
0
0
1
1
0
0
0
0
0
0
0
0
1
0
0
1
0
0
0
0
0
0
0
0
0
0
0
0
0
0
0
0
0
0
1
0
0
0
0
0
0
0
0
0
0
0
0
0
0
0
0
0
0
1
0
0
0
0
0
0
0
1
0
0
0
0
0
1
0
0
0
0
0
0
0
0
0
0
0
1
0
0
0
0
0
0
0
0
0
0
0
1
0
0
0
0
0
0
0
1
0
0
1
0
0
0
1
0
0
0
0
0
0
0
0
0
0
0
0
0
1
0
0
0
0
0
0
0
0
0
0
0
0
0
0
0
0
0
0
0
0
0
0
0
0
1
0
0
0
0
0
0
0
0
1
0
0
0
0
1
0
0
1
0
1
0
0
0
0
0
0
0
1
0
0
0
0
0
0
0
0
0
0
0
0
0
0
0
1
0
0
0
0
0
0
0
0
0
0
0
0
0
0
0
0
0
0
0
0
0
1
0
0
0
0
0
0
0
0
0
0
0
0
0
0
0
0
0
0
0
0
0
0
0
0
0
0
0
0
0
0
0
0
0
0
0
0
1
0
0
0
0
0
0
0
0
0
0
1
0
0
0
0
0
0
0
0
0
0
1
0
0
0
0
1
0
0
0
0
0
1
0
0
0
1
1
0
0
0
0
0
0
0
0
0
0
0
0
0
0
0
0
0
0
0
0
1
0
0
0
0
0
0
0
0
1
0
0
0
0
0
0
0
0
0
0
0
0
0
0
0
0
0
0
1
0
0
0
0
0
0
0
0
0
0
0
0
0
0
0
0
0
0
0
0
0
0
0
0
0
0
1
0
0
0
0
0
0
0
0
0
0
0
0
0
0
0
0
1
0
0
0
0
0
1
0
0
0
0
0
0
1
0
0
0
0
0
0
0
0
0
0
0
0
0
0
0
0
0
0
0
0
0
1
0
0
0
1
0
0
0
0
0
0
0
0
1
0
0
0
0
0
0
0
1
0
0
1
0
0
1
0
0
0
0
0
0
0
1
0
0
0
0
0
0
0
0
0
0
0
0
0
0
0
0
0
0
1
0
0
0
0
0
0
0
0
1
0
0
1
0
0
0
0
0
0
0
0
0
1
0
0
0
0
0
0
0
0
0
0
0
0
0
0
0
0
0
0
0
0
0
0
1
1
0
0
0
0
0
0
0
1
0
0
0
0
0
0
0
1
0
0
1
0
0
0
0
0
0
0
0
0
0
0
0
0
0
0
0
0
0
0
0
0
0
0
0
0
0
0
0
0
0
0
0
0
0
0
0
0
0
0
0
0
0
0
0
0
0
0
0
0
0
0
0
0
0
0
0
1
0
0
0
0
0
0
0
0
0
0
1
0
0
0
0
0
0
0
0
1
0
0
0
0
0
0
0
0
0
0
0
0
1
0
0
0
0
0
0
0
0
0
0
0
0
0
0
0
0
0
0
0
0
1
1
0
0
0
0
0
0
0
0
0
0
0
0
0
0
0
0
0
0
0
1
0
0
1
0
0
0
0
0
0
0
0
0
0
0
0
0
0
1
0
0
1
0
0
0
0
0
1
0
0
0
0
0
0
0
0
1
0
0
0
0
0
0
1
1
0
0
0
0
0
0
0
0
0
0
0
0
0
0
0
0
0
1
0
0
0
0
0
0
1
0
0
0
0
0
0
0
1
1
0
0
0
0
1
0
0
1
0
0
0
0
0
0
0
0
0
0
0
0
0
0
0
0
0
0
0
0
0
0
0
0
0
0
0
0
0
0
0
0
0
0
0
0
0
0
0
0
0
0
0
0
0
0
0
1
0
0
0
0
0
0
0
0
0
0
0
0
0
0
0
1
0
0
0
0
0
0
0
0
0
0
0
0
0
0
0
0
0
0
0
0
0
0
0
0
0
0
0
1
0
0
0
0
0
0
0
0
0
0
0
0
0
0
0
1
0
0
0
0
0
1
0
0
1
0
0
0
0
0
0
0
0
0
0
0
1
0
0
0
0
0
0
0
0
0
1
0
0
0
0
0
0
1
0
0
0
0
0
0
0
0
1
0
0
0
1
0
0
0
0
0
0
0
0
0
0
0
0
0
0
0
0
0
0
0
0
0
0
0
1
0
1
1
0
0
0
0
0
0
0
0
0
0
0
0
1
0
0
2
0
0
0
0
0
0
1
0
0
0
0
0
0
0
0
0
0
0
0
0
0
0
0
0
0
0
0
0
1
0
0
0
0
0
0
0
0
0
0
0
0
0
0
0
0
0
0
0
0
0
0
0
0
0
1
0
0
0
0
0
1
0
0
0
0
0
0
0
0
0
0
0
0
0
0
0
0
0
0
0
0
0
0
1
0
0
0
0
0
0
0
0
0
0
0
0
0
0
0
0
0
0
0
0
0
0
0
1
0
0
0
0
0
0
0
0
0
0
0
0
1
0
1
0
0
0
0
0
0
0
0
0
0
0
0
0
0
0
0
0
0
0
0
0
0
0
0
0
0
0
0
0
0
0
0
0
0
0
0
0
0
0
0
0
1
0
0
0
0
0
0
0
0
0
0
0
0
0
1
0
0
0
0
0
0
1
0
0
0
0
0
0
1
0
0
0
0
0
0
0
0
0
0
0
0
0
1
0
0
0
0
0
0
0
0
0
0
0
0
0
0
0
0
0
0
0
0
0
0
0
0
0
0
0
0
0
0
0
0
0
0
0
0
0
1
0
1
1
0
0
0
0
0
0
0
0
0
0
0
0
0
1
0
1
0
0
0
0
0
0
0
0
0
0
0
0
0
0
0
1
0
0
0
0
0
1
0
0
0
0
1
0
0
0
1
0
0
0
0
0
0
0
0
0
0
0
0
0
0
0
0
0
0
0
0
0
0
0
0
0
0
0
0
0
0
0
0
0
1
0
0
0
0
0
0
0
0
0
0
0
0
0
0
0
0
0
0
0
0
0
0
0
1
0
0
0
0
0
0
0
0
0
0
0
0
0
0
