0
0
0
0
0
0
0
0
0
0
0
0
0
0
0
0
0
0
0
0
0
0
0
0
0
0
0
0
0
0
0
0
0
0
0
0
0
0
0
0
0
0
0
0
0
0
0
0
0
0
0
0
0
0
0
0
0
0
0
0
0
0
0
0
0
0
0
0
0
0
0
0
0
0
0
0
0
0
0
0
0
0
0
0
0
0
0
0
0
0
0
0
0
0
0
0
0
0
0
0
0
0
0
0
0
0
0
0
0
0
0
1
0
0
0
1
0
1
4
2
6
8
5
0
1
2
1
2
4
1
1
35
545
7889
33966
109569
285402
506008
879029
1.43202e+06
1.86863e+06
1.76565e+06
1.09287e+06
339379
130132
65782
33787
17104
11844
10605
9987
9364
9344
9385
9587
10140
9880
9757
8765
8337
8004
8024
7905
7701
7400
7277
7002
6861
6664
6572
6224
5939
5712
5548
5242
5144
4774
4619
4469
4187
4084
3867
3657
3571
3579
3481
3304
3164
3023
3045
2920
2973
2682
2687
2683
2502
2444
2420
2490
2710
2821
2720
2412
2285
2163
2081
2121
1997
2003
2025
1999
1967
1981
1940
2014
1967
2236
2529
2524
2254
1989
1807
1732
1813
1758
1687
1671
1653
1658
1664
1570
1539
1526
1525
1461
1445
1524
1513
1487
1510
1562
1562
1477
1423
1431
1424
1424
1445
1588
1726
1753
1480
1310
1319
1201
1229
1237
1135
1183
1137
1165
1162
1129
1155
1143
1124
1043
1054
1091
1075
1021
1084
1096
1043
980
1026
1020
1021
976
1002
972
947
920
960
975
905
895
1012
964
1038
1131
1075
1002
928
879
873
873
856
831
806
771
881
807
809
787
796
758
799
778
805
755
791
779
751
801
773
768
759
767
744
757
702
738
768
702
787
725
823
825
824
823
745
694
785
1026
1464
1691
1585
1180
856
722
700
706
707
772
711
680
686
679
671
712
635
624
654
707
629
603
617
608
637
638
581
606
620
640
644
639
658
589
618
609
596
603
572
617
577
573
548
568
583
587
601
595
586
593
583
599
578
573
577
604
607
612
623
574
561
566
558
560
557
584
647
629
641
636
562
552
518
575
550
575
527
527
585
623
705
692
675
591
566
581
557
566
536
531
548
593
601
560
560
508
488
545
509
486
498
498
499
529
506
465
496
501
528
516
481
525
580
556
548
512
526
478
476
504
504
492
499
499
484
470
487
480
519
487
563
603
725
780
736
599
520
477
486
472
498
485
483
476
466
510
488
575
540
530
469
467
513
538
490
510
528
553
461
437
411
487
432
418
417
419
435
424
381
465
397
441
455
468
571
652
779
783
657
561
493
550
537
487
473
400
425
412
401
403
378
419
403
442
510
571
568
505
427
460
386
390
422
377
393
349
354
353
392
374
396
377
372
378
397
408
375
359
393
345
392
369
400
375
344
387
376
397
386
383
379
372
374
384
371
367
368
326
351
384
398
463
397
362
338
358
332
330
352
352
362
339
351
337
347
334
305
310
335
369
352
388
388
398
373
345
361
334
331
343
360
337
337
317
338
361
343
301
317
333
335
326
358
332
308
341
377
337
312
390
341
327
345
318
305
322
339
284
325
328
338
350
341
340
318
327
312
314
344
339
317
305
329
349
276
294
344
459
932
1691
2228
2167
1449
755
438
371
349
314
352
317
352
353
373
376
288
331
277
297
325
300
286
292
300
317
306
288
286
304
292
291
271
285
288
269
304
290
289
262
282
281
284
272
269
306
289
292
299
285
277
289
308
292
349
350
450
651
889
1036
825
573
369
265
259
286
297
297
300
277
275
288
273
274
292
289
270
309
302
242
237
260
277
321
364
419
414
388
309
253
291
282
281
299
289
349
317
334
354
332
330
372
461
520
491
453
377
335
290
268
273
270
260
290
260
265
279
268
281
290
325
275
295
250
260
270
284
257
265
270
255
250
224
275
291
305
279
276
351
420
507
541
475
393
301
285
248
281
263
287
270
305
293
295
284
275
265
246
283
251
285
267
266
315
290
294
280
310
276
301
276
284
286
281
270
310
320
280
244
279
285
275
275
315
273
289
275
286
331
430
597
721
667
503
363
269
298
293
271
288
294
271
294
281
275
319
305
296
304
294
295
305
358
462
564
615
561
444
354
293
312
298
355
354
378
347
317
296
283
279
270
268
267
264
291
267
268
235
267
243
252
249
204
247
218
231
234
241
243
246
218
227
242
237
217
223
222
244
244
277
239
225
218
215
215
214
222
232
207
211
237
206
239
208
212
230
207
218
193
235
215
253
225
266
348
358
383
384
310
297
256
221
217
193
240
214
225
210
195
262
250
249
243
247
201
232
197
220
210
200
219
212
223
222
188
200
179
199
202
188
212
212
214
229
205
207
201
218
205
207
201
237
310
355
340
306
231
210
176
193
199
202
199
167
197
196
189
170
171
177
214
182
189
191
174
167
185
161
197
190
181
217
200
220
181
215
207
205
185
195
198
212
167
202
177
176
178
147
172
180
186
182
179
171
167
198
204
174
179
197
207
204
172
207
172
185
173
179
198
179
197
184
173
174
217
182
190
199
176
192
199
187
181
192
203
218
176
153
178
185
169
196
187
255
281
327
291
349
385
355
345
272
241
232
218
224
314
591
1313
2477
3370
3437
2492
1173
602
347
247
211
191
195
220
199
200
198
194
212
224
227
210
236
224
201
221
218
219
255
222
214
209
200
194
199
172
175
193
195
197
193
161
207
183
179
165
143
181
188
173
171
181
186
187
188
179
188
178
174
147
155
165
151
173
142
165
183
171
173
177
171
165
160
163
180
181
201
158
160
167
150
142
138
148
144
165
174
181
153
167
142
135
141
116
134
167
164
138
176
150
169
165
157
161
172
148
165
163
171
135
175
201
173
188
169
150
133
133
127
101
139
130
133
148
138
113
134
146
132
132
134
164
147
114
135
150
135
146
163
139
141
149
109
109
119
114
121
118
115
105
103
109
131
135
118
109
124
108
103
102
115
108
121
131
114
107
100
120
119
97
100
93
104
120
103
103
111
104
88
101
97
107
102
98
107
106
106
111
84
122
116
106
99
93
109
98
113
144
144
161
125
99
116
108
99
106
98
102
98
93
98
83
90
104
87
116
99
88
91
100
111
112
109
110
112
119
103
108
99
99
107
119
94
104
109
95
106
98
87
85
95
104
90
100
90
116
103
92
109
89
93
85
101
128
105
206
357
747
1469
2169
2555
2167
1348
544
298
242
234
229
187
139
110
111
96
112
141
189
227
246
232
165
128
129
120
122
131
120
102
103
101
98
94
90
108
102
134
170
170
170
137
97
98
97
96
96
86
84
90
111
92
95
99
99
94
96
95
95
105
97
98
85
99
93
97
110
95
93
72
98
98
91
87
90
94
100
99
85
88
106
106
100
129
118
119
121
92
86
94
87
109
87
89
78
87
89
97
83
94
87
89
95
84
74
90
84
82
104
81
84
94
92
97
92
102
122
105
122
107
94
123
91
100
75
82
89
87
98
98
98
85
93
96
88
72
94
84
97
98
122
104
98
86
84
78
104
115
113
131
175
166
163
108
104
82
95
109
80
108
90
89
93
77
118
83
72
86
78
68
77
86
89
72
89
81
72
75
62
91
83
73
84
82
78
90
79
82
90
74
78
91
79
86
82
87
69
72
68
64
90
76
74
96
97
86
90
90
74
80
71
80
73
62
88
80
93
64
81
74
71
95
69
82
91
84
76
69
82
85
96
91
79
88
73
88
84
86
94
85
98
126
90
112
114
84
86
72
81
74
69
78
75
71
82
86
75
85
89
81
70
64
67
79
70
72
74
71
70
90
74
84
69
71
81
87
100
95
86
86
86
75
98
79
96
93
70
88
85
64
79
64
63
85
79
66
64
90
72
84
72
83
65
96
85
91
103
113
103
98
80
88
81
63
74
80
68
84
75
68
68
71
59
66
62
71
61
78
76
85
67
74
74
73
75
76
83
82
80
65
71
90
70
71
82
70
74
72
58
65
78
79
75
82
65
80
80
76
93
88
66
93
87
70
72
52
92
84
72
85
74
75
51
74
69
68
78
83
93
78
89
116
116
119
189
242
281
301
299
204
126
86
64
70
70
73
61
76
85
74
99
91
77
82
80
87
65
59
53
68
59
72
70
55
62
55
67
72
74
75
82
67
63
59
82
74
64
80
71
66
65
72
74
59
66
84
79
64
65
59
61
73
63
60
69
63
55
67
66
57
51
67
67
64
51
50
65
61
61
57
71
54
60
71
68
67
71
69
76
68
71
65
52
67
72
60
68
59
62
62
81
54
63
67
80
51
52
50
55
60
67
69
63
58
61
57
61
61
55
59
48
59
60
72
55
62
63
72
62
55
74
58
66
59
57
60
65
59
59
59
66
66
86
76
73
71
65
71
64
65
64
58
82
66
73
59
89
87
102
110
87
54
66
60
66
62
57
63
71
56
74
85
81
78
57
75
56
52
53
59
62
75
111
140
211
244
235
194
135
100
69
77
54
74
62
71
58
79
77
72
73
68
63
61
75
71
63
66
65
72
85
69
74
64
82
78
68
70
49
61
66
59
64
62
73
75
93
97
93
66
72
64
75
72
74
52
64
54
59
63
62
73
73
80
78
119
122
125
124
86
76
67
76
78
60
59
56
64
58
60
53
64
71
53
53
63
62
56
64
47
61
49
57
52
62
57
65
60
58
66
75
47
69
69
66
43
51
57
53
56
59
57
67
56
48
68
48
45
52
49
59
68
63
42
52
61
59
62
67
61
58
48
58
67
56
54
58
64
57
64
65
48
61
57
54
51
57
54
43
59
56
57
71
54
58
49
49
57
52
49
51
38
55
58
49
38
56
49
55
53
60
55
69
58
55
59
60
64
52
60
51
57
59
58
61
52
54
67
60
58
49
51
61
47
60
47
55
54
56
54
54
59
50
56
64
45
51
45
60
49
46
61
68
55
50
62
46
49
60
58
40
46
53
58
59
50
50
44
55
45
48
43
79
254
628
1143
1181
853
332
142
77
56
49
68
54
64
43
51
55
53
47
61
60
63
51
49
52
54
48
59
53
53
44
50
56
40
64
43
51
51
58
57
49
52
50
52
54
56
57
57
44
50
48
56
62
51
47
47
52
38
52
55
60
62
50
50
55
64
56
56
51
55
59
62
79
78
81
112
115
149
286
320
339
271
223
133
129
96
95
104
114
120
78
59
62
51
60
51
53
47
48
58
52
59
48
54
54
51
55
56
47
50
48
43
49
56
51
47
47
49
55
47
48
56
59
58
46
48
52
51
53
52
54
46
44
43
51
50
42
59
44
63
52
48
53
39
48
54
38
52
53
51
49
60
46
55
52
58
47
39
51
49
41
57
36
53
51
58
48
30
51
35
51
36
53
49
69
39
53
60
48
47
44
49
38
43
45
60
34
49
56
52
50
47
49
63
54
66
58
55
62
56
49
52
50
45
41
47
60
58
45
41
39
45
48
51
50
46
54
61
66
65
65
52
45
54
51
55
53
58
39
46
39
47
55
44
52
47
54
37
37
42
45
50
49
66
56
45
39
48
48
49
35
43
46
38
49
40
53
44
43
64
47
50
47
38
40
29
38
43
48
45
37
44
40
45
42
39
41
43
42
30
43
38
59
52
51
42
35
32
51
41
47
38
44
50
47
42
33
39
42
45
42
40
41
51
47
48
74
80
87
76
74
43
51
39
50
55
37
43
40
40
44
34
39
40
40
36
39
35
42
51
51
47
38
50
55
39
45
43
39
50
45
55
48
31
44
37
36
43
33
34
49
42
46
41
46
41
50
32
30
39
42
28
39
51
40
36
43
34
35
55
32
36
39
39
38
43
52
58
62
99
90
81
73
61
53
46
37
44
52
60
45
56
67
49
54
42
39
49
50
44
54
45
48
33
36
43
47
42
44
45
44
37
60
41
43
39
31
41
39
48
41
37
34
42
35
49
56
42
46
48
61
51
42
46
41
42
34
37
30
34
41
48
45
30
31
33
40
44
32
49
43
41
56
61
65
54
40
59
49
32
44
36
33
43
37
34
42
61
54
68
79
82
71
66
35
35
44
34
51
33
31
42
40
35
53
26
33
44
29
51
47
38
40
50
60
48
51
55
36
52
49
37
56
46
44
31
44
40
33
34
41
43
39
39
39
39
38
31
38
35
41
35
33
32
32
30
33
27
30
38
41
33
28
35
54
32
42
37
36
50
43
26
43
36
35
34
33
28
35
39
41
56
34
37
46
27
39
33
38
29
35
42
32
42
37
47
46
46
37
33
38
29
34
38
52
43
66
51
72
65
63
56
34
53
50
42
53
52
61
77
45
52
52
61
43
44
34
39
36
34
29
43
33
45
29
34
40
24
30
32
29
34
37
32
48
25
38
37
37
22
40
38
29
32
33
37
42
35
34
29
28
28
25
37
36
33
32
45
37
37
38
35
44
34
29
47
33
37
27
19
37
32
36
42
31
34
35
25
42
25
31
33
24
34
46
41
33
41
31
43
37
39
31
38
33
36
30
36
25
18
25
28
30
32
30
30
38
24
34
38
35
44
32
27
31
40
42
55
53
56
55
71
78
67
61
35
36
43
34
36
43
33
41
40
34
33
39
47
32
33
37
26
33
37
33
41
33
29
27
29
28
33
33
41
49
58
77
74
72
58
60
55
37
39
35
26
49
33
43
33
37
37
27
32
43
29
36
34
39
30
31
32
42
34
28
34
30
39
30
39
33
37
53
30
40
25
26
42
22
36
34
29
31
29
24
24
31
35
35
30
22
24
28
27
34
33
25
25
32
33
24
34
31
27
25
43
35
34
29
31
34
38
27
28
20
38
25
23
37
25
27
34
34
27
27
31
29
25
29
32
31
35
25
32
24
32
25
29
28
39
40
34
28
30
35
39
30
36
29
31
38
24
31
27
26
42
36
23
26
29
42
21
37
33
30
36
37
41
27
39
27
34
34
39
38
28
32
33
31
31
32
26
27
30
34
25
38
30
35
32
26
34
38
33
27
31
29
37
30
35
29
34
35
38
32
37
22
20
34
40
33
31
27
28
32
31
38
25
28
33
32
43
27
37
31
39
32
32
32
21
28
32
29
33
35
36
29
38
44
48
39
44
48
22
37
52
34
35
39
23
24
27
27
23
27
21
24
36
28
25
30
31
31
22
36
37
34
29
34
44
38
26
33
30
33
33
43
32
37
37
35
40
27
31
40
35
31
20
28
28
28
33
35
22
27
14
28
21
26
26
33
38
29
27
25
34
31
32
33
24
33
33
32
17
32
33
40
30
31
35
30
32
40
42
30
34
36
30
38
26
24
37
33
30
25
36
31
32
29
36
33
37
23
33
24
32
26
33
27
32
22
33
35
32
25
21
39
32
38
35
33
31
27
33
27
40
26
15
33
24
31
33
34
34
33
40
32
29
28
36
33
36
27
33
29
34
22
23
31
40
24
27
23
29
26
32
26
27
21
39
30
31
26
29
20
21
25
28
38
23
46
34
47
39
44
32
43
28
34
25
29
27
24
31
38
29
34
22
32
30
29
24
32
22
26
26
26
32
42
31
30
31
34
34
25
32
24
27
34
28
26
31
30
27
29
28
20
29
32
31
27
28
22
22
31
27
45
37
36
35
35
23
31
25
30
25
29
36
24
37
33
38
28
29
21
32
31
32
22
18
33
27
28
16
35
27
24
35
40
25
30
47
34
38
38
35
30
31
33
31
31
28
22
35
29
36
30
30
21
22
29
27
21
28
36
23
30
30
34
26
24
15
27
35
39
26
32
25
22
37
20
31
27
30
26
14
27
23
27
39
24
27
30
27
30
31
19
32
30
35
30
27
28
28
41
25
23
30
19
36
25
28
41
31
27
27
25
26
30
13
17
27
28
21
19
21
21
23
22
27
28
24
17
22
32
15
23
23
28
22
30
31
20
27
22
23
18
19
26
23
27
23
34
19
32
28
19
29
29
21
24
27
27
22
23
19
25
21
17
21
27
27
26
31
30
31
35
29
28
30
29
22
19
26
22
27
33
22
22
16
30
18
21
32
21
22
31
26
28
30
27
27
23
34
29
24
30
19
25
30
29
33
22
31
28
23
27
28
20
26
19
26
22
31
24
33
22
36
24
22
26
17
17
25
29
25
28
31
29
33
28
23
18
15
21
33
24
24
21
21
19
25
25
25
24
31
12
17
18
24
26
30
31
33
39
41
33
52
40
29
32
30
33
32
31
29
37
43
45
33
35
26
24
33
34
23
32
32
20
20
27
28
21
33
26
30
32
22
26
22
26
29
28
21
20
29
22
27
30
33
26
21
20
21
21
18
22
27
25
24
24
17
22
21
19
18
18
35
19
24
28
25
25
25
26
18
22
28
26
27
23
15
19
16
29
15
28
37
28
24
26
18
23
31
17
19
32
26
20
22
22
13
23
18
21
19
24
24
30
26
27
29
45
42
41
47
39
37
27
29
32
23
31
20
21
24
39
26
37
35
32
31
25
25
19
14
15
28
28
28
21
15
21
24
14
29
25
20
17
20
16
18
15
16
17
20
27
26
25
19
21
20
26
19
18
29
25
13
19
17
32
20
23
26
23
24
23
21
20
19
17
19
18
29
29
19
23
23
18
27
19
27
22
21
17
25
27
19
19
25
30
21
27
20
16
23
20
15
23
23
16
19
13
21
24
17
20
21
26
24
18
16
17
20
35
35
25
27
30
32
25
19
24
21
20
18
21
13
31
19
28
23
23
22
29
19
17
17
24
21
19
29
18
31
13
20
27
21
22
19
20
22
31
22
14
24
25
17
24
20
26
13
29
22
24
33
29
26
19
12
23
16
21
18
18
22
24
19
24
17
25
26
27
38
43
39
35
27
17
16
25
15
24
21
25
27
21
22
32
16
19
31
18
38
24
30
33
21
24
23
28
15
14
31
19
24
23
29
31
20
18
30
24
22
25
26
34
26
21
27
30
19
24
27
20
21
14
28
24
25
26
22
21
23
18
21
23
19
19
17
23
19
17
29
19
18
23
20
25
15
19
26
18
24
24
18
20
12
19
29
18
17
11
18
19
18
23
23
10
17
13
10
24
20
19
19
19
14
25
18
10
20
25
18
28
25
20
25
25
29
30
22
20
22
21
22
17
16
24
19
23
21
16
21
17
24
17
13
15
25
19
13
21
14
15
20
16
15
21
24
13
20
24
14
18
12
19
15
20
15
20
14
22
22
20
17
20
27
15
22
25
28
25
40
23
34
29
21
29
15
16
18
23
21
11
20
21
18
17
22
21
13
22
24
19
27
19
24
22
16
26
23
17
12
17
13
20
12
20
15
14
17
17
29
14
20
24
20
14
21
27
21
15
13
18
20
17
21
19
11
21
15
25
15
18
18
19
19
18
17
28
18
31
33
33
35
36
22
26
22
23
19
29
16
24
16
23
22
20
15
15
22
17
24
13
29
25
28
16
22
23
16
28
16
14
23
20
13
17
21
14
20
23
23
14
21
19
18
17
15
17
17
30
26
32
22
19
20
20
18
23
19
19
24
12
17
21
10
16
18
23
29
23
21
22
18
26
17
14
22
20
16
17
14
20
18
6
13
14
14
16
13
11
16
17
16
20
15
21
25
20
17
26
19
22
22
27
28
24
21
24
32
20
18
12
20
18
17
14
19
14
26
31
16
18
19
24
12
22
24
20
15
17
17
13
13
13
11
21
20
28
24
17
13
17
18
21
11
16
17
17
34
24
29
24
30
29
17
11
20
25
17
24
19
22
25
28
28
26
17
32
13
19
16
24
26
21
14
12
23
14
19
20
26
18
16
17
25
19
14
20
18
24
18
17
12
25
23
17
15
8
18
22
10
16
15
15
11
9
18
20
20
16
17
12
17
18
20
21
21
23
19
16
15
15
15
11
19
17
15
17
14
17
18
19
12
10
10
14
16
25
24
24
19
18
20
16
11
11
15
12
16
17
18
16
16
12
16
14
15
15
20
14
22
25
10
9
15
13
9
10
17
11
19
16
18
15
19
19
8
17
17
16
13
16
24
20
27
21
22
24
13
26
20
23
30
33
32
32
31
37
23
36
24
19
24
15
16
20
23
13
21
23
38
21
23
16
20
20
17
21
23
21
22
15
19
23
15
11
16
14
21
18
14
5
16
25
18
19
15
17
17
12
19
12
12
17
16
9
16
16
18
18
16
13
16
16
22
11
16
14
17
17
10
9
14
14
12
8
16
12
20
13
14
24
19
26
12
16
15
17
13
21
19
20
19
17
17
20
19
14
16
18
13
11
9
19
20
20
20
23
16
26
18
18
21
17
14
14
18
20
23
19
20
21
19
14
15
7
14
17
17
15
14
14
16
12
16
19
14
14
18
9
20
15
15
18
20
20
16
11
4
11
16
19
16
19
19
20
13
22
15
12
20
18
22
13
14
12
14
14
14
13
12
11
11
14
17
12
9
24
14
18
11
14
12
12
13
14
13
17
20
13
23
15
17
17
22
16
13
8
8
15
14
12
14
7
18
17
7
22
17
17
12
16
13
10
14
17
8
19
12
21
11
17
19
14
17
9
16
17
14
15
10
18
16
15
16
15
13
18
9
10
23
16
13
21
18
18
25
19
23
19
14
23
13
16
10
11
19
17
15
16
13
12
12
13
15
14
12
12
15
9
9
17
17
21
24
16
11
17
20
18
20
18
12
10
16
11
23
14
26
21
23
22
15
17
16
17
11
12
19
15
12
16
11
16
12
9
11
16
21
8
9
9
17
14
8
7
16
18
11
13
8
7
9
18
12
8
13
13
8
13
12
18
16
14
8
16
11
14
8
16
8
11
12
18
12
13
15
6
14
16
12
13
15
13
10
9
7
15
15
17
14
12
13
11
16
11
14
8
14
12
11
16
15
14
18
11
11
13
14
17
16
11
13
17
10
13
18
25
15
12
22
22
19
24
13
8
13
18
12
20
25
11
16
23
22
24
18
21
13
18
11
19
16
14
22
9
14
11
16
14
11
13
17
22
14
14
15
12
17
16
8
16
10
11
12
12
16
18
16
22
17
15
20
24
15
14
17
13
20
15
14
21
10
18
13
15
11
12
17
11
18
15
14
20
17
13
20
9
15
7
18
13
8
8
17
9
17
12
8
12
12
14
13
6
12
9
12
12
14
8
18
11
18
9
13
14
7
23
11
12
12
7
11
14
14
14
14
14
20
14
27
15
16
16
28
12
25
9
21
21
12
13
11
14
13
16
13
10
11
12
16
16
10
13
12
18
4
16
12
16
10
8
17
15
12
12
16
9
13
10
14
13
20
12
11
10
9
13
13
12
8
12
15
8
19
13
19
11
15
10
8
13
10
9
13
11
17
13
15
16
16
7
17
11
11
10
9
6
9
10
4
14
14
12
14
8
12
18
10
25
19
19
21
9
11
15
14
18
14
15
16
9
14
13
12
10
10
17
14
16
18
8
15
13
14
19
15
13
22
18
19
21
18
18
16
8
10
17
9
18
14
13
13
8
15
7
14
12
8
14
16
15
10
14
20
9
16
10
8
13
16
10
16
11
14
8
17
14
8
15
10
11
9
15
13
15
22
14
13
17
12
9
9
12
12
11
12
13
13
10
11
14
14
13
15
16
12
12
16
12
22
12
17
19
10
12
13
9
10
10
9
21
20
12
12
12
10
13
8
11
10
13
18
7
16
14
8
15
10
11
14
11
11
12
15
8
18
4
13
15
13
5
14
11
6
14
10
12
11
15
11
17
12
19
11
18
7
12
15
13
15
6
10
14
11
8
14
4
15
8
12
11
14
8
9
6
11
9
10
13
13
10
9
9
7
12
11
13
7
8
11
16
13
13
14
10
14
12
14
11
12
12
7
11
11
5
7
9
12
11
8
6
9
9
14
10
7
9
10
8
10
8
11
8
11
14
9
16
12
12
7
9
13
7
13
10
14
10
14
14
15
15
6
11
9
8
9
7
18
12
16
15
9
11
5
8
12
17
13
7
9
14
12
9
8
7
17
12
13
6
10
6
15
10
9
7
14
8
16
12
11
9
8
7
12
12
10
8
10
19
6
6
7
15
11
14
13
15
19
19
21
23
13
15
15
14
10
16
17
14
10
13
16
20
20
26
33
22
23
35
22
15
21
16
9
6
10
4
12
12
11
12
12
5
9
11
9
13
5
6
15
9
10
12
12
20
10
12
14
24
24
20
15
22
15
17
14
17
16
17
10
12
15
16
8
9
17
7
5
6
9
5
12
11
8
13
13
9
8
11
9
10
11
10
5
8
9
9
9
11
5
9
9
7
10
5
6
10
9
8
7
11
10
5
7
5
8
9
5
6
13
13
11
10
16
6
9
13
9
10
12
13
17
10
14
17
16
15
11
13
11
14
9
6
7
8
5
4
8
9
14
6
3
16
13
7
13
10
10
10
12
15
9
7
6
12
5
6
6
9
8
6
10
13
7
3
13
10
11
11
6
5
8
8
8
9
4
10
6
8
9
3
5
4
8
11
4
5
8
7
7
6
5
7
13
8
7
8
14
15
14
12
7
8
8
9
17
12
15
8
15
17
11
16
18
19
13
12
19
14
12
5
10
8
15
13
14
15
13
11
14
12
16
7
10
10
11
10
5
10
17
16
15
17
11
14
16
5
10
13
7
8
12
12
12
6
8
6
8
8
7
12
10
11
11
10
2
7
14
12
15
10
10
13
7
11
6
10
7
9
10
4
10
6
14
10
9
6
13
12
9
4
13
12
11
9
7
9
11
7
8
8
10
7
7
12
8
7
6
13
3
7
11
2
6
11
7
4
8
7
11
6
7
9
4
10
5
11
11
9
6
12
6
6
4
7
9
8
7
6
7
3
6
7
9
6
9
6
11
9
9
8
11
7
3
10
8
10
5
9
10
9
8
4
8
11
15
12
10
9
5
5
5
10
11
9
8
8
11
3
8
9
9
9
4
5
3
8
12
4
10
13
3
4
5
10
7
8
7
5
5
9
8
9
7
8
8
5
11
10
9
11
3
7
6
6
6
12
7
5
4
10
9
5
8
8
6
10
9
5
7
10
3
4
6
8
12
6
7
5
12
13
5
7
4
6
11
14
6
13
10
8
11
9
7
7
8
18
10
9
15
7
6
8
6
10
5
8
7
7
6
7
9
5
6
6
6
4
11
4
5
7
10
4
8
11
9
3
5
2
8
6
8
4
6
7
4
6
8
6
8
1
3
8
6
5
1
6
13
11
4
8
6
6
5
4
10
9
5
6
6
4
8
7
5
3
7
12
9
15
16
15
15
10
6
10
16
1
7
6
6
5
4
11
7
2
4
11
5
11
8
15
5
6
7
9
9
14
7
9
17
9
18
15
22
16
19
13
12
7
6
7
7
10
10
3
3
6
12
6
4
7
4
4
5
7
6
3
5
4
8
5
3
3
5
8
6
4
5
10
8
6
9
12
7
11
5
7
7
3
4
7
6
4
2
5
9
2
4
4
4
4
3
4
7
6
4
1
4
5
5
9
6
2
9
9
4
4
7
9
7
5
6
9
4
6
0
3
4
7
6
5
3
9
4
7
8
3
4
6
7
6
12
7
5
7
13
3
3
5
4
2
7
4
4
5
4
6
2
5
9
6
6
7
5
7
6
6
5
5
7
3
3
3
6
4
3
7
3
8
4
4
3
7
7
11
4
6
6
11
6
3
5
5
4
4
1
2
5
7
9
7
7
4
7
3
3
2
4
4
5
7
5
8
3
8
5
13
10
12
14
9
8
8
6
7
7
8
8
4
0
2
10
1
4
1
3
2
7
4
4
5
5
2
4
3
3
4
3
3
3
4
3
3
3
7
8
2
5
3
6
5
2
4
6
7
6
4
3
4
4
7
3
7
6
4
6
7
7
5
4
5
11
10
7
4
8
8
5
3
7
5
4
4
3
3
0
3
5
3
2
5
6
6
5
3
4
5
3
8
6
6
2
6
3
0
5
6
8
6
6
9
7
7
8
3
6
4
4
8
2
3
0
6
3
5
0
1
2
2
3
2
5
2
5
1
4
4
1
6
2
4
2
6
2
5
4
3
2
3
8
5
1
3
7
3
2
1
4
4
3
4
7
3
4
5
6
5
3
5
3
3
2
5
8
1
4
6
2
9
3
5
2
5
4
3
2
4
4
5
7
5
4
7
6
7
2
3
7
4
7
3
2
8
3
3
4
5
4
3
5
6
5
3
1
6
4
6
5
3
6
9
4
4
6
3
8
6
12
3
6
3
8
6
2
7
6
2
10
1
7
6
9
1
4
2
5
5
6
3
2
3
6
2
4
2
6
3
6
4
3
3
3
7
5
4
6
2
2
0
5
5
3
6
3
5
1
5
5
3
6
5
6
3
2
3
2
1
3
3
3
3
4
2
3
4
2
3
5
4
6
4
5
2
2
3
5
7
3
4
4
5
3
6
3
2
2
3
5
1
6
2
3
5
3
2
3
5
3
2
4
3
6
7
5
7
6
2
2
1
5
5
6
1
4
3
6
3
5
4
4
4
4
5
2
3
2
2
4
2
6
4
3
3
2
2
2
1
3
1
3
5
2
2
5
5
3
6
5
1
4
4
7
11
5
7
1
5
6
8
7
8
3
5
7
3
2
1
2
2
4
2
2
4
4
2
1
6
3
4
1
3
3
3
3
3
6
3
5
7
5
6
4
3
2
1
2
3
3
3
4
2
0
2
3
3
3
5
6
2
4
5
2
1
3
2
2
1
5
2
4
1
2
1
2
1
2
3
4
4
3
4
2
2
3
2
3
3
3
1
3
3
2
6
0
1
1
3
5
5
3
1
3
2
2
3
4
2
1
2
1
1
4
1
7
1
3
0
5
2
1
1
5
7
3
2
5
1
2
3
1
6
7
2
4
3
3
3
5
5
2
1
4
3
1
0
5
4
0
1
0
2
2
0
1
1
2
4
2
0
2
3
3
3
5
2
2
4
5
4
3
3
6
4
4
4
3
8
2
10
5
2
7
5
6
6
3
4
3
4
2
4
1
6
3
1
1
3
4
2
3
6
7
1
4
3
5
6
0
2
4
2
3
3
2
7
0
4
0
6
4
3
4
4
2
4
4
2
4
2
2
6
6
3
4
5
3
6
6
4
4
3
4
3
6
7
4
2
1
5
8
1
3
2
5
2
4
3
5
5
4
6
2
6
4
1
4
3
0
3
4
0
5
6
3
2
2
2
4
4
2
3
2
1
1
2
3
4
2
2
3
3
4
4
6
4
3
4
5
3
3
5
1
3
1
1
3
4
2
3
4
1
2
2
1
5
1
3
4
2
2
0
4
4
1
5
3
3
4
5
2
5
3
1
1
1
2
1
3
2
2
3
2
3
4
4
6
6
3
3
5
5
3
1
3
2
1
5
4
2
1
2
5
6
3
3
2
1
4
1
4
0
5
2
0
4
6
2
3
4
4
3
4
2
4
4
4
4
2
4
0
5
3
4
3
3
2
5
1
3
5
3
2
2
2
2
0
3
2
3
3
0
2
3
2
1
3
1
1
0
4
3
2
3
5
1
4
3
1
5
4
5
3
1
3
4
2
1
4
3
5
2
2
2
6
3
2
2
6
1
2
2
3
6
2
0
0
3
0
1
2
3
2
4
2
3
3
1
2
4
2
4
1
0
1
4
4
6
4
4
1
0
3
1
2
0
4
6
2
0
0
1
3
3
2
3
0
3
1
1
3
1
6
2
5
3
2
3
3
4
4
2
1
2
4
6
2
2
5
4
4
11
8
4
1
3
1
3
3
1
2
7
1
3
6
3
4
5
4
3
3
3
7
4
4
1
2
5
6
1
0
4
5
1
2
1
2
1
2
5
3
1
3
0
0
3
2
3
2
1
3
3
2
1
1
1
2
1
1
3
3
2
2
3
0
2
1
0
1
3
1
5
1
5
2
1
3
1
1
1
1
0
5
2
1
1
2
3
2
2
2
1
0
3
2
0
1
5
3
2
2
1
1
2
0
4
1
4
2
1
0
2
4
1
1
2
2
0
0
2
4
4
2
3
3
1
3
1
2
3
0
2
1
3
0
5
2
1
1
1
3
1
1
3
2
3
0
0
1
2
1
0
1
1
0
5
1
3
2
1
2
0
0
3
1
2
0
3
2
5
2
4
3
1
4
6
4
4
5
2
1
1
1
2
0
1
4
4
1
1
3
1
1
2
4
1
1
3
2
2
4
2
0
0
2
5
3
4
3
2
2
4
3
3
2
2
3
5
2
5
6
4
2
3
0
7
4
1
2
3
1
3
3
3
1
2
1
1
6
4
3
4
3
1
3
3
3
2
3
2
0
2
2
1
4
5
1
0
1
5
5
3
2
2
2
1
2
2
1
0
1
1
1
0
3
0
1
0
2
2
1
3
1
2
3
2
1
3
5
5
3
5
2
0
1
4
4
1
3
1
1
0
3
3
1
0
3
2
3
0
0
4
3
1
4
5
3
2
1
1
2
4
2
1
0
0
0
2
3
1
2
1
2
1
0
1
0
1
3
0
1
0
3
3
1
0
1
1
0
3
5
2
3
2
0
1
1
0
1
1
1
1
1
3
2
1
1
0
1
0
1
0
1
1
0
1
5
1
2
0
1
2
6
4
3
0
4
0
3
2
0
1
1
4
2
0
2
0
0
1
1
3
2
2
3
2
0
0
1
2
1
1
0
3
0
2
1
0
1
0
2
1
2
2
1
0
3
0
5
4
0
0
1
1
0
1
0
2
1
1
2
2
0
2
1
1
3
0
2
0
2
0
1
1
0
2
0
1
0
0
1
1
0
2
0
0
0
0
0
0
2
0
2
2
1
1
2
0
1
0
2
0
1
3
1
0
1
2
2
1
0
0
1
1
2
1
3
3
0
0
1
1
1
0
0
2
2
2
1
2
2
3
2
1
1
1
3
1
3
3
1
3
3
0
1
1
1
0
0
0
0
3
2
1
1
1
5
0
0
1
2
0
0
0
1
1
0
0
1
0
1
1
1
0
0
0
2
2
0
1
1
1
4
0
1
3
1
1
1
2
2
0
1
1
0
0
2
0
1
1
0
2
1
2
1
0
1
3
1
0
0
1
0
0
0
2
1
1
2
0
1
0
0
0
2
0
0
0
0
2
2
0
0
1
1
0
1
3
1
1
1
1
0
1
0
0
1
3
1
2
4
0
2
0
3
2
0
0
0
0
0
2
2
1
0
0
0
0
0
0
1
1
0
1
0
1
3
0
0
3
1
0
0
0
0
1
1
0
1
1
0
0
0
0
3
0
0
0
1
2
0
1
2
0
0
1
0
0
0
1
0
1
0
0
0
1
1
1
3
0
2
0
0
2
0
2
1
0
0
1
0
0
1
1
0
0
1
0
1
1
0
1
0
1
3
2
2
2
0
0
2
2
3
2
6
1
2
0
3
1
2
2
1
1
2
1
3
0
0
2
2
1
1
0
1
2
0
1
1
0
1
1
0
1
0
0
2
1
1
1
0
1
0
1
1
0
0
0
0
1
2
0
1
0
0
1
1
1
1
0
2
1
1
0
1
0
0
4
0
1
0
1
1
0
0
0
1
2
0
1
0
1
1
0
1
0
0
0
0
1
0
1
0
1
2
1
1
1
1
2
1
0
2
3
0
1
0
0
0
1
0
0
1
0
2
1
2
0
0
2
0
3
0
1
0
0
0
0
0
2
0
0
2
0
2
0
0
1
2
0
0
1
2
1
0
1
1
0
3
0
0
0
2
0
1
0
1
0
1
0
1
0
1
0
0
1
2
0
2
1
1
1
3
0
0
0
0
0
0
1
0
1
2
1
1
0
0
0
0
0
0
1
3
0
0
0
1
0
1
2
0
1
0
2
1
3
1
1
3
1
1
1
0
0
0
1
1
1
0
0
1
0
2
0
0
0
0
2
2
1
0
0
0
0
1
1
0
0
1
0
1
1
0
1
0
0
1
1
1
0
1
1
1
0
0
3
0
2
0
0
0
0
1
0
0
0
0
0
3
1
1
0
2
0
0
0
0
0
0
0
1
0
2
1
1
0
0
0
1
0
1
0
0
1
1
2
0
1
1
0
0
0
0
1
3
1
0
1
1
0
2
0
1
0
0
1
0
1
1
0
1
0
0
0
0
0
0
0
1
1
0
0
1
1
0
0
1
0
1
1
0
0
1
0
2
0
0
0
0
1
0
0
2
1
0
1
1
1
1
0
0
1
1
1
0
0
0
1
0
0
2
1
0
0
0
0
0
0
1
1
1
0
0
1
0
1
1
0
1
2
1
2
0
0
1
0
1
0
1
0
0
0
2
1
2
0
3
0
0
0
0
2
0
1
2
0
0
0
0
0
0
0
0
1
0
0
3
0
0
0
0
0
1
0
0
1
3
0
0
0
1
0
1
0
0
0
0
0
0
1
1
0
0
0
1
0
0
0
0
0
1
0
0
0
0
0
1
1
0
0
0
0
0
0
0
1
1
0
1
1
0
1
1
0
0
0
0
1
1
2
1
0
0
1
1
2
1
2
0
1
0
1
0
0
1
0
0
0
1
1
0
0
0
0
0
0
1
0
0
0
1
0
0
0
0
1
2
0
0
1
0
0
1
0
0
0
0
0
1
2
1
0
1
0
1
1
1
1
1
1
1
0
1
0
0
0
2
0
0
0
0
0
0
0
0
1
0
0
0
0
1
0
0
1
1
0
1
0
0
1
0
0
1
0
1
1
0
2
1
1
0
0
2
0
1
0
0
0
1
1
0
1
1
0
0
3
0
1
3
0
1
2
0
1
0
0
0
0
0
1
1
2
0
1
0
0
0
0
0
0
0
0
1
3
0
0
0
0
0
0
0
0
0
0
2
1
0
0
0
1
1
2
0
0
0
0
0
0
2
0
0
0
0
0
0
0
0
1
1
1
0
0
0
0
1
1
1
0
0
1
1
0
0
1
0
1
0
0
0
0
0
0
2
0
0
0
1
0
0
0
0
0
0
1
1
1
0
1
0
0
1
0
1
0
2
0
0
0
0
0
0
3
0
0
1
0
0
0
1
0
0
0
0
0
0
0
0
0
0
0
0
1
1
0
1
0
0
0
0
2
0
0
0
1
0
0
1
0
2
0
2
0
0
0
1
0
0
0
0
1
3
0
0
0
2
1
0
0
0
0
0
0
0
0
0
0
0
1
0
1
0
0
0
0
0
0
0
0
1
1
0
0
0
0
2
0
1
1
1
1
1
0
0
0
0
0
0
0
0
0
0
1
0
1
0
0
2
0
0
0
1
0
1
0
0
0
0
0
1
0
0
0
1
0
0
1
0
1
1
2
1
0
0
0
0
1
1
0
0
0
0
0
0
0
0
0
0
0
0
0
0
0
0
0
0
0
0
0
0
0
0
0
0
1
0
0
1
0
0
0
1
0
0
1
0
0
0
0
1
0
0
0
0
0
1
1
0
0
1
1
0
0
2
0
0
0
0
0
0
0
0
0
0
0
0
0
0
1
0
0
0
0
3
0
0
0
1
0
0
0
1
0
0
1
0
0
0
0
0
0
1
0
0
0
0
2
1
0
0
1
0
0
0
0
0
1
0
0
0
0
0
0
2
1
0
1
0
0
1
0
1
0
0
1
1
1
1
0
0
2
0
1
0
0
0
0
0
1
0
0
0
0
0
0
0
0
0
0
0
0
0
1
1
0
0
0
0
0
0
0
0
1
0
0
0
0
1
1
0
0
1
0
1
0
1
1
0
0
0
1
2
1
0
1
1
0
0
0
1
1
1
0
0
0
0
0
0
0
1
0
0
1
0
0
1
0
0
1
0
1
0
1
1
1
0
0
0
0
0
0
0
0
0
0
1
0
0
1
0
0
2
0
0
0
0
1
0
2
1
0
3
1
0
0
0
0
0
0
0
1
0
1
0
0
0
1
0
0
0
1
0
3
0
0
0
0
0
0
0
0
0
1
0
0
0
0
0
0
0
0
0
1
0
0
0
0
0
0
1
0
0
0
0
1
0
1
0
0
1
0
1
1
1
0
0
0
2
1
0
0
0
0
0
0
0
0
1
0
0
0
2
0
0
0
0
0
0
0
1
0
0
0
0
1
0
0
0
1
0
0
0
0
0
1
0
0
0
0
0
0
2
2
0
0
1
0
0
0
0
0
0
0
1
0
0
0
0
0
1
0
0
0
0
2
1
1
0
0
1
0
1
0
0
0
0
1
2
1
1
0
0
1
1
0
1
1
1
0
0
2
1
0
1
0
1
0
0
1
1
0
1
0
0
0
0
0
0
0
0
0
0
0
0
2
0
0
0
0
0
1
0
2
0
1
0
0
0
0
1
0
0
1
1
0
0
0
0
1
2
1
1
0
0
0
1
0
0
0
0
0
0
0
0
1
0
0
0
1
1
0
0
0
0
0
0
0
2
0
0
0
0
0
0
0
1
0
0
0
0
0
1
0
0
0
0
1
0
0
2
0
0
0
0
0
0
0
0
0
0
0
1
0
0
0
0
1
0
0
0
0
1
0
0
0
0
0
1
0
0
0
0
0
0
0
0
0
1
0
0
0
1
0
1
0
0
0
0
1
1
0
0
0
0
0
0
0
3
2
0
0
0
0
0
0
0
1
1
1
0
0
0
0
0
0
0
1
0
0
0
0
0
0
0
0
0
0
0
0
1
0
0
1
0
1
0
1
0
0
1
0
0
0
0
0
0
0
0
0
2
0
1
0
0
0
0
1
0
0
0
1
0
0
1
0
1
0
0
0
0
0
0
0
0
0
0
0
0
1
0
0
1
0
0
0
1
1
0
0
0
0
1
0
0
0
0
0
0
0
0
0
0
0
0
0
0
0
0
0
0
0
0
0
1
0
0
0
0
0
0
0
0
0
1
0
0
0
1
0
0
0
0
0
0
0
0
0
0
0
0
0
0
0
0
0
0
0
0
0
0
0
0
0
0
1
0
0
0
0
0
0
0
2
0
0
0
0
0
0
0
0
0
1
1
1
0
1
0
0
0
0
0
0
0
0
0
0
0
0
0
0
0
0
1
0
1
0
0
0
0
0
0
0
0
0
0
0
0
1
0
0
0
0
2
1
0
0
1
1
0
0
1
0
0
0
0
0
0
0
0
0
0
0
0
1
0
1
0
0
0
1
0
0
0
1
0
0
0
0
0
0
0
0
0
0
0
0
2
0
1
0
0
0
0
0
0
0
0
0
0
0
0
0
0
0
0
0
0
0
1
0
0
0
0
0
0
0
0
0
0
0
0
0
0
0
0
0
0
0
1
0
1
1
0
2
1
0
0
2
0
0
0
0
0
0
0
1
2
0
0
0
0
0
0
0
0
1
1
0
0
2
0
0
0
0
1
0
0
0
0
0
0
0
0
0
0
0
0
0
1
0
0
0
0
0
0
0
1
0
0
1
0
0
0
0
0
0
0
0
0
0
0
1
0
1
0
0
0
1
1
0
1
0
0
0
2
1
0
0
0
0
0
0
0
0
1
0
0
1
0
0
0
0
1
0
0
0
0
0
0
0
0
0
1
0
0
0
0
0
0
0
0
0
0
0
0
2
0
0
0
0
1
0
0
1
0
0
0
0
0
0
0
0
0
0
0
0
0
0
0
0
0
1
0
0
0
0
1
0
0
0
0
0
0
0
0
1
0
0
0
1
0
0
0
0
0
1
0
0
0
0
0
0
0
0
0
0
0
0
0
0
0
0
1
1
0
0
0
0
0
0
0
0
0
1
0
0
0
0
0
1
0
0
0
0
0
0
0
0
0
0
0
0
0
0
0
0
1
0
0
0
0
0
0
0
0
0
0
0
0
0
0
0
0
1
2
0
0
0
0
0
0
0
0
0
0
1
0
0
0
0
0
0
0
0
0
0
0
0
0
0
0
0
1
0
0
0
0
0
0
0
0
1
0
1
1
0
1
0
0
0
0
0
0
0
0
0
1
0
0
0
1
0
0
0
0
0
0
0
0
0
0
1
0
0
0
0
0
1
1
0
0
0
0
0
0
0
0
0
1
0
0
0
0
0
0
0
0
0
0
0
0
0
0
0
0
0
0
0
0
0
0
0
0
0
1
0
0
0
0
0
0
0
0
0
0
0
0
0
0
0
0
0
0
0
0
0
0
1
0
0
0
0
2
0
0
1
0
1
0
0
0
1
0
0
0
0
0
0
1
0
0
0
1
0
0
0
1
0
0
0
0
0
0
0
0
0
0
0
0
1
0
0
2
0
0
0
0
0
0
0
0
0
1
0
0
0
0
0
0
0
0
0
0
0
0
0
1
1
0
0
0
0
0
0
0
1
0
0
0
0
0
0
0
0
0
0
0
0
0
0
0
1
1
0
0
0
0
0
1
0
0
0
0
1
0
0
0
0
0
0
0
0
0
0
0
0
0
0
1
1
0
0
0
0
0
0
0
0
0
0
0
0
0
0
0
0
0
1
0
0
0
0
0
0
0
0
0
0
0
0
0
0
0
0
0
0
0
0
0
0
1
0
1
0
0
1
0
0
0
0
0
0
2
0
0
0
0
1
0
0
0
0
0
0
0
0
0
0
0
0
0
0
0
0
0
0
0
0
1
0
0
1
0
0
0
0
0
0
0
0
1
0
1
1
0
0
0
0
0
0
0
0
1
0
0
1
0
0
0
1
0
0
0
0
0
0
0
0
0
0
0
0
0
0
0
0
0
0
1
0
0
0
0
0
0
1
1
0
1
1
0
0
0
0
0
0
0
0
0
0
0
0
0
0
0
0
0
0
0
0
1
0
1
0
0
0
0
0
0
0
0
0
0
1
0
0
0
0
0
0
1
0
0
1
0
0
0
0
0
0
0
0
0
0
0
0
0
0
0
0
0
0
0
1
0
0
0
0
0
0
0
0
0
0
0
0
0
0
0
0
0
0
0
0
0
0
0
1
0
0
1
0
0
0
0
0
0
0
1
1
0
0
0
0
0
0
0
0
0
0
0
1
0
0
0
0
0
0
0
0
0
0
0
1
0
0
0
0
0
0
0
0
0
0
0
0
0
0
1
0
1
1
0
0
0
0
0
0
1
0
0
0
0
0
0
0
0
0
0
0
0
1
0
0
0
0
0
0
0
0
0
0
0
0
0
0
0
0
0
0
0
0
0
0
0
0
0
0
0
1
0
1
0
0
0
0
0
0
0
0
0
0
0
1
0
0
0
0
0
0
0
1
0
0
0
0
0
0
0
1
0
0
0
0
0
0
0
0
0
1
0
0
0
0
0
0
0
0
0
0
0
0
1
0
0
0
0
1
0
0
0
0
0
0
0
0
0
0
0
0
0
0
0
0
0
0
0
1
0
0
0
1
0
0
0
0
0
0
0
0
0
0
0
0
1
0
0
1
1
0
0
0
0
0
0
0
0
0
0
0
0
0
0
0
0
0
0
0
0
0
0
0
0
0
0
0
1
0
0
0
0
0
0
0
0
0
0
0
0
0
0
0
0
0
0
0
0
0
0
0
0
0
0
0
1
1
0
0
0
0
1
0
1
0
0
0
0
0
1
0
0
0
0
0
0
0
0
0
0
0
0
0
0
0
0
0
0
0
1
0
1
1
1
0
0
0
0
0
0
0
0
0
0
0
0
1
0
0
0
0
0
0
0
0
1
0
0
0
0
0
0
0
0
2
0
0
0
0
0
0
0
0
0
0
0
0
0
0
0
0
0
0
0
0
1
0
0
0
0
0
0
0
1
0
0
0
2
0
0
0
1
0
0
1
0
0
0
0
0
0
0
0
1
0
0
0
0
0
0
0
0
0
0
0
0
0
0
0
0
0
0
0
0
0
0
0
0
1
0
0
0
1
0
0
0
0
0
0
0
0
0
0
0
0
0
0
1
0
0
0
0
0
0
0
0
0
1
0
0
0
0
0
0
0
1
0
0
0
0
0
0
0
0
0
0
1
0
0
0
0
0
0
0
0
0
1
0
0
0
0
0
0
0
0
0
0
0
0
1
0
0
1
0
0
0
0
0
1
0
1
1
0
0
0
0
0
0
1
0
0
0
0
1
0
0
0
0
0
0
0
0
0
0
0
0
0
0
0
0
0
0
0
0
0
0
0
0
1
0
0
0
1
0
0
1
0
0
0
0
0
0
1
0
0
0
0
0
0
0
1
0
0
0
0
1
0
0
0
0
0
0
0
0
0
0
0
0
0
0
0
0
0
0
0
0
0
0
0
0
0
0
0
0
0
0
0
0
0
1
0
0
0
0
0
0
0
0
0
0
0
0
0
0
1
0
0
0
0
0
0
0
0
0
0
0
0
1
0
0
0
0
0
0
0
0
0
0
0
0
0
0
0
0
0
0
0
0
0
1
0
0
0
0
0
0
0
0
0
0
0
1
0
0
0
0
0
0
0
0
0
0
0
0
0
1
0
0
0
0
0
0
1
0
0
0
0
0
0
0
0
0
0
0
0
0
0
0
0
0
0
0
0
0
0
0
0
0
0
0
0
0
0
0
0
0
0
0
0
1
0
0
0
0
0
0
0
0
0
0
0
0
0
0
0
0
0
0
0
0
0
0
0
0
0
0
0
0
0
1
0
0
0
0
0
0
0
0
0
0
0
0
1
0
0
0
0
0
0
0
0
0
0
0
0
0
0
0
0
0
0
0
0
0
0
0
0
0
0
1
0
0
0
0
0
0
0
0
0
0
1
0
0
0
1
0
0
0
0
0
1
0
0
0
0
0
0
0
0
0
1
0
0
0
0
0
0
0
0
0
0
0
0
0
0
0
0
0
0
0
0
0
0
0
0
0
0
0
0
0
0
0
0
0
0
0
0
0
0
0
0
0
0
0
1
0
0
0
0
0
0
0
0
0
0
0
0
0
0
0
0
0
0
0
0
0
0
0
0
0
0
2
0
0
0
0
0
0
0
0
1
0
0
0
0
0
0
1
0
0
0
0
0
0
1
0
0
1
0
0
0
1
1
0
0
0
0
0
0
0
0
1
0
0
1
0
0
0
0
0
0
0
0
0
0
0
0
0
0
0
0
0
0
0
0
0
0
0
0
0
0
1
0
1
0
0
0
0
0
0
0
0
0
1
0
0
0
0
0
0
0
0
0
0
1
0
0
0
0
0
0
0
0
0
0
0
0
0
0
0
0
0
0
0
0
0
1
0
0
0
0
0
0
0
0
0
0
0
0
0
0
0
1
0
0
0
0
0
0
0
1
0
0
0
0
0
0
0
0
0
0
1
0
0
0
0
0
0
0
1
0
1
2
0
0
0
0
0
0
1
1
0
0
0
0
0
0
0
0
0
0
0
0
0
0
0
0
0
0
0
0
0
0
0
0
2
0
0
0
0
0
1
0
0
0
0
0
0
0
0
0
0
0
0
1
0
0
0
0
0
0
0
0
0
0
0
0
0
0
0
0
1
0
0
0
0
0
0
0
0
0
1
0
0
0
0
0
0
0
0
0
0
0
0
0
0
0
1
0
0
0
0
0
0
0
0
0
0
0
0
1
0
0
0
0
0
0
0
0
0
0
0
0
0
0
0
1
0
0
0
0
0
0
0
0
1
0
0
0
1
0
0
0
0
1
0
0
0
0
0
1
0
0
0
0
0
0
0
0
0
0
0
0
0
0
0
0
0
0
0
0
1
0
0
0
0
0
0
0
0
1
0
0
0
1
0
0
0
1
0
0
0
0
0
1
0
0
0
0
0
0
0
0
0
1
0
0
0
0
0
0
1
0
0
0
0
0
0
0
0
0
0
0
0
0
1
1
0
0
0
0
0
0
0
0
0
0
0
0
0
1
0
0
0
0
0
0
0
0
0
0
0
1
1
1
0
1
0
0
0
0
0
0
0
0
0
0
0
0
0
0
0
1
1
0
0
0
0
0
1
0
0
0
0
0
0
0
0
0
0
0
0
0
0
0
0
0
0
0
0
0
0
0
0
0
0
0
0
0
0
1
0
1
0
0
0
0
1
1
0
0
0
0
1
0
0
0
0
0
1
0
0
0
0
0
0
1
0
0
0
0
0
0
0
0
0
0
0
0
0
0
0
0
0
0
0
0
0
0
0
0
0
0
0
0
0
0
0
0
0
0
0
0
0
0
0
0
0
0
0
0
0
0
0
0
0
0
0
0
0
0
1
0
0
1
0
0
0
0
0
0
0
0
0
0
0
0
0
0
0
0
0
0
0
0
0
0
0
0
0
0
0
0
0
0
0
0
0
0
0
0
0
0
0
0
0
0
0
0
0
0
0
0
0
0
0
0
0
0
0
0
0
0
0
0
0
0
0
0
0
0
0
0
0
0
0
0
0
0
0
0
0
0
0
0
0
0
0
0
0
0
0
0
0
0
0
0
0
0
0
0
0
0
0
0
0
0
0
0
0
0
0
0
0
0
0
0
0
0
0
0
0
0
0
0
0
0
0
0
0
0
0
0
0
0
0
0
0
0
0
0
0
0
0
0
0
0
0
0
0
0
0
0
0
0
0
0
0
0
0
0
0
0
0
0
0
0
0
0
0
0
0
0
0
0
0
0
0
0
0
0
0
0
0
0
0
0
0
0
0
0
0
1
0
0
0
0
0
0
0
0
0
0
0
0
0
1
0
0
0
0
0
0
0
0
0
0
0
0
0
0
0
0
0
0
0
0
0
0
0
0
0
1
0
0
0
0
0
0
0
0
1
1
0
0
0
0
0
0
0
0
0
0
0
0
0
0
0
0
0
0
0
0
0
0
0
0
0
0
0
0
0
0
0
0
0
0
0
0
0
0
1
0
1
0
0
0
0
0
0
0
0
1
1
0
0
0
0
0
0
0
0
1
0
0
0
0
0
0
0
0
0
0
0
0
0
0
0
0
0
0
0
0
1
0
0
0
0
0
0
0
0
0
0
0
0
0
0
0
0
0
0
0
0
0
0
0
0
0
0
0
0
0
0
0
0
0
0
0
0
0
0
0
0
0
0
0
0
1
0
0
0
0
0
0
0
0
0
0
0
0
0
0
0
0
0
0
0
0
0
0
0
0
0
0
0
0
0
0
0
0
0
0
0
0
0
0
0
0
0
0
0
0
0
0
0
0
0
0
0
0
0
0
0
0
0
0
0
0
0
0
0
0
0
0
0
0
0
0
0
0
0
0
0
0
0
0
0
0
0
1
0
0
0
0
0
0
0
0
0
0
0
0
0
0
0
0
1
0
0
0
0
0
0
0
0
0
0
0
0
0
0
0
0
0
0
0
0
0
