0
0
0
0
0
0
0
0
0
0
0
0
0
0
0
0
0
0
0
0
0
0
0
0
0
0
0
0
0
0
0
0
0
0
0
0
0
0
0
0
0
0
0
0
0
0
0
0
0
0
0
0
0
0
0
0
0
0
0
0
0
0
0
0
0
0
0
0
0
0
0
0
0
0
0
0
0
0
0
0
0
0
0
0
0
0
0
0
0
0
0
0
0
0
0
0
0
0
0
0
0
0
0
0
0
0
0
0
0
0
0
0
0
0
0
0
0
1
1
4
3
5
5
2
3
1
2
3
1
1
4
48
744
11407
49518
152488
369067
616158
931891
1.37908e+06
1.69768e+06
1.56619e+06
930355
242931
75525
35586
17973
8705
6267
5987
5654
5422
5260
5410
5215
5206
5127
4981
4858
4839
4786
4565
4562
4311
4122
4186
3979
3959
3663
3624
3371
3365
3066
2979
2879
2755
2605
2539
2338
2333
2184
2083
1999
1773
1803
1752
1733
1567
1553
1489
1410
1420
1378
1314
1271
1298
1250
1178
1156
1136
1040
1158
1105
1066
1064
964
988
928
1020
954
963
856
930
983
861
945
950
873
883
846
834
829
866
815
767
797
798
765
779
761
736
714
699
697
741
705
727
675
674
702
693
684
641
676
643
598
603
701
684
767
689
615
614
582
577
568
545
583
570
558
543
517
538
507
484
512
506
566
495
476
514
498
472
479
463
447
479
469
472
455
448
465
454
444
446
428
414
442
400
477
449
445
408
379
435
430
414
388
408
408
384
393
393
374
442
449
551
567
480
424
389
425
360
361
363
379
366
354
339
353
339
326
366
351
355
350
375
336
377
359
372
325
353
360
345
336
353
331
323
341
301
324
323
318
318
290
291
308
276
285
309
318
310
269
297
321
290
280
286
306
310
307
318
306
298
277
266
297
279
272
248
280
283
258
296
314
263
280
251
274
284
274
237
249
295
261
254
267
265
261
273
258
221
264
287
246
282
277
253
219
242
258
255
250
259
281
295
231
257
237
220
253
256
253
233
263
274
284
257
225
239
248
209
260
216
275
233
268
239
239
232
231
251
230
213
220
211
232
218
207
206
196
212
234
207
208
220
212
237
240
255
219
210
236
213
216
222
206
193
198
184
200
191
215
218
235
230
200
203
207
207
197
224
231
219
215
248
230
210
193
197
242
209
206
219
184
206
176
180
177
171
198
180
211
190
185
215
188
169
205
190
220
186
154
171
188
176
175
192
214
229
276
316
251
212
206
212
199
174
196
174
176
159
184
155
171
148
173
182
165
184
156
147
149
141
149
175
150
149
175
168
146
132
158
158
160
138
158
150
161
156
129
157
159
168
153
158
160
154
157
163
151
159
146
153
160
159
148
142
157
134
131
149
164
141
136
184
161
165
154
137
126
176
140
155
154
179
163
138
149
135
145
144
155
149
144
142
173
148
148
149
142
142
153
151
149
153
151
141
147
161
136
129
172
158
137
139
139
121
139
150
148
141
133
156
123
145
140
142
138
132
131
139
115
131
127
123
132
120
122
134
137
124
127
145
131
143
154
125
138
128
129
169
278
492
597
635
408
233
161
141
135
143
140
139
121
138
128
152
109
124
120
110
128
127
127
133
126
109
121
124
116
127
109
119
145
110
115
128
132
115
116
131
123
114
138
123
110
111
123
131
141
124
125
140
128
161
116
119
135
147
138
130
126
96
123
108
99
117
134
112
109
117
104
96
107
115
123
120
130
146
108
118
132
162
178
179
144
127
130
123
116
107
78
122
97
100
146
102
107
118
108
108
126
130
142
148
157
145
111
95
79
105
83
101
104
128
115
98
91
112
103
98
87
112
97
105
118
102
110
111
108
108
127
105
92
104
99
104
100
112
94
121
116
97
103
101
111
110
117
89
90
95
127
104
111
97
105
97
93
96
91
109
97
87
92
97
123
109
101
105
112
107
104
105
93
111
105
101
108
120
118
116
146
133
125
131
113
128
119
124
128
150
176
229
198
181
114
96
115
112
99
118
111
107
94
96
91
106
85
110
111
102
91
101
120
130
117
133
116
105
100
97
96
86
113
117
104
89
106
94
106
89
101
97
87
90
106
104
85
97
107
99
86
85
98
87
70
97
100
102
80
82
71
96
91
90
90
83
106
99
89
106
88
83
89
94
90
88
73
76
82
89
78
96
70
89
78
70
82
84
85
74
89
90
113
97
129
135
151
137
143
113
90
90
66
78
88
90
86
92
89
82
94
81
94
79
66
93
83
82
78
58
84
84
68
89
85
80
78
77
67
68
77
78
89
70
71
79
75
72
68
74
85
84
73
91
81
87
83
70
87
75
78
64
72
53
79
59
60
66
63
58
54
80
53
81
62
71
79
65
68
65
88
65
73
81
60
56
69
78
65
60
55
88
71
73
76
67
60
77
60
99
91
88
80
60
67
60
83
75
58
77
69
78
75
73
102
57
92
83
58
55
80
72
72
74
72
65
89
57
72
61
56
67
58
67
67
67
74
65
69
58
48
82
65
86
87
106
95
115
106
100
95
105
78
85
74
85
118
158
386
651
892
883
593
281
149
85
59
78
66
61
83
71
72
68
61
69
73
75
84
82
84
101
71
68
75
97
84
81
61
48
70
76
64
62
74
68
69
62
66
71
62
69
57
66
71
53
55
63
73
66
56
65
64
72
64
46
56
46
57
67
60
65
50
50
54
61
53
60
64
60
48
57
62
59
59
60
52
53
48
55
59
62
55
50
58
73
65
80
46
51
50
46
33
58
53
67
51
53
62
57
81
55
60
66
46
49
68
71
64
78
84
69
59
49
45
51
58
53
43
59
48
50
47
54
47
43
60
58
46
56
41
43
38
45
50
46
41
45
44
38
41
46
48
32
57
68
77
79
72
57
39
40
52
60
43
47
60
58
41
43
51
32
42
60
40
41
38
41
37
35
47
40
51
49
32
32
40
37
39
44
45
37
39
35
43
43
40
37
33
43
47
40
27
49
32
40
35
35
39
35
47
30
45
40
41
30
39
42
33
36
32
43
35
42
43
37
36
54
42
36
47
46
47
47
49
36
52
37
37
44
36
37
33
43
40
29
43
50
49
48
34
43
45
32
42
47
35
28
42
50
44
42
55
95
174
344
514
526
423
233
102
63
50
48
46
48
39
39
48
35
49
40
47
54
44
44
43
37
40
41
44
42
34
41
37
42
36
36
36
48
47
94
101
121
88
54
57
30
27
29
33
38
30
34
38
39
35
27
34
41
26
37
37
36
36
43
38
33
31
31
32
29
35
33
40
39
32
34
27
30
28
42
25
24
25
37
25
34
28
40
28
42
35
44
37
38
34
42
34
26
39
33
30
30
33
30
32
31
36
33
37
33
30
33
27
36
37
42
36
45
47
35
44
25
33
35
33
32
35
36
34
25
29
24
23
37
32
25
39
30
33
31
32
30
34
24
46
29
30
28
41
34
27
25
28
31
31
36
37
25
28
30
36
44
34
30
23
32
26
32
26
24
37
25
45
33
28
26
32
37
27
42
31
38
43
61
34
43
34
27
25
25
23
30
30
35
29
28
42
43
29
35
33
39
37
23
39
25
31
35
38
40
24
22
29
28
20
32
25
24
26
28
27
33
23
31
33
19
24
28
23
35
31
29
32
25
37
24
24
27
26
26
28
30
32
28
27
31
24
24
30
27
29
31
34
25
29
22
29
31
25
22
32
18
28
26
22
31
23
16
28
31
17
28
24
23
28
24
18
28
24
26
25
31
28
31
24
26
20
20
29
21
22
24
19
23
29
24
27
32
25
32
18
32
19
26
26
32
18
29
16
19
28
19
25
24
23
36
23
25
25
15
17
31
14
22
27
20
28
25
39
32
24
24
27
21
27
23
29
25
25
32
29
31
24
36
26
32
34
25
29
31
28
38
23
24
24
24
35
27
24
28
23
21
21
23
33
25
33
20
38
32
30
32
34
19
26
22
18
23
21
31
17
23
22
20
24
38
56
57
91
95
75
41
36
40
26
25
26
29
19
10
25
20
21
26
26
29
30
20
23
26
19
23
22
23
18
21
25
23
25
28
37
17
30
21
20
33
20
16
30
22
23
16
22
25
17
28
31
36
31
24
22
17
20
20
27
24
20
22
29
32
22
19
25
25
35
25
24
14
18
18
18
16
20
27
20
21
29
20
18
26
27
20
17
25
19
17
21
22
27
27
26
24
20
25
24
20
27
24
24
20
25
15
24
23
16
15
20
31
23
24
41
30
26
15
31
19
20
26
21
21
21
24
21
19
16
21
24
22
26
17
24
17
28
23
20
25
18
22
21
18
20
15
15
30
30
25
19
30
15
27
24
14
20
28
20
16
23
25
20
30
15
29
38
24
31
23
20
19
27
18
27
26
14
16
21
29
24
17
22
23
13
24
16
27
27
23
26
33
18
13
26
22
19
28
20
23
22
19
20
20
18
16
19
20
15
39
27
24
21
24
19
24
21
25
23
14
24
18
24
25
21
25
17
26
19
21
18
25
23
30
27
17
21
16
15
20
28
31
38
30
41
15
25
17
27
22
23
17
27
20
25
16
16
30
17
26
14
19
19
15
19
18
16
16
25
24
14
22
19
21
17
21
14
26
15
26
19
20
17
17
18
21
23
17
19
18
19
13
24
24
17
23
14
20
20
18
18
22
21
18
13
13
17
23
16
20
20
19
16
25
16
32
18
18
18
17
26
16
22
26
14
23
17
18
17
20
13
22
19
15
18
23
14
15
15
18
19
21
18
17
16
23
29
23
24
23
23
24
20
19
12
13
10
17
23
18
13
17
20
10
17
16
17
15
21
24
17
13
26
14
21
13
21
8
15
21
11
10
20
17
13
17
21
27
17
15
15
20
15
11
9
19
22
13
17
24
19
20
20
14
20
17
16
19
26
121
488
1082
1248
991
401
110
39
36
22
23
22
36
29
27
27
29
20
14
19
24
20
14
21
18
19
23
21
23
22
26
21
16
16
14
17
20
15
12
24
14
13
20
27
22
25
12
13
12
14
19
18
20
20
25
15
28
17
24
22
20
14
16
12
12
22
22
26
25
19
22
18
17
20
14
18
26
33
52
27
39
25
26
25
34
50
75
62
61
47
29
24
12
13
21
19
15
19
13
13
14
23
18
16
23
17
17
11
21
10
14
15
18
22
21
21
19
12
20
13
11
20
13
19
23
19
13
18
16
14
23
13
17
15
12
16
19
18
20
12
23
18
12
22
11
17
19
15
17
16
14
25
27
9
19
16
21
18
12
15
16
16
19
13
10
18
14
16
18
16
15
13
13
15
10
16
12
17
16
12
13
15
15
14
18
14
14
17
9
17
17
16
18
16
23
11
13
20
15
11
14
11
16
10
13
16
15
14
11
12
12
11
16
19
15
19
16
16
15
19
15
17
16
16
15
16
14
9
16
9
16
19
16
12
24
15
16
11
14
19
8
18
10
18
11
17
15
10
13
19
11
15
17
15
14
11
15
16
16
16
12
12
15
13
14
12
13
17
14
15
11
12
12
4
19
12
13
18
13
17
13
9
15
16
15
13
13
17
10
14
14
10
3
9
12
8
17
3
12
10
14
10
8
8
20
19
24
28
25
24
18
14
20
10
18
15
17
19
13
9
12
17
8
10
8
7
16
11
10
11
16
13
13
13
13
15
16
13
10
10
14
13
7
9
11
11
11
7
15
18
14
12
14
9
12
16
14
13
15
15
9
13
15
11
13
13
20
15
12
9
10
17
9
14
12
18
18
19
17
32
16
19
17
12
19
11
23
7
11
9
16
15
18
10
7
10
12
12
9
11
11
14
10
13
14
9
13
12
13
15
9
17
14
11
8
14
11
16
10
13
12
8
17
13
21
18
23
12
10
10
10
13
14
9
21
17
16
12
15
7
11
8
14
6
7
10
13
9
13
18
17
6
14
8
11
12
15
11
20
13
2
14
13
8
20
12
22
17
20
23
19
25
21
12
11
9
17
10
15
7
8
6
12
13
11
14
17
14
12
21
16
13
17
13
15
5
12
11
8
10
12
12
6
13
23
13
10
19
12
11
14
13
13
10
11
11
5
10
10
8
9
7
14
15
10
14
10
10
10
10
15
14
8
11
13
8
14
20
2
7
20
11
6
9
8
10
10
10
4
11
13
8
7
5
7
9
15
7
6
8
7
14
10
4
6
7
10
11
16
9
9
14
10
20
17
15
7
12
15
15
13
8
9
12
11
13
16
17
14
10
11
11
12
8
4
7
8
5
7
13
16
7
6
5
7
12
13
8
7
10
12
16
8
9
8
9
16
10
7
8
9
10
7
9
11
7
10
9
16
14
10
6
6
11
9
8
6
6
12
6
9
5
8
7
12
8
8
5
5
9
13
11
9
5
12
12
14
9
8
13
17
9
10
15
5
2
7
9
8
8
7
9
5
6
14
5
7
11
17
8
7
6
6
5
9
11
9
8
13
11
12
7
13
8
11
8
10
5
16
20
14
12
11
20
14
12
9
9
11
8
7
11
12
7
8
18
13
10
12
10
15
7
8
11
10
12
11
14
6
9
17
8
8
7
12
11
10
11
14
13
13
8
7
6
6
7
6
4
4
7
5
5
8
5
7
10
14
16
9
11
11
4
12
8
7
9
10
8
14
11
9
13
7
11
17
13
10
8
10
8
11
7
6
8
7
7
9
14
12
10
13
10
5
9
2
9
13
14
11
15
16
13
5
7
7
8
12
12
3
5
8
8
10
8
13
16
6
5
8
10
10
9
11
6
9
12
13
11
7
13
14
8
3
8
7
12
15
13
7
9
10
5
8
14
8
10
6
3
8
5
10
10
14
7
9
15
11
5
5
14
12
12
8
13
11
7
8
6
8
6
8
12
6
9
10
8
15
8
7
12
11
13
10
3
10
11
7
9
5
10
10
9
12
19
8
9
7
8
14
8
11
13
13
11
7
7
6
12
9
13
7
9
11
8
10
6
5
5
9
10
6
5
5
11
5
10
7
5
6
9
14
6
7
12
5
8
9
6
8
11
4
7
13
12
8
8
3
9
6
9
6
7
3
8
10
9
8
7
7
7
5
12
7
9
3
8
9
11
7
8
8
12
6
12
8
15
11
15
8
9
10
12
11
6
10
11
7
7
2
7
8
4
6
7
10
7
10
6
5
8
10
7
6
9
6
8
11
8
9
10
11
10
5
6
8
4
11
8
9
7
9
9
8
8
13
6
12
10
6
11
7
8
11
9
13
9
11
8
7
7
11
7
10
11
9
11
6
15
10
8
11
4
6
5
7
7
3
8
5
6
11
9
10
8
6
10
8
6
8
7
10
13
9
8
7
12
7
10
7
6
7
12
6
9
6
6
9
10
13
6
12
5
10
6
10
15
9
6
5
8
3
5
3
6
4
10
9
5
6
8
6
7
11
13
9
8
8
7
10
8
7
10
9
4
9
5
7
14
3
6
9
12
10
7
10
9
6
8
9
7
3
6
9
7
10
9
9
7
7
7
3
6
7
13
5
8
10
8
7
7
7
6
7
10
15
7
3
3
5
7
5
7
6
4
9
5
8
6
7
10
7
14
11
4
6
10
5
11
8
10
7
6
8
5
4
10
5
4
10
5
7
4
4
9
8
8
8
10
13
6
5
6
6
6
10
8
6
13
9
5
7
7
5
8
4
8
8
4
11
6
5
6
6
4
1
5
1
7
6
7
5
5
4
8
6
8
8
4
6
1
9
11
8
9
8
11
6
6
9
1
9
7
14
7
8
4
7
5
1
7
10
5
12
11
1
8
6
9
7
4
5
6
8
4
10
6
5
10
11
8
5
9
10
6
6
6
7
11
9
5
6
8
10
2
11
8
8
5
5
4
9
3
4
3
12
11
3
6
9
4
6
7
5
5
8
9
8
8
9
4
7
3
7
8
6
3
12
4
8
5
3
6
4
7
6
6
5
6
4
10
8
5
8
10
6
4
9
10
7
9
5
4
3
6
8
7
9
3
8
9
8
7
21
9
8
10
4
4
7
8
6
9
8
3
2
8
10
8
5
9
8
4
8
6
3
2
9
6
8
6
14
6
7
5
10
4
2
9
9
1
10
9
6
4
8
7
6
5
4
4
6
5
5
5
7
4
3
6
8
6
10
8
7
6
6
10
12
7
5
8
7
5
12
5
4
5
5
5
7
6
5
8
7
6
12
6
8
4
4
6
9
9
7
13
10
7
8
12
13
4
9
9
9
8
4
11
6
5
4
8
6
7
5
8
8
6
7
6
9
6
11
9
4
5
4
5
2
7
7
4
13
5
3
2
3
12
5
7
5
3
5
3
5
5
5
12
4
6
6
7
4
10
6
11
0
8
3
5
2
6
5
11
9
15
5
7
11
9
6
9
3
7
6
9
4
5
7
6
9
6
5
3
5
3
4
9
6
5
6
9
5
5
5
1
9
5
6
9
3
4
6
4
7
3
7
6
5
9
5
6
9
3
8
4
7
6
6
8
7
8
4
8
11
4
5
4
11
6
3
4
9
9
5
6
5
11
6
5
2
4
4
2
7
3
9
7
3
6
3
3
6
11
7
4
5
6
7
4
6
3
11
1
5
6
3
6
2
5
7
12
4
7
8
6
8
8
9
7
8
4
2
3
2
9
5
2
4
4
4
5
9
9
6
6
3
5
5
3
3
3
4
8
7
6
3
2
4
5
7
11
6
8
6
9
4
4
7
6
7
6
5
5
3
7
2
4
3
3
2
6
5
5
9
4
8
3
10
6
7
7
10
5
5
5
3
6
9
10
10
3
8
3
7
5
8
7
1
4
6
6
7
3
5
7
8
11
7
10
4
1
8
3
2
3
2
3
6
5
4
3
6
3
1
6
5
8
3
4
6
6
4
4
5
3
4
6
10
5
4
8
8
5
9
6
9
6
4
5
5
8
2
6
11
5
7
3
10
11
8
8
6
6
2
8
6
3
6
3
6
4
9
5
6
4
4
7
6
4
4
5
3
5
6
4
5
6
6
4
5
9
5
3
2
6
3
3
3
6
10
7
3
7
6
3
4
7
7
6
2
3
5
2
2
3
5
5
3
7
8
4
2
8
6
6
5
7
6
5
2
7
5
6
7
1
6
3
7
5
4
4
7
4
5
0
5
5
6
2
4
3
4
4
6
6
6
4
7
9
7
4
6
6
3
15
4
5
5
5
5
2
7
2
3
5
7
1
5
5
4
11
8
2
4
7
7
5
9
5
6
7
7
0
8
2
8
7
7
5
2
6
3
5
11
4
4
7
4
5
2
4
6
7
5
5
4
2
7
2
6
5
1
6
12
5
12
6
4
6
5
6
5
7
3
3
4
6
4
7
2
4
4
4
1
2
3
8
3
4
10
5
1
3
4
5
5
2
8
4
2
4
2
3
10
6
5
2
7
8
7
8
5
6
8
5
4
6
4
6
6
3
4
3
4
8
2
5
1
4
9
5
4
6
5
2
9
4
5
6
6
11
5
3
5
5
4
7
1
0
4
4
4
2
4
7
5
8
3
2
2
2
4
7
4
4
5
8
5
10
6
1
9
5
5
5
5
4
6
1
6
5
7
4
4
3
8
5
9
5
4
6
4
8
5
4
5
3
3
5
7
1
5
4
7
9
8
2
5
5
3
4
9
7
8
9
5
1
3
7
5
5
4
6
6
6
5
3
3
7
5
1
1
9
4
2
4
3
3
4
10
3
5
2
1
4
2
3
4
9
4
5
6
3
2
1
2
1
3
4
2
3
3
5
9
5
4
2
1
0
4
4
1
6
1
6
3
4
1
7
2
1
3
3
7
5
6
3
3
6
3
2
6
6
3
7
3
4
5
6
2
5
4
5
8
2
4
5
3
1
8
4
2
5
3
4
3
5
3
3
5
2
2
5
5
2
4
2
3
3
5
0
3
4
7
6
3
2
4
4
8
6
5
5
5
11
4
6
6
4
5
1
2
6
6
4
7
7
5
8
2
4
2
4
6
3
4
3
2
2
3
5
4
4
7
3
6
2
4
3
4
3
3
7
4
4
3
4
12
3
3
2
2
5
2
3
4
4
5
4
6
3
4
9
8
6
6
5
2
6
5
4
7
7
1
4
3
5
4
6
3
4
4
2
4
4
3
5
3
6
6
3
4
2
8
1
4
3
6
3
6
5
2
7
8
4
3
7
8
4
5
5
3
2
4
1
1
2
4
1
6
0
4
2
3
1
1
4
5
5
7
2
3
5
4
3
3
5
6
3
4
3
3
2
6
1
2
3
2
6
0
5
2
9
1
2
5
0
3
3
4
3
1
1
6
2
5
6
2
2
1
2
2
7
4
5
2
5
4
2
4
5
2
7
4
2
1
4
2
3
6
4
0
6
6
6
3
4
4
6
5
4
4
3
5
4
3
6
4
3
5
4
4
1
2
5
4
5
6
5
3
3
3
4
2
2
7
5
3
2
6
5
3
5
3
6
6
2
2
5
2
5
3
2
5
5
5
2
3
2
4
3
6
3
2
8
6
4
3
6
3
6
6
2
6
2
2
1
2
3
1
5
4
6
7
1
4
3
2
3
2
6
1
1
3
2
2
3
2
5
5
5
3
1
2
1
2
3
2
3
3
3
6
1
3
3
4
3
2
1
1
3
6
3
1
5
3
3
3
2
3
3
5
3
4
2
2
6
4
4
3
2
2
1
5
4
1
2
3
2
4
3
4
2
1
4
4
3
3
2
3
4
2
3
2
1
3
1
3
3
5
4
3
3
4
2
1
4
3
6
2
4
1
2
4
2
5
6
3
0
3
2
3
2
3
2
3
2
1
3
4
5
6
5
2
6
1
5
2
1
4
1
1
4
1
1
6
5
4
2
1
2
3
2
4
0
1
4
3
3
3
3
2
5
2
1
3
5
8
0
3
4
5
5
2
5
2
6
4
0
2
2
4
6
4
2
3
3
2
3
7
1
2
7
6
4
2
5
3
2
1
0
3
2
2
4
6
3
2
1
2
3
1
4
3
2
5
1
2
2
7
5
5
6
2
5
5
5
5
5
2
4
2
2
9
2
1
1
1
3
1
3
3
7
6
3
3
1
0
4
3
1
3
4
5
2
2
1
7
3
2
6
2
4
4
4
2
2
5
5
6
1
4
2
1
3
1
2
2
3
4
3
6
2
0
2
4
0
3
2
4
3
2
2
1
1
0
3
4
4
3
5
1
3
0
1
4
2
2
2
4
3
2
2
6
5
7
2
5
2
1
6
0
5
2
1
0
5
1
2
3
3
1
4
0
1
0
0
3
1
2
4
3
3
3
1
0
2
2
4
3
1
2
2
2
3
2
4
2
4
3
3
1
1
1
1
5
5
2
2
4
3
0
5
2
3
1
2
3
1
6
2
0
2
3
7
2
3
5
4
6
2
1
1
3
4
3
3
2
1
2
1
2
5
1
2
1
0
0
1
3
0
3
1
5
4
7
3
3
2
3
5
1
1
4
3
3
3
3
2
4
4
2
2
3
3
1
2
2
1
1
3
1
1
2
7
2
3
4
3
3
2
0
3
2
1
0
4
1
1
2
2
1
2
1
1
2
3
1
5
3
1
3
2
1
5
4
1
2
4
1
3
1
0
2
2
4
5
6
1
3
4
3
2
1
3
1
0
0
2
2
3
4
2
4
7
1
1
3
3
3
1
2
4
2
1
3
8
4
3
3
5
0
5
2
3
4
4
2
3
1
2
3
0
2
2
4
2
2
1
3
0
3
2
2
1
1
0
3
2
0
1
4
5
1
2
5
4
5
2
1
3
2
7
3
3
2
0
1
4
5
3
3
1
2
2
4
4
2
3
1
0
3
1
0
2
2
4
3
1
3
3
5
3
3
3
1
0
3
2
0
1
2
3
4
3
4
0
3
0
2
2
1
1
2
5
3
1
2
2
1
2
4
3
2
4
3
3
2
1
1
2
3
1
1
0
3
1
1
2
5
1
4
3
2
3
3
3
4
3
1
1
5
2
2
1
1
2
1
1
4
2
0
0
2
4
2
2
0
1
0
3
5
3
3
2
2
2
5
2
6
2
4
2
3
3
1
2
4
3
1
1
3
1
4
1
1
0
0
3
1
3
4
4
1
2
4
3
3
3
2
4
5
2
0
1
0
1
0
1
3
2
1
3
3
0
0
3
1
2
1
1
2
2
1
2
1
2
1
1
0
1
2
2
1
1
2
3
0
3
2
3
2
3
2
2
7
3
4
6
0
2
2
0
1
1
3
1
2
2
4
3
6
2
3
1
1
4
1
4
2
2
1
3
0
0
1
3
2
1
3
1
6
1
0
0
2
5
3
0
2
3
3
4
1
5
4
4
1
4
1
4
1
0
5
3
2
0
3
3
4
3
1
0
2
0
1
2
3
2
2
1
2
1
2
1
3
3
2
1
1
2
2
1
4
2
1
0
1
3
5
1
0
1
5
2
0
3
0
1
3
2
2
2
2
1
4
5
4
2
0
1
2
2
2
0
0
2
2
5
2
3
1
2
3
0
4
3
3
2
2
2
2
2
3
1
1
1
1
3
2
3
5
1
1
0
2
2
3
8
0
1
3
2
1
1
2
4
1
1
3
2
1
0
1
8
3
3
5
2
1
2
2
2
1
4
0
1
0
1
2
2
1
1
1
1
1
3
2
1
3
1
5
1
1
2
3
2
2
2
5
1
3
3
2
3
3
2
3
3
3
0
1
3
3
2
3
4
2
2
4
2
5
3
2
2
2
0
3
1
2
2
2
1
2
3
5
2
2
3
2
1
2
1
6
1
0
0
4
4
2
0
1
2
3
4
1
3
0
4
3
3
2
3
2
4
1
2
0
2
4
2
2
0
0
4
2
2
0
0
1
1
2
2
3
3
2
1
2
1
1
4
4
5
2
1
1
2
0
1
3
0
1
3
0
1
2
5
5
4
0
2
0
0
3
6
1
1
1
4
2
1
1
1
1
0
1
2
3
1
3
0
3
4
1
1
1
1
2
2
3
3
1
4
2
4
1
3
0
2
3
1
0
3
5
2
3
1
5
2
1
2
4
2
1
0
4
1
1
4
1
3
3
2
1
1
2
1
5
1
2
3
1
1
0
1
2
4
4
3
3
2
2
1
2
3
2
1
0
4
1
0
1
0
2
3
2
2
4
1
2
1
2
2
5
3
2
0
0
2
3
2
3
3
2
4
2
2
1
2
0
0
0
1
1
1
4
5
2
7
0
3
0
2
2
4
2
3
2
4
2
2
1
1
1
1
4
0
0
2
1
1
5
1
3
1
3
2
1
1
1
0
5
0
2
4
1
0
0
3
5
1
2
2
1
2
0
0
2
1
4
4
1
1
4
5
4
1
3
1
0
1
0
1
0
2
0
4
2
0
2
0
1
1
1
0
1
2
1
0
3
3
3
2
4
3
1
2
0
3
3
2
4
0
2
2
1
0
4
6
2
4
2
6
2
3
1
4
2
0
2
1
1
2
2
3
4
2
2
4
1
3
3
1
3
3
1
3
0
3
2
1
1
3
0
3
2
4
2
5
2
0
0
3
2
3
2
0
1
2
2
1
2
1
3
1
3
1
3
1
2
2
1
1
1
2
2
1
3
4
3
0
0
3
1
3
1
1
1
2
2
4
1
0
4
2
2
1
3
0
2
1
0
0
3
3
3
1
2
2
1
4
4
1
1
3
2
4
3
1
1
1
1
1
0
1
1
1
4
1
1
3
1
1
2
0
2
1
1
0
1
4
0
4
0
0
1
2
0
0
2
3
2
1
2
1
1
0
3
1
0
0
0
1
4
0
1
2
4
2
2
4
1
1
1
3
2
1
0
1
1
1
1
0
1
1
1
2
3
1
3
0
2
4
1
4
1
1
1
2
1
3
1
1
2
3
2
4
4
0
3
3
2
2
1
1
2
4
2
1
3
1
3
1
1
2
2
0
2
3
1
1
1
2
1
1
3
1
2
2
1
2
2
1
1
4
1
1
2
0
0
1
0
1
1
3
2
2
1
1
2
1
1
1
2
0
5
3
1
3
1
4
3
0
3
2
2
2
0
1
3
2
1
2
0
0
2
0
4
0
1
1
3
1
0
1
4
1
2
2
1
3
1
1
0
2
1
0
0
1
1
2
0
3
4
2
0
4
0
1
2
4
3
1
1
2
2
1
3
0
2
1
3
2
1
0
1
1
0
2
3
5
2
2
2
0
1
5
2
3
1
1
2
0
0
0
0
2
1
2
1
0
2
1
2
0
1
2
3
1
1
1
1
2
1
3
0
1
0
3
2
0
1
1
0
3
0
2
2
1
1
1
0
1
4
1
1
1
1
4
1
0
2
1
1
1
3
0
1
1
0
0
2
1
0
0
1
2
3
2
1
0
0
0
1
2
1
2
1
0
0
1
1
5
1
3
0
2
0
2
2
0
2
0
5
0
2
0
2
2
1
2
2
1
4
3
1
2
2
1
1
1
2
4
2
3
0
1
3
3
1
2
1
3
3
0
1
0
0
0
1
0
1
2
2
0
2
3
1
1
1
0
0
2
0
2
1
0
0
0
3
0
3
2
0
0
1
4
2
3
2
2
4
2
3
0
1
1
2
0
0
1
1
0
0
1
0
2
2
1
0
1
2
3
1
2
2
1
0
0
1
3
0
1
2
2
1
1
0
1
1
0
2
3
1
2
1
0
0
1
1
1
2
0
2
3
5
1
0
1
3
1
2
0
1
3
2
2
2
0
2
2
2
2
1
2
0
2
0
3
0
0
1
4
3
5
1
0
2
0
1
1
0
2
0
1
2
1
2
0
1
1
1
1
1
2
2
2
1
0
1
1
1
3
3
1
2
2
1
2
2
0
0
0
0
0
1
2
1
1
2
3
4
2
1
2
0
1
0
1
0
2
3
1
0
0
0
0
0
4
3
1
0
2
2
2
0
3
1
1
0
1
2
1
4
1
2
1
1
0
0
1
0
1
0
0
1
1
0
3
1
2
2
0
0
1
2
1
1
2
2
0
2
1
2
4
1
0
1
0
2
2
1
4
2
3
4
4
1
1
3
4
1
1
0
0
0
1
0
0
1
3
2
4
1
2
0
0
1
3
2
2
1
0
1
1
3
2
2
4
0
2
2
1
0
2
1
0
2
3
1
3
0
3
0
0
0
0
2
1
1
1
1
1
0
1
1
2
1
2
0
2
1
2
1
0
2
1
0
5
1
1
1
2
1
0
0
1
3
1
1
1
2
0
1
1
0
2
1
4
1
1
1
2
2
0
1
1
1
0
2
1
1
1
2
0
2
0
1
0
1
3
1
3
0
2
0
2
0
4
2
3
0
1
1
0
0
0
3
0
2
2
2
1
1
3
2
1
1
3
3
1
1
0
2
1
1
2
0
2
0
2
1
0
0
2
0
0
0
0
0
0
3
1
1
0
1
0
2
2
3
6
1
2
2
1
2
2
2
5
2
1
0
4
1
0
2
2
1
1
1
3
3
1
0
2
1
0
1
1
3
1
3
1
1
1
1
2
2
0
1
2
0
2
1
1
1
1
3
0
1
4
2
0
1
0
4
3
3
4
4
0
2
2
1
0
1
0
0
3
0
1
2
2
2
0
3
1
1
1
1
5
1
3
2
1
1
0
0
1
0
3
3
0
1
0
0
1
0
3
0
0
1
2
1
3
0
2
0
0
3
0
1
2
4
1
1
2
1
3
2
1
0
2
1
0
5
2
1
2
5
1
3
1
1
0
1
2
2
1
1
0
2
1
3
0
4
0
3
0
0
1
1
1
0
0
0
0
2
4
1
1
0
1
3
2
2
1
1
2
4
2
1
1
1
1
2
3
2
0
0
1
0
1
1
0
1
0
2
0
0
3
3
0
0
0
5
0
0
0
0
1
2
1
3
1
3
2
3
1
2
1
3
1
2
0
0
0
3
1
2
2
2
0
2
1
1
0
1
3
2
1
1
2
0
0
2
2
1
1
0
2
4
1
2
1
0
1
1
1
0
0
1
1
1
1
1
2
3
1
1
0
1
2
3
0
1
3
2
1
0
0
2
0
2
2
0
1
0
1
1
1
1
0
1
2
1
0
2
1
3
2
3
2
1
0
1
1
1
0
0
0
2
1
2
2
1
2
0
1
0
2
1
3
0
0
0
0
2
1
1
1
1
1
3
4
4
3
2
1
2
2
2
1
2
5
0
1
1
2
5
3
2
5
3
4
3
1
2
0
1
1
0
1
1
1
1
0
1
2
0
1
2
0
0
0
3
0
0
2
3
1
1
1
0
1
1
0
0
1
0
2
1
0
1
2
1
1
1
0
1
0
4
1
0
2
1
3
0
2
0
0
2
1
0
0
0
0
2
0
1
2
1
1
0
2
0
0
2
2
0
1
3
2
1
0
1
1
2
0
2
1
1
1
1
1
0
0
2
0
1
0
1
1
2
0
0
0
1
2
2
2
4
1
0
0
0
2
1
1
3
1
2
0
2
1
1
1
2
2
1
1
0
0
2
0
1
1
2
0
4
0
2
2
2
1
0
0
0
1
2
1
1
0
0
2
1
1
1
0
1
0
2
0
0
0
0
1
0
0
1
0
0
3
0
0
3
1
1
1
0
1
0
0
0
2
1
1
2
1
0
1
1
1
1
2
1
2
0
3
2
2
0
1
0
3
1
2
0
0
0
0
0
1
0
1
0
0
1
1
0
0
1
0
1
1
1
0
2
3
0
0
1
1
0
2
1
1
1
0
0
1
1
0
0
2
2
3
3
1
1
0
0
0
0
2
3
3
1
0
1
0
1
1
1
3
1
1
1
1
1
1
3
2
1
0
1
1
2
4
0
0
1
0
0
1
0
2
3
0
0
0
1
1
2
2
1
0
0
1
2
2
1
0
0
0
0
2
1
1
0
1
0
0
1
1
1
0
1
1
1
1
3
3
1
1
1
0
1
1
1
4
2
2
1
1
0
1
0
1
0
0
1
2
0
1
1
0
0
1
4
3
0
1
0
1
0
1
0
0
1
0
0
1
1
0
0
0
0
0
0
0
0
0
1
2
1
2
0
0
1
0
0
1
0
0
1
1
0
0
1
0
1
0
0
0
0
0
1
1
0
0
0
1
2
1
2
0
1
0
1
0
0
1
0
0
0
0
0
1
0
0
1
2
1
2
1
0
1
0
1
1
1
0
0
1
0
1
0
1
1
3
1
0
2
0
0
1
3
1
1
0
2
0
0
0
0
0
1
0
2
0
0
0
0
2
2
0
0
0
0
0
2
0
0
0
0
0
1
0
1
1
0
0
0
0
1
0
0
0
1
0
0
4
1
0
2
1
3
2
1
2
1
3
1
0
1
0
1
0
0
4
3
1
1
1
1
0
1
0
1
1
0
1
0
1
0
0
0
1
0
2
2
0
0
2
0
0
1
1
1
1
1
0
1
0
2
0
0
1
0
0
0
2
0
0
1
0
2
2
1
1
1
0
0
0
1
0
1
0
0
1
0
0
0
2
0
2
1
0
1
0
0
0
1
0
0
0
0
0
0
0
0
0
0
1
0
1
0
2
2
1
1
0
0
0
4
0
0
0
1
1
1
0
0
0
3
0
0
1
0
1
0
1
0
1
1
0
0
0
0
0
0
1
1
0
1
3
0
1
0
0
1
1
1
0
1
0
1
1
0
0
0
0
1
2
0
1
0
1
1
1
1
0
0
0
0
1
0
1
0
1
2
0
1
0
1
0
2
1
2
1
2
0
0
1
2
0
1
0
0
0
2
0
0
0
2
0
1
1
0
0
0
3
1
0
0
1
0
1
1
1
0
0
0
0
0
0
0
1
0
0
0
2
0
1
1
0
0
0
1
1
0
1
0
0
1
1
0
0
1
1
0
0
0
2
0
0
1
1
0
0
0
0
0
0
0
1
0
0
1
1
0
0
0
1
1
2
0
0
0
2
0
0
2
0
0
0
0
0
1
0
0
1
2
1
0
1
1
0
1
1
0
2
0
1
1
1
0
1
1
2
0
0
1
0
0
0
0
1
2
1
1
1
0
0
1
0
0
0
1
0
0
1
0
0
0
0
1
0
2
4
0
0
0
0
0
0
0
2
0
1
0
0
1
1
0
0
0
1
0
0
0
0
0
0
1
0
0
1
0
0
1
0
0
0
0
0
0
1
1
0
1
1
0
0
0
1
0
1
0
0
1
0
0
1
1
0
0
2
1
1
1
0
0
0
2
0
0
1
0
1
1
1
1
0
1
0
0
1
0
1
2
0
2
1
0
0
0
0
0
1
1
0
1
1
0
0
0
0
0
0
1
0
0
1
1
1
0
0
1
0
1
1
0
0
0
2
0
1
2
0
3
0
0
1
0
0
1
0
0
0
0
0
0
0
0
1
1
0
0
0
0
1
0
0
0
0
0
1
0
0
2
0
0
1
0
0
0
0
0
1
0
0
2
0
0
0
0
0
1
1
0
1
0
1
1
1
0
0
0
1
0
0
1
0
0
0
0
0
1
0
0
1
0
0
0
2
0
0
0
0
0
0
0
0
0
1
0
0
1
0
0
0
0
1
1
0
1
0
0
1
1
1
1
2
0
2
0
1
1
0
0
0
1
2
0
1
1
0
1
0
1
0
0
0
0
0
0
0
0
0
1
0
0
1
0
0
1
0
0
1
0
0
0
0
0
0
1
2
0
0
0
1
0
1
0
0
2
0
0
0
0
0
0
1
0
1
0
0
1
1
0
2
0
0
0
0
0
0
0
2
0
0
0
1
1
0
0
0
0
0
0
1
2
1
0
1
0
0
1
0
0
0
0
1
0
0
2
0
0
0
1
0
2
1
0
0
0
0
0
0
0
0
0
0
0
0
0
0
2
1
0
0
1
0
2
0
1
1
0
2
0
1
0
0
0
0
1
2
0
0
0
0
2
0
0
1
0
0
0
0
1
1
0
0
2
3
0
0
2
1
0
0
1
0
0
1
0
0
1
0
0
2
0
0
0
1
0
0
0
1
1
0
0
1
0
0
0
0
0
1
0
1
1
0
2
1
0
1
1
0
0
0
1
0
1
1
0
0
0
1
0
0
0
0
0
1
0
1
0
3
0
0
0
0
1
0
1
1
0
0
2
1
0
1
0
0
0
0
1
0
1
1
0
1
0
0
0
0
0
1
0
0
0
0
1
0
0
0
1
1
0
0
0
0
0
0
0
0
1
0
0
0
0
0
1
0
0
0
0
0
0
0
1
0
0
1
0
0
1
1
0
0
0
0
1
0
1
0
0
0
1
2
0
1
0
0
0
0
0
1
1
0
0
0
0
0
1
0
1
0
1
0
1
0
1
0
0
1
0
0
0
0
2
0
0
0
1
2
0
0
1
1
2
1
0
0
0
0
1
1
0
0
2
0
2
0
0
1
1
0
0
0
1
0
0
1
0
1
0
0
0
0
0
0
1
0
0
2
1
2
0
0
0
0
0
0
0
0
0
0
0
0
0
0
1
0
1
1
0
0
0
0
0
1
0
2
0
0
1
1
1
0
1
1
0
1
1
2
0
0
0
0
0
0
0
1
0
2
0
0
1
1
0
1
0
2
0
0
0
1
1
1
1
0
0
0
1
0
0
1
0
0
0
0
0
0
0
0
1
0
1
0
2
0
0
0
0
0
1
1
0
0
0
0
1
0
0
0
1
0
2
1
0
0
0
0
0
0
0
0
0
0
0
0
0
0
0
1
1
0
0
1
0
0
1
1
0
0
1
0
0
0
0
1
0
1
1
0
1
0
0
0
0
2
0
2
0
2
0
0
1
1
0
1
0
0
0
0
0
1
2
0
0
1
0
2
0
0
0
0
1
0
1
0
0
0
0
1
1
0
0
0
0
1
0
0
0
0
0
0
0
0
0
0
0
1
1
1
0
0
0
1
0
1
1
1
0
0
1
0
0
0
0
0
0
2
0
0
1
1
1
0
0
0
0
1
0
0
0
0
0
0
0
1
0
0
0
0
0
0
0
0
0
0
0
0
0
0
1
1
1
1
3
0
0
0
0
0
1
0
2
0
0
0
0
0
0
0
0
0
0
0
1
0
1
0
1
0
0
1
0
0
0
0
0
1
1
0
0
1
0
1
0
0
1
0
1
0
1
1
0
1
0
0
0
0
1
0
0
0
0
1
0
0
1
1
0
1
0
2
0
1
0
1
0
0
0
0
0
0
0
0
0
0
0
0
1
2
0
0
0
0
0
0
1
1
0
0
1
0
0
0
0
1
0
0
1
0
2
0
0
0
0
0
0
0
0
0
0
0
0
0
0
0
0
0
0
0
1
1
2
0
0
0
0
0
0
0
0
1
0
1
0
0
1
1
0
0
0
0
1
0
1
0
0
0
0
1
0
1
0
0
0
0
0
0
0
0
1
0
0
0
1
0
1
0
0
1
0
0
0
0
0
0
0
0
0
1
1
0
0
0
0
0
0
0
0
0
0
0
0
0
1
0
1
0
1
0
0
0
0
1
0
0
0
1
2
0
0
0
1
0
0
1
0
1
0
0
0
0
0
0
0
0
0
0
1
0
0
0
1
0
0
1
0
1
0
0
0
0
0
0
0
1
1
0
0
1
2
0
0
0
0
1
0
0
1
1
0
0
0
0
1
0
0
0
0
0
0
0
0
0
0
0
0
1
0
0
1
0
0
0
0
0
0
1
0
0
0
0
1
0
1
1
0
2
0
0
0
1
0
1
0
0
1
0
0
1
0
0
0
1
2
1
0
0
1
0
0
0
0
0
0
1
0
0
1
2
0
0
0
0
2
1
0
0
1
0
0
1
0
0
0
0
0
0
0
0
1
1
0
0
0
0
0
0
1
1
0
0
0
1
0
0
0
1
0
0
0
0
1
0
0
0
1
0
0
0
0
0
0
0
1
0
0
0
0
1
0
0
0
0
0
2
1
0
1
1
0
0
0
1
0
0
0
1
0
1
1
0
0
1
0
0
1
0
0
0
0
0
0
1
0
0
0
0
0
0
0
0
0
0
0
0
2
0
0
0
0
0
0
0
0
0
0
1
0
0
0
0
0
1
1
0
0
2
0
0
0
0
0
0
1
0
1
2
0
0
1
0
0
0
1
0
0
0
0
0
0
1
1
0
0
0
0
0
0
1
0
0
0
0
0
0
1
2
0
1
0
0
0
2
0
0
0
0
0
1
1
0
0
0
0
0
0
1
0
0
1
2
1
0
0
0
0
0
0
2
0
0
1
0
1
1
0
1
0
0
0
0
0
0
0
0
0
0
1
0
0
0
0
0
0
0
0
0
0
0
0
0
0
0
0
1
0
0
1
0
0
0
0
0
1
0
0
0
0
0
0
0
1
0
0
0
0
0
0
0
1
1
0
0
0
0
0
0
0
0
0
0
0
0
0
0
0
0
0
0
0
0
1
0
0
0
0
0
0
1
0
0
0
0
0
0
1
1
0
0
0
0
0
0
1
0
0
0
0
0
0
0
0
0
0
0
0
0
0
0
0
1
0
1
0
1
0
0
0
0
1
0
0
1
0
1
0
0
0
0
0
0
0
1
0
1
0
0
0
0
1
0
1
0
0
0
0
0
0
0
0
0
0
0
0
0
1
0
0
0
0
0
0
0
0
0
0
0
1
0
0
0
0
0
0
0
1
1
0
1
0
0
0
0
0
0
0
1
0
1
0
0
1
0
0
0
1
1
0
0
0
0
0
0
0
0
0
0
0
0
0
0
0
0
0
0
0
0
0
0
0
0
0
0
0
0
1
0
0
1
1
0
0
1
0
0
1
0
0
0
1
0
0
0
0
0
0
0
0
0
1
0
0
0
0
0
0
0
0
0
0
0
0
0
0
0
0
0
0
0
0
0
0
0
0
0
0
0
0
0
1
0
0
0
0
0
0
0
0
0
0
0
1
0
0
0
0
1
0
0
0
0
0
0
0
0
0
0
0
0
0
0
0
0
0
0
0
0
0
1
0
0
0
0
1
0
0
1
0
0
0
0
0
0
0
0
0
0
0
0
0
1
0
2
0
0
0
0
0
0
0
0
0
1
0
0
0
0
0
0
1
1
0
0
0
0
0
0
0
0
2
0
0
1
0
0
0
0
0
0
0
0
0
0
0
0
0
0
0
0
1
0
0
0
1
0
0
0
0
0
1
0
1
0
0
0
1
0
0
0
0
0
0
0
0
0
0
0
0
0
0
0
0
0
0
0
1
0
1
0
0
1
0
1
0
0
0
0
0
0
0
0
0
1
0
0
0
0
1
0
1
1
0
0
0
0
1
0
0
0
0
0
0
0
0
1
0
0
0
0
0
0
0
0
1
0
0
0
1
0
0
0
0
0
1
0
1
0
0
0
0
0
0
0
1
0
0
0
0
0
0
0
0
1
0
0
0
0
0
0
0
0
1
0
0
0
0
0
0
0
0
0
0
0
0
0
0
0
0
0
0
0
0
2
1
0
0
0
0
1
0
0
0
0
1
0
0
0
0
0
1
0
0
0
0
0
0
0
0
0
1
0
0
0
0
0
0
0
0
1
0
0
2
0
0
0
0
0
0
0
0
0
0
0
0
1
0
0
1
0
0
0
1
0
0
1
0
0
0
0
1
0
0
0
0
0
0
1
0
0
0
0
0
0
0
0
0
0
0
1
0
1
0
1
0
0
0
0
0
0
1
0
0
0
0
0
0
0
0
0
0
0
0
0
0
0
0
0
0
0
0
1
0
0
0
2
0
0
0
0
0
0
0
1
0
0
1
0
0
1
0
0
0
0
0
0
0
0
0
1
0
0
1
0
0
0
0
0
0
0
0
1
0
0
0
0
0
0
1
0
0
0
0
0
0
1
0
0
0
1
0
0
0
0
0
1
0
0
0
0
0
0
0
0
0
0
0
0
0
0
0
0
0
0
0
0
0
0
0
0
0
0
0
1
0
0
0
0
0
0
0
0
0
0
1
0
0
0
0
0
0
0
0
0
0
1
0
0
0
0
0
0
0
0
0
0
0
0
0
0
1
0
0
0
0
0
0
0
0
0
0
0
1
0
0
0
0
0
0
0
0
0
0
0
0
0
0
0
0
1
0
0
0
0
0
0
0
0
0
0
0
0
0
0
0
0
0
0
0
0
0
0
0
0
0
0
0
0
0
0
0
0
1
1
0
1
0
0
0
0
0
0
0
0
0
0
0
0
0
0
0
0
0
0
0
0
0
0
0
0
1
0
0
0
0
0
0
0
0
0
0
0
0
0
0
0
0
0
0
0
0
1
0
0
0
0
0
1
0
0
0
1
0
0
0
0
1
0
0
0
0
0
0
0
0
0
0
0
0
0
0
1
0
0
1
1
1
0
0
0
0
0
0
0
1
0
0
0
0
0
0
0
1
0
0
0
0
0
0
0
0
0
0
0
0
0
0
1
0
0
0
0
0
0
0
0
0
0
0
0
0
0
0
0
0
0
0
0
0
0
0
0
0
0
0
0
0
0
0
0
0
0
0
0
0
0
0
0
0
0
0
0
0
0
1
1
0
0
0
0
0
0
0
0
0
0
0
1
0
0
0
0
0
0
0
0
0
0
0
0
0
1
0
0
0
0
0
0
0
0
0
0
1
0
0
0
0
0
0
0
1
0
0
0
0
1
0
0
0
0
0
0
0
0
1
0
0
0
0
0
0
1
0
1
0
0
0
0
0
0
0
0
0
0
0
0
0
0
0
0
0
0
0
0
0
0
0
0
0
1
0
0
1
0
0
0
0
0
0
1
0
0
0
0
0
0
0
0
0
0
1
0
0
0
0
0
0
0
0
0
0
0
0
0
0
0
1
0
0
0
0
0
0
0
0
0
0
1
0
0
0
0
0
0
1
0
0
1
0
0
0
0
0
0
0
0
0
0
0
0
0
0
0
0
0
2
0
0
0
0
1
0
0
0
0
0
1
0
0
0
0
0
0
0
0
0
0
0
0
0
2
0
0
0
1
0
1
0
0
0
0
0
1
0
0
0
0
0
0
0
0
0
0
0
0
0
0
0
0
0
0
0
0
0
0
0
0
0
0
0
0
0
0
0
0
0
1
0
0
0
0
0
0
0
0
0
0
0
0
0
0
1
0
0
0
0
0
1
0
1
0
0
0
0
0
0
0
0
0
0
0
0
1
0
0
0
0
0
0
0
0
0
0
0
0
0
0
0
0
1
0
0
1
0
0
0
0
0
0
0
0
0
0
0
0
0
0
0
0
0
0
1
0
1
1
0
0
0
0
0
0
0
0
0
0
0
1
0
0
0
0
0
0
0
0
0
1
0
0
1
0
0
0
0
0
0
0
0
0
0
0
0
0
0
0
0
1
0
0
0
0
0
0
0
0
0
0
0
0
0
0
2
0
0
0
0
0
0
1
0
0
0
0
0
0
1
0
1
0
0
0
0
0
0
0
0
0
0
0
0
0
0
0
0
0
0
0
0
0
0
0
0
0
0
0
0
0
0
1
0
0
0
0
0
0
0
0
0
0
0
0
0
0
0
0
0
0
0
0
0
0
1
0
0
0
0
0
0
0
0
0
1
0
0
0
1
0
0
1
0
0
0
0
0
0
0
1
0
0
0
0
0
0
0
0
1
0
0
0
0
0
0
0
0
0
0
0
0
1
0
0
0
0
0
0
0
0
1
0
0
0
0
0
0
0
0
0
1
0
0
0
0
0
0
0
1
0
0
0
0
0
0
0
0
0
0
0
0
0
0
0
0
0
0
0
0
0
0
0
0
0
0
0
0
0
0
0
0
0
0
0
0
0
0
0
0
0
0
0
0
0
0
0
0
0
0
0
0
0
0
0
0
0
0
1
1
0
0
0
0
2
0
0
0
0
0
0
0
0
0
0
0
1
0
0
0
0
0
1
0
0
1
0
0
0
0
0
0
0
0
0
1
0
0
0
0
0
0
0
0
0
0
0
0
0
0
0
0
0
0
0
0
0
0
0
0
0
1
0
0
0
1
1
0
0
0
0
0
0
0
0
0
0
1
2
0
0
0
0
0
0
1
0
0
0
0
0
1
0
0
1
1
0
0
0
0
0
0
0
0
0
0
0
0
0
0
0
0
0
0
1
0
0
1
0
0
0
0
0
0
0
0
0
0
0
0
0
0
0
0
0
0
0
0
0
0
0
0
0
0
0
0
0
1
0
0
0
0
0
0
0
0
1
0
0
0
0
0
0
0
0
0
1
0
0
0
1
1
0
0
1
0
0
0
0
0
0
0
0
0
0
0
0
0
1
0
0
0
0
0
0
0
0
0
0
0
0
0
0
0
0
0
0
0
0
0
0
2
0
0
0
0
0
0
0
0
0
0
0
0
0
0
0
0
0
0
0
0
0
0
0
0
0
0
0
0
0
0
0
0
0
0
0
0
0
0
0
0
0
0
0
1
0
0
0
0
0
0
0
0
0
0
0
0
0
0
0
0
0
0
1
0
0
0
0
0
0
0
0
0
0
0
0
0
0
0
0
0
0
1
0
0
0
0
0
0
0
0
1
0
0
1
0
0
0
0
0
0
0
0
0
0
0
0
0
0
0
0
0
0
0
0
0
0
0
0
0
0
0
0
0
0
0
0
0
0
0
1
0
0
0
1
0
0
1
0
0
0
0
0
0
0
0
0
0
0
0
0
0
0
0
0
1
0
1
0
0
0
0
0
0
0
0
0
0
0
0
0
1
0
0
0
0
0
0
0
0
0
0
0
0
0
1
0
0
1
2
0
0
0
0
0
0
1
0
0
0
0
0
0
0
0
1
1
1
0
0
1
0
0
0
0
0
0
0
0
0
0
0
0
0
0
0
0
0
0
0
0
0
0
0
0
0
0
0
0
0
0
0
0
0
0
0
1
0
0
0
0
1
0
0
0
0
0
0
0
0
0
0
0
0
0
1
0
0
0
0
0
0
0
0
0
0
0
0
0
1
0
0
2
0
0
0
0
0
0
0
0
0
0
0
0
0
0
0
0
0
0
0
0
0
1
0
0
0
1
0
0
0
0
0
0
0
0
0
0
0
0
0
0
1
0
0
0
0
0
0
0
0
0
0
0
0
0
0
1
0
0
0
0
0
0
0
0
0
1
0
0
0
1
0
0
0
0
1
0
0
0
0
1
0
0
0
0
0
0
0
0
0
0
0
0
0
0
0
0
0
1
1
0
0
0
0
0
1
0
0
0
0
0
0
0
0
0
0
0
0
1
0
0
0
0
0
0
0
0
0
0
1
0
0
0
0
0
1
0
0
1
0
0
0
0
0
0
0
0
0
0
0
0
0
0
0
0
0
0
0
0
0
0
0
0
0
1
0
0
1
0
0
0
0
0
0
0
0
0
0
0
0
0
0
0
0
0
0
0
0
0
0
0
0
0
0
0
0
0
0
0
0
0
0
0
0
0
0
0
0
0
0
0
0
0
0
0
0
0
1
0
0
0
0
0
0
0
0
0
0
0
0
0
0
0
0
0
0
0
0
0
0
0
0
0
0
0
0
0
0
0
0
0
0
0
1
0
0
0
0
0
0
0
0
0
0
0
0
0
0
0
0
0
0
0
0
0
0
0
0
0
0
0
0
0
0
0
0
0
0
0
0
0
0
0
0
0
0
0
0
0
0
0
0
0
1
0
0
0
0
0
0
0
0
0
0
0
0
0
0
0
0
1
0
0
0
0
0
0
0
1
0
0
0
0
0
0
0
0
0
0
0
0
0
0
0
0
0
0
0
0
0
0
0
0
0
0
0
0
0
0
0
0
0
0
1
0
1
0
0
0
0
0
0
0
0
1
0
0
0
0
0
0
0
0
0
0
0
0
0
0
0
0
0
0
0
0
0
0
0
0
0
0
0
0
0
0
0
0
0
0
0
0
0
0
0
0
0
0
0
0
0
2
0
0
0
0
0
0
0
0
0
0
0
1
1
0
0
1
0
0
0
0
0
0
0
0
0
0
0
0
0
0
0
0
1
0
0
0
0
0
0
0
0
0
0
0
0
0
0
0
0
0
0
0
0
0
0
0
0
1
0
0
0
0
0
0
0
0
0
0
0
0
0
0
0
0
0
1
0
0
0
0
0
0
0
0
0
0
0
0
0
0
0
0
0
0
0
0
0
1
0
0
0
0
0
0
0
0
0
0
0
0
0
0
