0
0
0
0
0
0
0
0
0
0
0
0
0
0
0
0
0
0
0
0
0
0
0
0
0
0
0
0
0
0
0
0
0
0
0
0
0
0
0
0
0
0
0
0
0
0
0
0
0
0
0
0
0
0
0
0
0
0
0
0
0
0
0
0
0
0
0
0
0
0
0
0
0
0
0
0
0
0
0
0
0
0
0
0
0
0
0
0
0
0
0
0
0
0
0
0
0
0
0
0
0
0
0
0
0
0
0
0
0
0
0
0
0
0
0
0
1
0
2
0
1
2
0
3
0
0
0
2
1
0
2
20
418
5653
24780
76227
168997
269021
401048
533121
600803
526444
332444
151720
94467
70265
56980
49625
46314
46391
46372
47438
47835
50404
52887
54688
53532
50779
50833
56017
63756
64680
57185
45252
38207
34379
33079
32329
32343
34065
38171
39445
37302
31097
27387
24540
23251
22018
21475
21208
20528
20258
19840
19615
19392
18647
17819
17485
16700
15961
15557
15246
14663
14301
14005
13226
13108
12646
12386
12055
11777
11574
11275
11309
11372
11542
11953
11656
10995
10385
10305
9865
9744
9559
9503
9631
9394
9278
8993
9147
9114
8934
8924
8743
8753
8695
8595
8666
9111
10369
11728
12329
11650
9989
8722
8262
8205
8133
7912
7825
7860
7688
7544
7388
7511
7295
7196
7171
7022
6958
6941
6853
7034
6828
6878
6777
6707
6514
6549
6431
6423
6391
6385
6334
6326
6182
6328
6134
6119
6065
5923
6055
6012
5949
5917
6014
5890
5936
5813
5881
5722
5701
5757
5582
5593
5670
5626
5625
5603
5476
5517
5504
5277
5443
5244
5263
5164
5300
5152
5114
5092
4957
4949
4855
4686
4751
4810
4746
4618
4699
4586
4622
4550
4640
4552
4506
4349
4479
4526
4529
4430
4463
4295
4406
4370
4304
4349
4358
4354
4360
4295
4383
4155
4231
4177
4212
4070
4142
4072
4114
4100
3971
4038
3901
3858
3941
3819
3841
3613
3504
3552
3479
3566
3446
3397
3485
3435
3466
3447
3470
3353
3247
3282
3464
3675
3539
3554
3384
3314
3232
3328
3184
3263
3156
3152
3083
3150
3104
2997
3082
3080
3028
2970
2941
2955
3025
3016
3030
2882
2852
2838
2841
2857
2859
2762
2699
2772
2691
2772
2722
2633
2743
2698
2743
2659
2634
2579
2635
2505
2621
2597
2569
2591
2561
2496
2530
2549
2731
2910
3499
4753
5126
5075
3994
3260
2838
2548
2576
2458
2461
2601
2597
2675
2753
2634
2867
3321
4134
4352
3996
3237
2768
2479
2425
2355
2465
2456
2475
2400
2373
2315
2399
2359
2315
2311
2164
2199
2195
2206
2153
2557
3832
9620
20051
31718
35192
28464
16124
8831
4958
3677
2999
2711
2656
2559
2418
2412
2437
2327
2413
2370
2364
2319
2335
2419
2424
2255
2194
2265
2051
2143
2041
2145
2055
2121
2241
2207
2223
2152
2126
2197
2378
2817
3131
2986
2819
2470
2293
2442
2612
2788
2932
3303
4750
10787
19930
28546
28788
21329
11123
6264
3777
2937
2536
2491
2346
2265
2218
2197
2112
2110
2018
2017
1951
1961
1957
2012
1937
1963
2150
2343
2694
2935
2847
2483
2162
2009
1985
1860
1851
1867
1915
1861
1887
1878
1942
1923
1910
1905
1877
1880
1703
1829
1745
1753
1730
1770
1685
1791
1890
1984
2149
2210
2063
1831
1838
1720
1823
1903
2003
2164
2128
2015
1874
1813
1736
1714
1693
1607
1769
1534
1663
1649
1642
1658
1663
1588
1611
1620
1575
1633
1748
1920
2187
2508
3393
4698
5539
5353
4149
2950
2161
1804
1678
1544
1544
1524
1436
1563
1511
1516
1651
1553
1511
1530
1557
1622
1462
1550
1505
1456
1510
1685
1916
2007
1981
1796
1549
1695
1535
1475
1541
1515
1585
1625
1667
1577
1531
1463
1465
1433
1474
1484
1523
1515
1555
1563
1594
1558
1698
1552
1491
1435
1389
1309
1407
1346
1441
1602
1986
2642
2780
2767
2263
1762
1503
1372
1375
1348
1309
1343
1346
1319
1365
1344
1328
1360
1344
1316
1318
1309
1374
1361
1313
1382
1458
1515
1570
1672
1609
1434
1406
1378
1418
1379
1341
1321
1378
1377
1333
1301
1364
1317
1348
1268
1347
1305
1322
1328
1340
1491
1614
1938
1929
1900
1689
1448
1415
1241
1379
1242
1320
1292
1268
1334
1299
1242
1314
1319
1245
1239
1234
1279
1290
1356
1493
1518
1488
1449
1350
1343
1367
1303
1254
1267
1236
1206
1258
1210
1309
1272
1248
1221
1261
1220
1296
1292
1324
1290
1277
1270
1263
1255
1303
1259
1302
1278
1347
1286
1412
1418
1535
1460
1381
1442
1276
1285
1193
1227
1170
1229
1237
1227
1215
1193
1253
1171
1261
1202
1199
1112
1209
1180
1159
1168
1211
1271
1264
1294
1314
1275
1286
1160
1267
1258
1149
1122
1185
1217
1185
1165
1222
1232
1329
1388
1484
1457
1305
1340
1207
1223
1184
1204
1226
1199
1248
1149
1199
1164
1191
1183
1133
1196
1117
1112
1146
1170
1157
1128
1202
1117
1194
1142
1122
1169
1202
1183
1223
1305
1276
1259
1206
1173
1156
1218
1216
1222
1176
1268
1184
1219
1249
1279
1368
1350
1307
1364
1381
1369
1416
1345
1291
1311
1236
1271
1261
1242
1121
1178
1168
1138
1121
1073
1098
1143
1184
1157
1131
1176
1200
1281
1491
1592
1595
1529
1330
1214
1164
1203
1233
1290
1243
1176
1220
1188
1137
1351
1583
1864
1912
1875
1536
1328
1240
1160
1128
1097
1192
1146
1175
1171
1133
1078
1147
1114
1122
1120
1065
1064
1142
1111
1066
1099
1148
1137
1141
1151
1268
1600
1886
2040
2008
2127
2222
2167
2003
1865
1915
1793
1640
1484
1283
1144
1164
1210
1116
1133
1155
1165
1083
1143
1115
1087
1132
1157
1136
1063
1100
1096
1029
975
1061
1086
984
1063
1017
988
1019
1025
997
1013
942
936
990
990
958
948
964
989
989
909
979
991
993
999
1040
1075
1222
1371
1604
1682
1485
1304
1116
1073
1173
1130
1095
1061
1009
965
919
962
1091
1140
1211
1309
1227
1116
1035
993
943
973
966
962
923
1013
1136
1618
2232
2695
3042
2466
1908
1403
1119
1014
911
967
912
947
1014
1052
1142
1132
1065
984
906
869
944
917
871
896
869
888
895
859
803
810
840
834
839
774
796
906
827
813
839
843
788
839
849
887
858
901
890
883
967
933
1376
1971
3170
3818
3878
3087
2107
1396
1170
959
950
883
933
1037
1346
1543
1749
1676
1403
1141
1041
947
900
887
949
903
879
911
1028
1116
1087
1019
907
871
852
837
839
817
807
781
829
833
783
827
834
782
806
810
779
877
859
808
847
919
799
786
840
828
835
813
839
821
837
798
768
808
754
740
815
798
860
742
822
805
806
791
812
778
870
935
898
852
858
824
882
828
835
809
772
853
866
931
1001
1084
1248
1552
2577
4326
6871
8510
8039
5950
3633
2128
1445
1237
1054
962
937
908
895
902
893
899
922
864
884
890
872
829
924
877
900
882
917
888
896
877
865
846
811
838
837
888
836
853
850
819
823
808
846
856
857
864
847
825
814
809
810
880
806
840
852
897
978
1035
1097
1112
1019
934
806
811
795
795
790
767
894
935
879
858
928
846
826
822
812
802
819
770
784
842
736
772
771
784
813
798
826
858
866
808
813
780
768
783
778
755
769
771
775
683
762
787
778
742
747
779
751
719
739
764
746
843
881
899
868
793
840
764
735
776
717
765
750
746
792
764
769
723
718
743
731
779
757
757
820
915
1047
1141
1266
1188
1097
913
794
712
706
720
698
702
668
659
676
708
711
686
711
658
748
682
724
683
679
690
705
681
686
712
703
698
659
652
691
667
654
638
655
651
653
664
630
680
698
779
775
787
772
752
728
732
711
692
682
746
800
797
889
912
887
879
700
696
678
637
612
676
706
739
902
986
1156
1175
1101
879
783
748
656
612
659
662
673
719
668
669
673
642
620
683
656
657
693
702
625
682
648
647
620
603
547
557
571
549
578
596
574
534
554
621
602
603
589
590
569
545
553
570
589
607
605
586
570
563
518
580
556
513
522
584
587
560
638
784
838
1015
1338
1985
2618
3347
3297
2540
1657
1098
797
690
602
635
577
639
607
578
596
613
555
589
586
575
570
579
619
598
627
600
562
603
559
514
527
520
557
532
543
567
545
577
576
620
724
1030
1505
2103
2535
2493
1915
1384
964
701
648
543
566
571
554
520
539
504
555
563
507
559
535
534
518
531
564
510
542
584
624
639
630
607
590
553
616
561
569
532
549
474
513
522
497
479
562
504
530
563
579
632
623
739
739
727
729
659
640
563
552
519
560
561
490
519
556
492
544
518
532
513
538
546
509
497
549
501
512
493
562
653
642
690
728
703
647
553
536
473
515
480
486
501
522
509
495
540
556
581
755
1092
1528
1957
2220
1958
1527
1083
771
657
600
539
536
520
520
562
550
592
772
867
1395
1886
2330
2413
2040
1409
1055
870
753
678
698
616
555
642
554
629
671
708
719
695
711
644
589
526
556
574
532
540
571
545
551
562
559
538
563
583
569
532
521
540
544
503
529
492
498
480
497
479
503
511
502
471
492
466
501
476
501
487
509
565
510
470
517
499
516
525
491
517
524
500
560
580
513
543
533
487
465
490
465
463
566
485
481
474
505
475
497
491
480
510
499
530
547
541
574
540
515
524
518
501
511
533
571
500
507
544
496
493
510
488
534
553
612
578
564
539
571
548
542
527
589
605
594
572
549
540
540
533
527
498
519
512
518
547
514
490
462
502
491
510
523
532
485
496
508
515
502
453
477
468
502
531
527
485
482
496
551
513
513
463
542
484
471
446
464
461
476
441
472
494
504
463
471
492
494
473
461
466
481
442
475
469
471
503
484
473
444
457
459
465
422
466
510
502
522
546
513
453
478
475
486
470
475
455
435
460
480
440
451
453
458
461
462
439
475
442
422
439
448
435
416
480
456
505
489
451
494
476
461
479
434
435
422
452
416
417
458
427
415
451
498
557
609
622
647
670
647
657
521
516
478
476
481
449
450
459
453
501
520
625
802
1039
1349
1552
1485
1173
932
703
565
514
504
475
505
447
478
473
460
438
465
452
420
438
446
503
495
497
517
512
466
467
417
472
431
474
484
418
485
489
459
457
483
560
539
538
496
445
444
378
473
433
407
429
424
413
381
370
377
392
363
398
418
413
382
438
388
409
427
407
397
416
463
440
540
587
582
473
466
438
443
439
415
448
401
380
396
419
393
445
466
510
544
512
471
437
421
394
375
405
387
393
391
410
421
385
410
424
384
402
425
444
474
496
578
793
1181
1441
1802
1760
1460
1068
745
596
498
470
437
435
443
439
442
440
425
371
376
392
399
410
411
382
385
411
394
356
422
385
376
349
357
357
350
333
380
338
354
378
340
338
342
341
337
361
368
358
381
402
446
566
695
851
1003
944
769
615
475
417
393
336
395
323
341
346
372
358
325
343
386
380
412
437
549
576
605
557
454
409
364
345
334
327
303
336
300
373
347
327
325
359
373
365
376
380
320
363
315
329
306
281
310
313
316
323
340
342
335
359
338
357
312
320
342
276
298
321
292
289
292
282
315
319
293
301
305
292
313
314
312
292
278
281
280
315
299
315
326
370
422
596
828
1410
2356
3208
3394
2934
1983
1255
848
602
511
402
405
388
378
386
388
338
312
317
316
354
321
296
341
396
413
478
581
657
630
596
528
450
403
410
377
382
351
296
316
300
311
279
305
291
312
287
327
275
329
263
317
317
325
302
316
338
336
344
321
311
317
314
312
298
307
312
295
271
281
269
284
258
265
287
248
279
275
280
276
299
263
267
265
274
280
321
280
272
302
290
285
305
295
305
266
288
272
281
253
252
277
274
267
264
287
279
274
289
299
318
361
432
486
676
857
909
915
831
796
781
789
752
672
498
492
431
377
373
331
275
324
278
278
298
268
269
330
288
301
302
286
256
306
294
354
300
396
468
605
680
666
635
513
434
354
308
288
268
297
262
251
267
254
256
276
273
277
262
257
280
287
349
349
415
425
471
451
417
421
353
295
288
275
265
273
287
263
270
285
295
282
289
257
276
264
292
298
274
284
313
299
315
266
275
281
284
236
234
238
260
237
283
268
260
271
268
281
295
269
299
252
301
281
289
285
226
252
274
246
238
258
219
258
260
239
237
249
250
278
262
262
291
258
264
239
249
281
267
311
332
379
386
318
264
237
295
267
277
246
220
250
237
270
242
239
260
259
278
275
247
250
235
245
235
253
261
253
273
243
246
278
239
277
264
260
295
321
296
372
430
480
531
589
533
460
437
314
292
271
242
273
267
275
268
250
251
268
237
231
238
254
241
295
238
232
224
229
223
216
221
243
242
236
258
238
225
244
227
266
234
251
253
247
269
211
217
201
223
219
247
250
266
275
259
316
260
309
291
273
248
240
241
239
237
247
232
258
213
254
243
302
332
319
351
306
350
267
256
241
236
206
232
218
212
291
257
285
234
233
264
247
229
257
236
217
230
244
255
285
282
240
253
251
249
275
301
303
306
311
279
250
238
214
212
221
199
241
220
236
223
230
207
216
242
215
222
219
247
219
210
253
264
275
272
301
259
241
274
234
228
207
227
244
241
229
238
218
224
210
240
237
225
188
227
213
247
230
232
227
211
229
205
192
222
226
240
269
275
301
375
407
449
390
327
279
250
216
219
211
169
194
200
213
186
212
183
200
214
194
195
192
206
209
226
187
224
175
188
208
166
198
224
215
176
170
183
206
172
189
175
167
177
197
214
206
184
206
204
204
193
204
213
217
215
228
226
239
305
280
265
284
254
230
243
184
187
173
192
203
171
194
158
158
190
199
171
192
199
190
182
225
213
248
300
317
392
328
311
273
229
238
256
232
213
237
199
197
211
207
193
202
202
234
285
364
417
445
407
338
287
255
243
215
189
216
210
186
177
178
154
197
161
197
175
167
156
148
196
167
176
178
170
203
227
243
254
216
193
203
212
192
231
287
250
283
254
225
188
185
180
145
166
150
162
176
191
151
183
161
152
168
191
161
153
162
151
152
175
164
174
174
171
202
196
264
316
378
426
437
396
320
264
231
169
150
153
165
150
166
171
192
152
163
159
170
177
167
134
157
168
140
171
195
219
252
280
282
249
239
221
239
197
219
200
167
183
164
194
161
159
172
184
190
225
249
346
427
506
574
575
512
404
321
240
242
225
223
288
337
351
301
334
273
250
214
237
193
194
210
185
154
153
163
159
160
172
149
187
170
154
172
143
153
164
152
189
214
262
254
330
379
424
485
477
422
308
280
208
205
168
170
135
160
137
143
151
127
172
153
162
145
175
160
140
151
154
187
169
182
205
183
172
161
156
151
155
166
174
158
163
161
177
144
136
126
165
154
154
166
155
162
163
155
158
154
131
167
123
155
159
169
131
122
141
145
168
135
165
163
155
141
159
160
151
157
146
139
131
137
132
127
145
133
146
131
130
140
146
131
150
145
145
156
139
139
156
139
127
124
151
133
140
134
165
159
149
187
189
202
199
198
190
195
168
171
159
138
144
155
142
133
134
139
160
117
145
144
135
151
132
163
157
160
136
151
139
133
137
139
130
134
126
138
153
135
158
157
145
152
115
115
133
114
134
103
138
100
116
125
126
144
116
136
114
124
138
133
108
127
99
119
108
103
151
116
112
94
109
128
125
126
131
107
119
142
120
145
117
140
124
111
122
129
112
113
110
108
112
120
120
108
121
122
121
106
129
111
104
103
122
127
109
115
113
117
125
100
130
117
125
141
155
146
154
128
153
117
127
120
116
111
129
115
136
102
93
101
99
100
111
117
109
132
112
135
108
98
111
106
90
95
109
99
90
99
124
88
90
99
122
99
97
105
121
105
98
85
119
98
86
107
105
114
100
109
90
96
119
92
119
124
117
105
100
120
122
135
148
139
137
144
142
133
135
128
143
166
210
257
379
462
550
516
489
374
281
218
163
141
115
111
102
101
104
110
105
119
98
103
92
77
98
97
67
88
90
90
88
96
103
88
108
88
98
103
117
142
159
211
211
199
177
160
136
127
113
84
109
74
76
86
74
80
82
107
92
102
98
102
78
90
102
102
95
93
83
95
104
98
99
94
100
92
88
104
97
93
108
107
114
108
97
106
80
77
72
81
85
70
93
78
86
80
90
86
97
94
107
88
114
95
82
55
85
83
86
82
96
92
92
83
97
92
101
91
75
68
79
80
103
110
128
121
114
110
94
102
89
75
92
85
77
86
88
69
91
99
101
99
123
111
92
98
70
79
68
82
92
112
115
111
152
162
176
197
162
126
127
91
87
78
66
70
71
77
58
73
84
85
61
94
76
73
82
80
87
67
67
71
89
101
117
138
145
209
291
328
315
318
254
227
168
115
95
120
102
74
80
81
92
113
133
86
109
97
104
105
104
159
134
164
188
147
138
143
115
74
106
85
101
97
79
78
84
66
84
102
77
67
72
74
57
65
52
51
62
77
63
62
64
57
59
55
62
60
69
62
60
68
66
66
87
63
71
61
72
74
74
77
88
78
92
113
95
108
79
93
68
65
58
60
65
49
53
60
68
80
63
63
88
113
94
82
76
86
66
76
58
73
45
72
49
64
42
51
59
65
46
60
62
50
70
54
75
67
68
54
44
64
44
62
47
45
51
54
57
57
37
50
56
48
44
54
55
61
53
62
53
43
65
45
58
46
54
54
55
69
65
62
51
57
63
50
54
47
63
64
75
63
69
85
70
75
59
53
42
50
48
49
54
48
44
50
51
44
41
54
47
45
45
59
59
48
59
66
67
74
43
53
49
40
46
48
47
47
53
56
46
61
51
42
41
52
42
38
46
58
45
47
46
57
40
46
42
48
44
32
54
48
32
52
42
41
44
36
45
61
50
61
32
49
56
58
45
49
42
57
59
63
83
80
111
106
100
119
95
75
57
49
42
50
54
48
51
44
46
41
38
38
46
57
67
59
81
98
64
91
71
53
49
51
44
53
40
28
46
45
25
47
36
33
35
47
52
42
40
30
45
35
50
41
41
41
46
40
63
37
38
41
59
28
35
42
36
49
36
41
53
47
62
94
89
114
99
114
123
109
88
79
53
58
50
51
32
38
38
52
38
37
48
44
46
35
38
44
42
52
34
37
34
42
39
31
42
44
32
39
30
36
30
43
39
28
37
29
31
35
37
52
42
54
46
46
56
44
50
44
37
43
36
39
41
30
31
45
37
29
30
44
35
35
45
54
21
37
31
40
31
31
32
41
31
40
39
32
31
42
46
32
31
31
39
31
35
36
33
41
36
34
30
31
39
29
17
34
31
25
33
34
29
34
36
33
29
24
38
36
38
31
39
47
34
36
27
30
25
30
27
44
24
20
36
35
34
29
30
42
42
41
46
28
38
40
35
25
25
30
31
19
26
26
18
32
34
22
22
29
17
33
20
22
27
35
27
33
29
40
41
36
33
38
29
29
34
20
31
29
27
21
29
32
25
30
27
32
32
31
33
27
22
27
23
28
28
21
29
26
21
27
20
23
29
35
25
26
48
36
21
27
33
22
23
16
30
20
19
23
27
29
21
15
26
29
47
42
44
53
68
78
92
85
94
83
100
83
69
60
38
26
42
30
30
22
23
20
30
27
24
20
26
21
28
27
25
20
28
31
18
25
22
25
28
27
32
17
23
19
28
24
39
17
28
31
34
21
25
26
27
20
14
29
25
26
22
24
22
20
25
20
19
17
26
14
17
21
31
19
23
20
21
27
26
30
23
23
24
14
20
22
26
27
21
21
19
18
19
14
15
21
26
11
23
15
16
13
21
22
18
20
17
24
12
21
16
10
17
22
15
23
18
10
21
20
19
10
23
19
21
28
19
20
28
21
22
25
25
27
29
21
21
21
25
20
13
17
22
18
15
10
14
18
19
22
23
20
19
17
16
15
21
21
11
24
19
15
16
15
23
24
10
13
14
18
19
16
18
23
15
24
11
16
21
14
18
17
30
24
25
27
19
12
33
26
19
30
26
24
23
13
14
21
15
17
16
17
21
23
16
19
30
16
17
22
25
21
22
25
14
19
18
22
22
26
24
15
17
28
20
19
16
14
13
15
13
22
14
20
14
13
8
12
22
11
12
11
13
22
19
8
21
20
13
17
16
17
17
8
14
16
14
19
9
15
16
17
20
17
19
19
14
26
14
16
22
18
15
14
15
13
12
19
14
17
17
11
10
12
14
9
17
18
14
18
15
18
24
18
20
24
46
40
49
37
31
24
16
20
16
11
20
14
16
17
18
11
15
15
16
14
17
7
15
4
12
12
11
16
16
14
18
10
11
11
7
7
10
7
16
19
15
21
11
16
13
10
11
7
18
9
10
8
11
14
11
16
18
14
24
22
15
12
17
15
9
13
16
11
15
23
23
13
19
12
18
17
14
14
6
5
10
17
12
17
14
9
14
7
7
15
10
5
9
11
8
9
4
10
12
8
10
13
10
7
6
7
9
8
13
11
7
15
9
12
19
17
10
13
13
7
12
11
9
7
8
11
7
11
11
14
14
11
10
11
9
12
9
6
12
9
10
3
12
11
13
13
16
7
9
7
8
9
8
8
9
10
12
10
6
6
7
12
11
8
13
13
12
10
12
10
9
7
12
15
10
13
13
7
6
7
8
9
9
7
8
9
12
11
9
4
12
7
11
16
17
7
12
8
5
9
9
12
9
1
7
5
12
8
13
6
10
9
9
11
5
3
6
6
9
12
4
6
12
9
6
8
9
11
9
17
14
15
11
15
4
14
8
13
10
5
15
17
14
3
9
11
7
9
13
10
8
8
7
12
7
5
11
10
10
10
12
9
10
11
8
2
9
8
8
10
8
12
12
8
10
7
6
5
6
6
7
5
6
8
11
9
7
6
7
6
5
10
11
12
10
6
5
8
10
5
4
7
10
9
12
8
9
11
9
12
5
9
8
7
5
6
5
3
4
7
9
5
7
4
11
14
8
6
9
8
7
10
7
7
12
3
4
6
7
9
13
5
7
9
10
11
5
5
6
6
8
8
16
9
9
6
8
7
14
6
7
16
9
8
6
9
11
15
11
8
8
9
6
10
8
11
9
13
9
9
7
10
7
9
12
11
3
7
4
9
7
7
4
4
6
9
10
7
7
5
6
8
5
8
7
9
9
8
9
5
5
10
6
5
4
3
8
5
8
3
10
8
2
5
7
8
9
6
11
5
8
12
6
7
5
4
4
5
7
1
4
11
4
12
7
9
10
7
4
11
5
7
7
5
4
8
7
7
3
8
9
5
4
7
10
4
2
5
6
9
9
8
5
5
7
7
2
8
8
8
10
9
10
8
4
6
9
5
8
4
12
3
5
6
7
7
5
3
4
3
5
5
9
7
8
2
7
3
6
9
7
7
12
3
5
6
3
4
8
6
7
5
6
6
10
5
2
6
4
7
3
6
10
10
7
6
5
7
5
2
10
5
8
6
8
5
5
3
6
8
5
6
8
2
7
8
3
3
6
3
2
7
5
6
5
6
3
2
3
8
4
3
7
10
7
12
11
8
10
10
6
5
10
3
9
3
6
1
5
10
5
5
6
3
2
8
4
2
3
4
4
4
3
4
2
8
5
5
3
4
1
5
7
4
9
7
6
9
4
4
10
3
3
7
6
4
5
5
4
6
10
3
3
6
4
4
3
3
5
3
2
5
2
7
3
6
4
3
7
4
4
3
1
6
2
5
9
4
5
7
10
3
7
6
4
5
5
3
7
5
2
5
7
7
4
8
2
9
2
5
3
5
6
8
4
4
4
3
4
6
0
4
4
2
10
6
6
4
5
5
1
2
6
6
5
6
7
3
5
3
6
4
3
4
4
8
7
3
4
2
1
4
3
1
5
3
5
5
2
6
4
2
1
4
10
2
4
1
7
4
4
8
10
3
5
8
1
5
4
9
6
6
7
11
5
5
6
6
2
8
11
6
4
6
2
5
5
3
4
2
2
5
2
5
7
2
1
5
3
2
4
2
3
2
2
5
1
2
4
1
5
8
3
2
6
7
2
3
2
6
4
1
4
4
3
7
5
1
7
2
2
3
4
2
1
4
1
4
9
1
6
5
2
5
4
1
3
3
3
6
3
6
8
2
4
1
5
2
3
6
5
6
6
3
4
2
2
4
4
3
4
4
4
4
2
2
4
2
6
4
6
5
2
5
3
4
2
0
6
3
5
2
4
3
5
2
5
2
3
5
3
4
11
6
4
2
2
1
4
6
6
6
4
3
5
3
4
5
4
4
3
5
1
3
2
1
5
3
2
5
1
2
4
2
2
1
3
2
4
2
2
5
1
1
3
2
6
2
4
3
5
5
4
3
3
4
3
1
4
7
1
2
3
4
3
3
0
1
2
3
3
6
1
1
5
1
0
2
6
4
2
2
5
4
11
5
2
3
3
6
4
3
2
5
1
0
5
2
1
2
3
4
3
3
2
1
5
2
2
2
3
3
3
1
2
0
1
3
8
3
3
5
5
3
2
5
3
2
2
2
4
2
2
0
3
4
1
3
5
0
2
4
2
3
2
2
1
3
7
0
4
1
5
3
6
3
4
2
3
2
3
2
3
3
4
2
6
0
5
0
1
3
3
5
3
5
5
0
3
4
2
2
6
2
5
0
2
2
1
3
2
3
4
7
2
0
2
6
2
1
5
4
1
1
3
2
2
2
1
3
2
4
3
7
1
5
1
0
0
5
2
4
4
3
2
2
3
0
5
3
2
2
3
4
2
2
3
4
4
3
3
2
3
2
4
4
3
1
2
2
3
9
2
3
3
3
8
3
1
3
0
2
5
5
3
3
2
4
0
4
3
3
0
3
3
4
1
2
1
3
5
1
5
4
1
2
2
4
4
3
1
2
3
4
2
5
2
3
3
0
2
2
3
2
2
1
2
0
4
1
2
3
2
1
0
3
1
3
4
3
3
3
4
0
1
3
1
2
1
5
1
0
8
5
1
1
4
4
3
2
0
3
1
5
1
3
2
2
2
1
2
1
4
1
3
3
5
5
4
1
2
7
8
2
3
1
3
1
2
2
1
3
1
2
6
2
0
1
2
2
2
6
2
3
2
7
3
2
4
0
2
2
2
3
1
3
2
2
3
4
3
2
0
0
1
2
1
0
2
3
0
2
1
3
0
0
0
2
2
1
1
4
2
4
0
1
0
0
1
0
0
1
5
3
1
1
0
1
4
0
3
0
0
5
3
1
5
2
4
4
1
3
2
3
3
0
2
5
1
1
1
2
2
0
3
2
5
4
6
2
2
3
1
3
3
1
0
3
1
2
1
1
0
1
3
3
3
0
2
1
3
2
2
3
1
2
1
1
2
3
1
1
1
3
5
0
4
0
0
2
2
1
3
1
3
1
3
3
0
1
1
0
4
1
4
2
2
3
4
4
1
3
3
4
1
5
4
2
5
2
5
4
2
4
4
1
2
5
4
1
3
2
2
1
0
1
2
1
0
0
3
4
3
2
0
1
2
1
2
0
2
2
0
2
1
3
3
3
2
1
2
2
1
1
1
5
1
0
1
0
5
1
1
1
1
3
0
1
2
1
0
2
2
3
1
0
1
4
1
1
2
3
2
0
0
1
0
1
2
1
1
2
3
0
2
4
0
1
0
2
2
3
1
2
1
2
3
0
0
0
0
3
2
1
3
2
0
1
1
0
2
0
1
1
1
4
1
3
2
3
4
0
3
1
1
2
4
1
3
4
3
1
0
2
2
1
2
1
3
3
2
2
2
1
0
3
2
0
1
3
1
0
1
1
0
1
4
0
3
2
0
1
3
1
3
4
4
1
0
1
0
0
2
2
2
1
2
2
4
1
1
1
5
3
1
2
1
0
3
0
0
1
0
2
1
1
0
1
0
2
3
1
1
0
3
2
1
1
3
1
2
1
1
1
0
1
1
0
2
1
0
1
1
1
0
1
0
0
4
0
4
0
3
4
0
3
2
1
2
0
1
0
1
2
2
0
4
0
3
0
1
2
2
3
2
1
0
1
0
1
0
2
5
1
2
0
2
3
0
1
0
1
3
4
1
0
4
2
0
4
1
0
1
1
3
3
0
3
1
2
1
1
0
2
1
3
1
0
1
3
3
1
3
1
4
1
4
1
2
0
1
6
3
1
4
2
3
3
0
3
2
4
2
1
3
1
0
3
2
2
1
3
4
0
0
1
0
1
2
1
0
2
1
2
4
2
1
1
2
2
2
1
3
1
1
1
1
3
2
2
1
1
2
1
0
0
3
2
1
1
1
2
5
3
1
0
1
2
1
0
1
2
1
3
2
4
2
1
2
1
1
1
2
3
1
1
0
2
3
1
0
3
2
0
1
0
0
2
3
2
0
0
0
2
4
0
2
1
2
2
2
6
4
0
3
4
4
0
0
2
0
1
1
1
0
2
2
2
1
2
2
1
1
2
3
1
1
3
2
1
4
1
0
3
4
1
1
1
2
1
3
0
1
4
1
0
2
1
1
0
1
0
0
4
1
0
1
0
1
4
2
1
2
0
1
2
0
4
3
2
2
2
0
0
1
2
2
1
0
3
2
2
0
2
4
4
0
0
1
2
3
3
1
2
0
2
1
1
2
2
1
2
0
0
1
0
2
1
1
0
1
2
0
0
1
1
1
1
1
0
2
2
1
2
1
0
0
0
1
0
2
2
1
2
1
0
1
0
1
0
1
0
2
0
1
2
0
0
1
0
0
2
2
0
1
1
2
3
2
0
1
0
0
1
4
0
1
1
2
0
0
2
0
1
0
0
0
0
0
2
2
1
0
1
2
1
2
3
2
2
3
0
0
1
1
3
0
1
2
0
1
3
2
1
3
0
3
4
0
2
2
1
0
1
0
0
0
1
2
0
0
0
1
1
2
0
1
1
0
1
2
1
4
0
1
1
0
0
2
0
3
2
0
4
1
0
1
3
0
1
0
3
1
2
0
1
1
1
0
4
1
0
1
1
2
0
1
0
2
0
1
2
0
1
0
1
1
2
0
1
1
1
3
1
1
2
2
0
1
1
2
1
4
1
0
1
0
2
1
2
1
3
1
2
1
1
0
1
0
1
1
0
0
2
0
0
1
0
0
1
0
0
1
2
1
0
0
0
1
1
1
1
1
3
0
1
0
0
1
1
0
1
1
0
0
2
2
0
0
0
0
0
2
2
0
1
1
0
3
0
2
0
0
1
0
0
1
2
2
2
0
2
2
0
1
0
0
3
1
0
1
1
0
0
2
1
1
2
2
1
0
2
2
1
0
1
1
2
4
0
3
1
1
0
1
3
1
1
0
2
1
1
0
0
1
3
1
0
0
0
2
0
0
0
0
1
1
1
2
2
0
0
2
2
1
1
3
0
1
1
2
2
2
0
0
0
0
1
0
3
1
1
2
0
1
4
2
1
2
0
0
1
0
1
1
0
0
4
2
2
1
2
0
0
1
1
2
1
0
2
0
2
2
1
1
0
3
1
0
0
1
1
1
2
2
0
0
0
0
0
1
3
0
0
0
1
1
1
0
1
0
0
2
0
2
0
1
2
1
0
0
3
0
0
1
1
1
0
1
1
0
1
0
0
1
2
0
1
1
0
3
2
0
1
2
1
2
2
1
0
0
1
0
1
0
0
0
1
3
1
0
1
3
1
1
0
2
0
1
1
3
2
1
1
2
1
1
0
0
4
1
1
0
0
2
1
0
4
4
1
2
0
2
1
2
1
3
1
1
4
2
0
0
1
0
4
2
0
2
3
2
1
4
1
1
2
0
1
0
0
0
1
0
0
1
1
1
1
1
1
2
2
0
1
1
1
0
1
2
1
2
0
1
0
1
1
2
1
2
1
1
1
0
0
1
1
0
0
1
1
1
1
0
0
1
1
0
0
1
4
2
1
2
0
2
0
2
0
2
1
3
0
0
0
0
1
1
0
0
3
0
3
0
0
4
0
2
1
2
0
1
5
0
1
0
0
0
1
0
1
1
1
1
0
2
0
1
2
3
1
1
2
1
3
1
0
3
3
1
2
1
3
3
2
0
2
1
0
0
0
0
2
0
3
0
1
1
0
1
1
0
2
0
1
1
2
1
2
1
0
2
2
1
1
1
2
0
0
0
1
2
5
1
3
0
0
2
0
1
1
0
0
0
2
0
1
1
0
0
0
2
1
1
0
2
0
0
0
1
1
0
2
1
2
1
0
2
1
0
1
1
2
1
2
4
3
3
1
0
0
0
1
2
0
1
0
0
0
2
2
2
2
2
0
1
1
1
2
0
1
2
1
2
0
0
0
1
2
3
1
0
3
1
0
2
0
0
1
2
0
1
3
1
3
0
1
0
0
2
0
0
2
2
0
0
2
1
3
1
3
1
2
1
2
0
1
2
0
2
1
0
1
2
1
0
3
2
1
1
1
0
1
3
1
2
0
2
0
0
1
0
1
2
1
1
3
1
1
0
1
0
2
1
1
2
3
1
2
1
1
0
0
3
1
1
2
4
2
0
1
0
2
0
0
1
0
4
0
0
0
0
2
0
1
2
0
0
0
2
2
4
0
1
0
4
1
0
3
1
0
3
2
0
0
2
0
1
1
0
0
1
0
0
2
0
0
1
0
0
1
1
2
0
4
0
2
1
0
2
2
1
1
0
0
1
1
1
1
1
0
0
1
0
1
0
0
1
1
1
0
3
0
1
2
0
1
0
1
0
1
0
1
1
0
0
0
1
1
0
0
0
1
1
2
0
0
1
1
3
3
1
1
2
1
0
2
1
2
1
0
2
1
1
0
0
0
0
0
1
3
0
1
1
1
0
1
0
0
0
0
0
1
2
1
1
1
0
0
2
2
1
1
1
0
1
1
0
0
1
2
1
2
1
1
4
2
1
0
1
1
0
2
0
1
0
2
3
1
2
0
1
3
1
1
1
1
2
1
3
0
2
0
2
0
0
3
1
1
1
0
2
0
0
0
1
0
0
3
2
3
0
1
2
1
1
2
0
0
0
1
2
1
1
0
2
0
0
0
1
1
1
0
0
2
2
1
1
1
2
0
0
0
0
2
1
0
0
0
0
1
0
1
1
1
0
2
1
1
0
0
0
3
1
3
0
1
1
1
1
1
0
1
0
2
1
0
1
1
0
0
0
0
0
1
1
0
0
1
3
0
1
0
0
0
1
0
0
1
2
0
2
1
0
2
0
1
0
0
2
1
0
2
0
0
0
1
1
2
2
1
2
1
1
3
3
0
5
1
1
2
0
0
1
1
0
2
0
0
1
0
0
1
0
0
0
2
1
1
1
0
1
0
2
0
1
0
0
2
0
1
0
0
2
0
1
0
1
3
2
0
2
1
1
1
1
0
0
2
0
0
1
0
0
1
2
0
0
1
0
0
1
1
0
1
0
1
2
0
0
0
2
0
1
1
0
0
0
1
0
1
1
0
3
1
0
2
2
1
2
0
2
3
0
0
1
1
1
1
0
1
1
0
0
1
0
0
1
1
2
0
0
0
1
2
0
1
2
0
2
1
0
3
0
0
3
0
0
0
1
0
1
1
0
0
2
0
2
1
1
0
1
0
1
0
1
1
1
0
0
0
2
1
0
0
1
2
1
0
2
1
2
0
0
0
0
0
3
1
0
0
1
2
2
1
0
0
1
1
2
1
1
2
1
0
0
2
1
0
1
0
1
0
0
0
1
1
1
0
0
0
0
2
1
0
0
0
1
1
1
0
0
0
1
0
1
1
0
0
0
0
0
0
2
1
1
0
0
0
1
0
1
1
2
1
2
0
0
0
2
0
0
1
0
1
1
0
1
0
1
1
0
0
0
1
1
0
1
0
0
0
0
0
0
0
1
1
0
1
1
1
2
2
0
1
1
0
0
1
0
0
0
0
2
1
0
0
0
0
1
0
2
0
0
1
0
0
0
1
0
0
0
0
1
0
1
2
0
2
0
1
1
1
1
1
0
0
3
1
0
1
0
1
0
0
2
1
0
0
0
1
0
0
0
0
0
0
1
1
0
0
0
2
2
1
0
1
3
3
0
1
0
2
1
0
1
2
0
0
1
3
2
0
2
0
1
1
1
0
0
0
0
1
0
1
0
0
0
3
0
1
0
0
0
0
0
2
3
0
0
0
0
0
0
1
0
0
0
0
0
0
0
0
2
0
0
0
0
0
1
1
0
1
3
0
0
0
0
1
1
0
1
1
1
1
0
0
1
0
0
1
1
0
1
0
2
0
0
2
0
2
1
1
0
0
0
0
1
0
0
1
0
1
1
0
0
0
0
1
0
0
0
0
0
0
0
0
0
1
0
0
0
0
2
0
1
0
1
1
0
0
1
1
0
0
0
0
0
0
1
0
0
0
0
1
1
0
1
0
0
1
0
0
0
0
2
0
1
0
2
0
1
0
1
0
1
0
0
0
0
0
0
3
1
1
0
0
1
3
0
0
0
0
0
1
0
0
0
0
0
0
0
0
0
0
1
0
0
0
0
0
0
0
1
0
0
0
0
0
1
0
0
0
0
0
0
1
0
0
0
0
0
1
2
0
0
0
0
0
0
2
0
0
1
1
0
0
1
0
0
0
0
0
0
0
1
0
0
1
0
0
2
1
0
0
0
1
4
0
0
0
0
0
1
0
3
0
0
0
0
0
0
2
0
0
0
0
0
0
0
1
0
2
1
0
0
0
0
1
0
1
0
0
0
1
0
0
0
0
0
0
0
0
0
0
1
0
0
0
1
0
1
0
3
0
1
0
0
0
1
1
2
0
1
0
0
0
0
0
0
0
1
0
1
0
0
0
0
0
0
0
0
0
0
0
0
0
1
0
3
0
0
1
0
0
0
1
0
1
0
0
0
0
0
1
0
0
0
0
0
0
0
2
0
0
0
2
0
1
0
0
1
0
0
0
0
0
0
0
1
0
0
1
0
1
0
0
1
0
2
0
0
0
0
0
1
1
0
0
1
1
0
0
1
1
0
0
0
1
2
0
1
0
0
0
0
1
0
1
0
1
0
0
0
1
0
0
0
0
1
0
0
0
0
0
0
0
0
0
0
1
1
2
0
0
0
0
0
0
0
0
0
1
0
0
0
0
2
0
1
2
0
0
0
1
0
2
0
1
0
1
0
0
0
0
0
0
0
1
0
0
1
0
0
0
0
0
0
0
0
0
0
0
0
0
0
0
0
1
0
0
0
1
0
0
1
0
0
0
2
0
0
0
0
1
0
0
0
0
0
1
0
0
0
1
0
0
0
0
0
2
0
1
0
0
0
1
0
0
1
0
0
0
0
0
0
1
0
0
1
0
0
0
1
0
1
0
0
0
1
2
0
0
1
0
0
0
0
0
1
0
1
2
0
0
0
0
0
0
0
1
1
1
0
0
0
1
0
0
1
0
0
0
0
1
0
0
0
0
0
1
0
0
0
0
0
0
0
0
1
0
1
0
1
0
1
0
0
0
0
0
1
1
0
0
0
0
0
0
1
1
0
1
0
0
1
0
0
0
0
0
0
0
2
0
0
0
0
0
0
1
0
0
0
0
1
0
0
0
0
1
0
1
1
0
2
0
0
1
0
1
0
1
2
0
0
1
0
0
0
0
0
1
0
1
0
0
0
0
1
1
0
1
0
0
1
0
0
1
0
0
0
0
1
0
1
0
0
0
0
0
0
0
0
1
0
0
2
0
0
0
0
0
0
0
0
0
0
0
0
2
1
1
1
0
0
0
0
0
2
0
0
0
0
0
0
0
0
0
0
1
1
0
1
0
0
0
0
0
1
0
0
0
0
0
1
0
0
0
0
0
0
0
0
1
1
0
0
0
0
0
1
0
0
0
0
0
0
0
1
0
0
0
0
0
1
0
1
1
1
0
0
0
0
0
0
1
0
0
0
2
1
0
1
0
0
1
1
0
0
0
0
0
0
0
0
0
1
0
0
0
3
0
0
0
1
2
0
0
0
0
0
0
0
1
0
0
1
1
0
1
0
0
0
1
0
0
0
0
0
0
1
0
0
1
0
0
1
1
1
0
0
0
0
0
0
1
1
0
1
0
0
0
0
0
0
0
0
0
0
0
0
1
1
0
0
0
0
0
0
0
1
1
0
0
0
0
0
0
0
0
1
1
1
1
0
1
1
0
0
0
1
0
0
0
0
0
0
0
0
1
0
1
0
0
0
0
0
0
2
0
0
0
1
0
0
0
0
0
0
0
0
0
1
2
0
0
0
0
0
0
0
0
0
0
0
0
1
0
0
0
0
0
0
0
0
0
0
0
0
0
0
1
1
0
0
2
1
1
1
0
0
0
2
0
0
1
1
0
2
0
0
0
0
0
0
0
0
0
0
0
1
0
0
0
2
0
0
0
1
0
0
0
0
1
0
1
1
0
1
1
0
0
0
0
0
0
0
0
0
0
0
0
0
0
0
1
0
1
0
0
0
0
1
0
0
0
0
0
0
0
0
0
1
1
0
0
1
0
2
1
0
0
0
0
0
0
0
0
0
0
0
0
0
0
0
0
0
0
0
0
0
0
0
0
1
0
0
1
0
0
0
0
0
0
0
0
1
0
0
0
0
1
0
0
1
0
0
0
0
0
0
1
0
0
0
0
1
0
1
0
0
0
0
0
2
0
0
0
1
0
1
2
0
0
0
0
0
0
0
0
0
0
0
1
0
1
0
0
0
0
0
0
0
0
0
0
0
0
0
0
2
0
0
0
0
0
0
0
1
0
0
0
0
0
0
1
0
0
0
0
1
0
0
1
0
0
0
0
0
0
2
0
1
0
0
0
0
0
1
0
0
0
1
1
0
0
0
0
0
0
0
0
0
0
0
1
0
0
0
0
0
0
1
0
0
0
0
0
0
0
0
0
0
0
0
0
0
0
0
0
0
0
1
1
0
1
0
0
0
0
0
0
0
1
0
1
0
0
0
0
1
0
0
0
0
0
0
0
1
0
0
0
0
0
0
0
0
0
1
1
0
0
0
0
0
0
1
0
0
0
0
0
0
1
0
0
0
1
1
0
0
0
1
0
1
1
0
0
0
1
0
0
0
0
1
0
1
0
0
0
0
0
1
0
0
0
0
0
0
0
1
1
1
1
0
0
1
1
0
0
0
0
1
0
1
1
1
1
0
0
0
0
0
0
1
0
0
0
0
1
0
0
0
0
0
0
0
1
0
0
0
0
0
0
0
0
0
1
0
0
0
1
0
0
0
0
0
0
1
0
1
1
0
0
1
2
0
0
0
0
0
0
0
0
0
0
0
0
0
0
0
0
0
1
0
0
1
0
0
1
1
0
0
0
0
0
0
0
0
0
0
0
2
0
0
0
0
1
0
0
0
0
0
0
0
1
0
0
0
0
1
0
0
0
0
0
1
0
0
0
0
0
0
0
0
0
0
0
0
0
1
0
1
0
0
1
1
0
0
0
1
0
0
0
1
0
0
0
0
0
0
0
0
0
0
1
0
0
0
1
0
1
1
0
0
0
0
0
2
1
1
0
1
0
1
0
0
0
0
0
0
0
0
1
0
0
0
0
1
0
0
0
1
0
0
0
0
1
0
0
0
0
0
0
0
0
0
0
0
0
0
0
0
1
0
0
1
0
1
0
0
0
0
1
0
0
0
0
0
1
0
0
0
0
0
0
1
0
0
0
0
0
0
0
0
1
0
0
0
0
0
0
1
0
0
1
0
0
0
0
1
0
0
0
0
0
0
0
0
0
0
0
1
0
0
0
0
0
0
1
0
0
0
0
0
0
0
0
0
0
1
0
0
0
0
0
0
1
0
0
0
0
0
0
0
0
0
0
0
1
0
0
1
0
0
0
0
0
0
0
0
1
0
0
0
0
0
0
0
0
0
0
0
1
0
0
1
0
0
0
0
0
0
0
0
1
0
0
0
0
0
0
0
0
0
0
1
0
0
0
0
0
0
0
0
0
0
0
0
0
0
0
0
0
0
0
0
0
0
0
0
0
0
0
0
1
0
1
0
0
0
0
1
0
1
0
1
0
0
1
0
0
0
0
0
0
1
1
0
0
0
2
0
1
0
0
1
0
0
0
1
0
0
0
0
0
0
0
0
0
0
0
0
0
0
1
0
0
0
0
1
0
0
0
0
0
0
0
1
0
0
0
0
0
0
1
0
0
1
0
0
0
0
2
0
0
0
0
0
0
0
0
0
1
0
1
0
0
0
0
0
0
0
0
0
0
0
0
0
0
0
0
0
0
2
0
0
0
0
2
1
1
0
1
0
0
0
0
0
0
0
0
0
0
1
0
0
0
0
0
0
0
0
0
1
0
1
0
2
0
0
1
0
0
0
1
0
0
0
0
0
1
0
0
0
0
0
0
0
0
1
0
0
0
0
0
0
0
0
0
0
0
1
0
0
0
0
0
0
0
0
0
0
0
0
0
0
0
0
0
0
0
0
0
0
1
0
0
0
0
0
0
0
1
0
0
0
0
0
1
0
0
0
1
0
0
0
0
0
0
0
0
0
0
0
1
0
0
1
0
0
0
0
0
0
0
0
0
1
0
0
0
0
0
0
0
0
0
0
0
0
1
0
0
0
1
0
0
0
0
1
0
0
0
0
0
0
0
0
0
0
0
0
1
0
0
0
0
1
0
1
0
0
1
0
0
0
0
2
0
0
0
0
1
0
0
0
0
0
0
0
0
0
1
0
0
0
1
0
0
1
0
0
0
0
0
0
0
0
0
1
0
0
0
0
0
0
0
0
0
0
0
1
0
0
0
0
0
0
0
0
0
0
0
0
0
0
0
0
0
0
0
0
0
0
0
0
0
0
0
0
1
0
1
0
0
0
0
0
0
0
0
0
0
0
0
0
0
0
0
0
0
2
0
0
0
0
0
0
0
0
0
0
0
1
0
1
0
0
0
0
0
0
1
0
0
0
1
0
0
0
0
0
1
1
0
0
0
1
0
0
1
0
1
0
0
0
0
0
0
0
1
0
0
0
0
0
0
1
0
0
0
0
0
0
1
0
0
0
0
0
1
0
0
0
0
1
0
0
1
0
0
0
0
0
0
0
0
0
1
0
1
0
0
1
0
0
0
0
0
0
0
0
0
0
0
0
0
0
0
0
0
0
0
0
0
0
0
0
0
0
0
0
0
0
0
0
0
0
0
0
0
0
0
0
0
0
0
0
0
0
0
0
0
0
0
1
0
0
0
0
0
0
0
0
0
0
0
0
0
2
0
0
0
0
0
1
0
0
0
1
0
0
0
0
0
1
0
0
0
0
0
0
0
0
0
0
0
0
0
0
0
0
0
0
0
0
0
0
0
0
0
0
0
0
0
0
0
0
1
1
0
0
0
0
1
1
0
0
0
0
0
1
0
0
2
0
0
0
0
0
0
0
0
0
0
1
0
0
1
0
0
0
0
0
0
0
0
0
1
0
0
0
0
0
1
0
0
0
0
0
0
0
0
0
0
0
0
0
0
0
0
0
0
0
0
0
0
0
1
0
0
0
1
0
0
1
0
0
0
1
0
0
0
0
1
0
0
0
0
0
0
0
0
0
0
0
0
0
0
0
0
0
0
0
0
0
0
0
0
0
0
0
0
0
0
0
0
0
0
0
0
0
0
0
1
0
0
0
1
1
0
0
0
1
0
0
0
0
0
0
0
0
0
1
0
0
1
0
0
0
0
1
0
0
0
0
0
0
0
0
1
0
0
0
0
0
0
0
0
1
1
0
0
0
0
0
0
0
0
0
0
0
0
0
0
0
0
0
0
0
0
0
0
0
0
0
0
0
0
0
0
0
0
0
1
1
0
0
0
0
0
0
1
0
0
0
0
0
1
0
0
0
0
0
0
0
0
0
0
0
0
0
0
0
0
1
0
0
1
1
0
0
0
0
0
0
0
0
0
0
0
0
0
0
0
1
0
0
0
0
0
1
0
0
0
0
0
0
0
0
0
0
0
0
0
0
0
0
0
0
0
0
0
0
0
0
2
0
0
0
0
0
0
0
1
1
1
0
0
0
1
0
0
0
1
1
0
0
0
1
0
0
0
0
0
0
0
0
1
0
0
0
0
0
0
0
0
0
1
0
0
0
0
0
0
0
1
0
0
1
0
1
0
0
0
0
0
0
1
0
0
0
0
1
0
0
0
0
0
0
1
0
0
1
0
0
0
1
0
0
0
0
0
0
0
0
0
0
0
0
1
0
0
0
0
1
0
0
0
0
1
0
1
0
0
0
0
0
0
0
0
0
0
0
1
0
0
0
0
0
0
0
0
0
0
0
0
0
0
0
0
0
0
0
0
0
0
0
1
0
0
0
0
0
0
0
0
0
0
0
0
0
0
0
0
0
0
0
0
0
0
0
0
0
0
0
0
0
0
0
0
0
0
0
0
0
0
0
0
0
0
0
0
0
0
0
0
0
0
0
0
0
0
0
0
1
0
0
0
0
0
0
0
1
0
0
0
0
0
0
0
0
0
0
0
0
0
0
0
0
0
0
0
0
0
0
0
0
0
0
0
0
0
0
0
0
1
0
0
0
0
0
0
0
0
1
1
1
0
0
0
1
1
0
0
0
0
0
0
0
0
0
0
0
0
0
0
0
0
0
0
0
0
0
0
0
0
0
0
0
0
0
0
0
0
0
0
0
0
0
0
0
0
0
0
0
0
0
1
1
0
0
0
0
0
0
0
0
1
0
0
0
0
0
0
1
0
0
0
0
0
0
1
0
0
0
0
1
0
0
0
0
0
0
0
0
0
1
0
0
1
0
0
0
0
0
0
0
0
0
0
0
0
0
0
0
1
0
0
0
1
0
0
0
0
0
0
1
0
1
1
0
1
0
0
0
0
1
0
0
0
2
0
0
0
0
1
1
0
0
0
0
0
0
0
0
0
0
0
0
0
0
0
0
0
0
0
0
1
0
0
0
0
0
0
0
1
1
0
0
0
0
0
0
0
0
0
1
0
0
0
0
0
1
0
0
0
0
0
0
0
0
0
0
0
0
0
0
0
0
0
0
0
1
0
0
0
0
0
0
0
0
0
0
0
0
0
0
0
0
0
0
0
0
0
0
0
0
0
0
0
0
0
0
0
0
0
0
0
0
0
0
0
0
1
0
0
0
0
0
0
0
0
0
0
0
0
0
0
0
0
0
1
0
0
0
0
0
0
0
0
0
0
0
0
0
0
0
0
0
0
0
0
0
0
0
0
0
0
0
0
0
0
0
0
1
0
0
0
0
1
1
0
0
0
0
0
0
1
0
0
0
0
0
0
0
0
0
0
0
0
0
0
0
0
0
0
0
0
1
1
0
0
0
1
0
0
0
0
0
0
0
0
0
0
1
0
0
0
0
0
0
0
0
0
0
0
0
0
0
0
0
0
0
0
0
0
0
0
0
0
0
0
0
0
1
0
0
1
0
0
0
0
0
0
0
0
0
0
0
0
0
0
0
0
0
0
0
0
1
0
1
1
1
0
0
0
0
0
0
0
0
0
0
1
0
1
0
0
0
0
0
1
0
0
0
0
1
1
1
0
0
0
0
0
0
0
1
0
0
0
0
0
0
0
0
0
0
0
0
0
0
0
0
1
0
0
0
0
1
1
0
0
0
1
0
0
0
0
0
0
0
1
0
0
0
0
0
1
0
0
0
0
1
0
0
0
0
0
0
0
0
0
0
0
0
0
0
0
0
0
0
0
0
0
0
1
0
1
0
0
1
0
0
0
0
0
0
0
1
0
0
1
0
0
1
0
0
0
0
0
0
0
0
0
1
0
0
0
0
0
0
0
0
0
0
0
0
0
0
0
0
0
0
0
0
0
0
1
0
0
0
0
0
0
0
0
0
0
0
0
0
0
0
0
0
0
0
0
0
0
0
0
0
0
0
0
0
1
1
0
1
0
0
0
0
0
1
0
0
0
0
0
0
0
0
0
0
1
0
0
0
0
1
0
0
0
1
0
0
0
0
0
0
0
0
0
0
0
0
0
0
0
0
0
0
0
0
1
0
0
0
0
0
0
0
0
0
0
0
0
0
0
1
1
0
0
0
0
1
0
0
0
0
0
0
0
0
0
0
0
0
0
0
0
0
0
0
0
0
0
0
0
0
0
0
0
0
0
0
0
0
0
0
0
0
1
0
1
0
0
0
0
0
0
0
0
0
0
0
0
0
0
0
0
0
0
0
0
0
0
0
0
0
0
0
0
0
0
0
0
1
0
0
0
1
0
0
0
0
0
0
0
0
0
0
0
0
0
0
0
0
0
0
0
0
0
0
0
0
0
0
0
0
0
0
0
0
0
0
0
0
1
0
0
0
1
1
0
0
0
0
1
0
0
0
0
0
0
0
0
0
0
0
0
0
0
0
0
0
0
0
0
1
0
0
0
0
0
0
0
0
0
0
0
0
0
0
0
0
0
1
0
0
0
0
0
0
0
0
0
0
0
0
0
0
0
0
0
0
0
0
0
0
0
0
0
0
0
0
0
0
0
0
0
0
0
1
0
1
0
0
0
0
0
0
0
0
0
0
0
0
0
0
0
0
0
0
0
0
0
0
0
0
0
0
0
0
0
0
0
0
0
1
0
0
1
0
0
0
0
0
0
0
0
0
0
1
0
0
0
0
0
0
0
0
0
1
0
0
0
0
1
0
1
0
0
0
0
0
0
0
0
0
0
0
0
0
1
0
0
1
0
0
0
0
0
0
0
0
0
0
0
0
1
0
0
0
0
1
0
0
0
0
0
0
0
0
0
0
0
0
0
0
0
0
0
0
0
0
0
1
0
0
0
0
0
0
0
0
0
0
0
0
0
0
0
1
0
0
0
0
0
1
0
0
1
0
0
0
0
0
0
0
0
0
0
0
0
0
0
0
0
0
0
0
0
0
0
0
0
0
0
0
0
0
0
1
0
1
0
0
0
0
0
0
0
0
0
0
0
0
0
0
0
0
0
0
0
0
0
0
0
0
0
0
0
0
0
0
0
0
0
0
0
0
0
0
0
0
0
0
0
0
0
0
0
0
0
0
0
0
0
0
0
0
0
0
0
0
0
0
0
0
0
0
0
0
0
0
1
0
0
1
0
0
0
0
0
0
1
0
0
0
0
0
0
0
0
0
0
0
0
0
0
0
0
0
0
0
0
0
0
0
0
0
0
0
0
0
0
0
0
0
0
0
0
0
0
0
0
0
0
0
0
0
0
0
0
0
0
0
0
0
0
0
0
0
0
0
0
0
0
0
0
0
1
0
0
0
0
0
0
0
0
0
0
0
0
0
0
0
0
0
0
0
0
0
0
0
0
0
0
0
0
0
0
0
0
0
0
1
0
0
0
0
0
0
0
0
0
0
0
0
0
0
0
0
0
0
0
0
0
0
0
0
0
0
0
0
0
0
0
0
0
1
0
0
0
0
0
0
0
0
0
0
0
1
0
0
0
0
1
0
0
0
0
0
0
0
0
0
0
0
0
0
0
0
0
0
0
0
0
0
0
0
0
0
0
0
0
0
0
0
0
0
0
0
0
0
0
1
0
0
0
0
0
0
0
0
0
0
0
0
0
0
1
0
0
0
0
0
1
0
0
0
0
0
1
0
0
0
0
0
0
0
0
0
0
0
0
0
0
0
0
0
0
0
0
0
0
0
0
0
0
0
0
0
0
0
0
0
0
0
0
1
0
0
0
0
0
0
0
0
0
0
0
0
0
0
0
0
0
0
0
0
1
0
0
0
0
0
0
0
1
0
0
0
0
0
0
0
0
0
0
0
0
0
0
0
0
0
0
0
0
0
0
0
0
0
0
0
0
0
0
0
0
0
0
0
0
0
0
0
0
0
0
0
0
0
0
0
0
0
0
0
0
0
0
0
0
0
0
0
0
0
0
0
0
