0
0
0
0
0
0
0
0
0
0
0
0
0
0
0
0
0
0
0
0
0
0
0
0
0
0
0
0
0
0
0
0
0
0
0
0
0
0
0
0
0
0
0
0
0
0
0
0
0
0
0
0
0
0
0
0
0
0
0
0
0
0
0
0
0
0
0
0
0
0
0
0
0
0
0
0
0
0
0
0
0
0
0
0
0
0
0
0
0
0
0
0
0
0
0
0
0
0
0
0
1
0
0
0
0
0
0
0
0
0
0
0
0
0
0
1
1
0
3
4
4
1
4
7
0
1
3
1
4
1
5
94
1535
22074
87687
228927
468724
695046
880687
1.12366e+06
1.2624e+06
1.14999e+06
685870
169911
45467
20814
11486
6540
5058
4899
4853
4855
4760
4716
4484
4643
4674
4535
4448
4507
4285
4273
4097
4085
3898
3741
3647
3404
3275
3236
2955
2864
2882
2645
2507
2374
2265
2112
2095
2004
1807
1737
1641
1655
1569
1507
1345
1376
1241
1325
1158
1191
1124
1074
1074
1068
989
989
978
925
962
835
859
857
859
762
819
851
768
802
762
750
740
703
745
747
727
717
618
671
627
674
637
667
576
611
596
589
611
547
619
595
514
594
542
527
480
568
522
497
513
542
517
541
506
542
513
526
509
509
458
477
447
411
473
452
436
452
423
431
388
419
380
414
408
441
435
422
401
400
420
445
371
366
364
361
397
371
384
406
350
365
340
377
365
359
329
353
344
311
356
343
358
352
349
329
320
341
338
339
344
307
313
310
340
307
324
343
328
340
300
273
302
292
288
310
276
294
276
281
265
284
278
254
266
277
283
280
281
229
255
257
262
263
244
253
270
265
224
242
251
270
274
240
246
276
251
299
263
219
236
247
242
237
235
241
214
240
234
235
208
228
234
220
222
238
235
206
229
220
210
226
230
217
208
218
210
190
196
178
178
213
199
211
224
219
194
221
239
189
206
205
180
192
221
200
210
214
186
208
205
202
186
196
182
189
220
192
213
198
196
181
174
192
175
181
189
174
187
186
190
183
154
185
169
168
180
201
156
190
161
205
206
210
168
163
150
168
174
148
168
195
154
157
167
156
173
150
157
158
155
153
167
152
153
154
169
149
160
137
165
141
158
145
154
177
148
143
115
145
150
159
169
166
154
155
156
163
147
164
146
180
169
171
139
150
148
126
125
116
134
144
134
146
136
130
140
111
110
131
134
128
125
132
138
135
107
160
155
166
191
257
225
215
159
122
112
109
154
115
125
108
124
120
108
140
123
100
107
131
125
116
111
121
107
96
111
104
110
116
121
115
93
122
125
130
112
110
114
114
122
110
110
105
107
102
128
116
123
111
97
107
114
119
102
105
83
87
122
90
100
105
93
113
91
96
80
114
99
103
114
101
91
108
99
98
88
90
95
121
106
114
119
94
98
111
99
101
101
79
97
108
117
110
107
101
94
95
92
96
100
91
82
94
89
81
87
88
84
108
103
84
86
85
107
88
92
80
93
91
101
85
86
93
105
75
84
90
91
95
75
104
82
86
84
60
85
89
87
89
78
89
95
93
94
99
69
92
90
84
87
97
89
83
91
92
103
95
104
96
76
84
69
88
76
91
83
79
85
72
82
70
79
76
71
68
72
77
69
87
92
79
78
79
60
67
83
96
63
75
81
89
77
81
71
74
79
69
80
82
104
98
74
64
70
62
74
75
59
76
73
50
76
62
84
72
81
66
74
68
76
75
61
63
76
89
78
76
83
71
70
84
81
69
65
77
69
74
65
60
67
79
66
62
75
73
68
71
58
60
60
78
53
55
67
75
62
65
64
48
64
60
64
69
67
64
76
66
66
70
57
58
75
74
52
48
66
49
62
39
69
61
65
57
73
56
51
76
54
58
73
74
43
63
68
69
71
51
58
64
55
64
55
62
68
60
59
55
68
54
45
52
61
52
63
72
60
69
61
80
67
79
87
110
88
78
69
68
77
67
47
65
54
59
53
70
53
53
58
56
58
45
57
42
36
60
65
46
67
59
39
47
52
49
54
45
64
51
57
49
50
62
56
60
50
57
60
64
71
52
54
64
45
61
53
49
53
48
62
55
60
54
39
56
47
54
49
46
46
41
45
53
48
52
54
44
63
47
54
44
46
70
50
54
50
59
34
46
44
44
40
42
61
55
46
55
57
46
66
52
47
58
51
55
57
70
64
58
59
50
42
42
47
53
48
48
45
55
49
67
56
55
41
53
46
43
52
35
43
35
37
32
45
44
44
36
46
49
38
52
51
47
35
45
41
49
43
39
47
42
44
42
36
39
43
36
52
36
52
49
42
53
42
57
43
34
34
30
33
40
58
46
36
51
47
45
36
38
70
44
46
41
57
43
42
46
40
50
36
33
47
45
46
52
50
44
51
48
42
48
40
52
57
56
45
51
41
38
44
49
31
35
48
31
46
45
38
49
52
42
43
41
37
25
43
40
39
35
46
42
47
45
51
55
35
35
41
35
46
35
35
47
48
46
37
42
41
39
44
40
36
37
36
41
52
35
39
46
41
39
42
45
37
49
38
35
33
43
40
39
34
43
38
40
42
42
41
43
43
42
51
52
40
39
33
39
45
38
45
56
52
42
37
36
37
33
33
30
34
34
34
32
47
34
40
33
42
37
39
55
43
42
31
34
46
34
28
38
40
31
39
33
31
36
42
39
32
42
40
38
41
32
36
39
30
34
39
33
35
31
32
30
34
35
31
47
27
40
41
43
28
35
31
32
25
33
21
32
37
32
29
23
28
39
31
45
34
35
34
33
28
35
40
36
34
36
26
26
27
37
36
34
33
33
21
35
35
32
32
33
39
37
24
22
40
33
21
27
32
32
26
34
31
27
36
32
42
24
32
30
23
36
26
26
33
27
32
42
43
48
32
40
33
31
22
37
36
24
26
24
17
31
25
23
34
31
36
37
29
31
24
31
30
40
30
39
27
34
27
14
24
28
25
22
35
29
23
29
34
36
31
26
23
26
25
32
33
32
28
37
29
21
29
27
36
28
21
25
21
28
29
33
27
32
23
29
22
17
24
35
26
22
30
29
21
28
25
21
23
31
29
35
33
30
30
36
25
29
22
25
29
25
21
29
17
37
25
25
36
26
22
22
20
24
11
28
15
32
16
24
23
26
25
25
24
20
33
27
20
21
20
28
26
24
21
33
30
33
32
32
26
25
33
52
82
96
109
73
52
29
26
27
21
18
26
21
24
24
21
32
32
19
31
25
20
23
28
28
36
21
16
25
17
29
19
24
17
17
31
24
19
23
27
25
20
26
17
23
27
25
31
26
30
31
19
15
30
35
32
31
18
20
17
21
21
21
16
25
27
25
21
21
22
34
30
52
42
42
43
35
22
28
36
37
41
22
18
24
21
16
11
27
19
21
16
27
21
19
20
19
22
18
24
15
17
29
22
17
24
26
22
16
31
15
17
24
15
17
26
30
13
15
23
24
23
18
19
26
17
19
27
24
25
21
19
21
20
15
18
24
20
22
24
21
22
18
23
8
15
19
24
15
18
33
12
19
16
20
32
28
29
26
16
16
23
18
25
29
20
23
21
18
23
20
18
22
16
17
25
17
23
27
18
12
18
22
31
25
10
26
21
13
14
21
9
25
23
30
22
24
25
17
23
22
25
24
21
21
12
21
13
18
21
16
17
19
18
16
20
12
22
17
18
12
18
11
20
18
20
15
21
20
20
27
22
14
22
15
25
16
15
23
11
24
17
10
21
20
17
21
19
11
19
24
22
16
19
12
20
31
11
20
15
12
19
17
21
14
15
13
11
21
10
21
15
15
11
13
15
15
23
18
12
30
17
16
17
17
19
16
11
12
11
19
16
11
24
11
17
15
18
12
23
15
7
11
15
16
22
30
19
16
14
16
22
15
18
14
20
18
17
15
10
14
17
21
18
14
16
14
8
12
10
23
15
15
18
17
17
14
11
15
12
15
21
18
18
14
20
28
10
12
18
14
10
16
9
15
23
19
15
10
18
12
18
25
14
12
13
16
16
14
18
20
20
9
15
18
20
19
20
19
22
18
10
18
14
10
17
26
19
19
16
14
19
12
13
10
16
14
14
22
29
15
18
13
14
10
14
9
11
11
11
16
12
17
18
14
13
19
9
16
21
19
7
19
13
16
11
10
11
19
21
19
15
18
15
10
10
20
10
12
12
16
11
12
21
17
17
16
10
25
14
18
11
10
14
8
10
19
9
17
11
14
21
10
16
10
15
19
22
23
17
19
16
18
11
5
13
12
13
20
19
6
14
13
18
11
21
20
8
8
17
12
13
12
16
7
12
12
9
17
15
7
16
12
14
17
14
19
14
10
12
11
13
19
16
16
19
10
9
12
11
9
15
13
19
15
19
19
10
10
13
14
13
14
13
16
12
23
15
17
17
13
9
20
13
15
14
12
19
9
12
14
8
15
14
16
11
11
10
14
12
14
12
15
18
16
13
7
12
14
16
8
18
13
11
18
13
13
14
18
12
16
11
20
9
12
7
13
14
16
20
10
20
14
10
21
13
24
9
9
10
12
14
11
14
10
9
9
13
14
5
10
16
10
14
12
7
21
11
15
13
12
24
13
13
14
10
7
20
14
14
8
20
17
7
18
15
13
15
15
11
14
12
10
15
14
15
11
13
9
17
9
16
17
9
13
14
8
12
13
15
11
15
10
13
14
20
8
10
11
10
15
14
16
18
15
9
16
7
7
11
12
8
10
18
15
14
12
20
12
13
10
6
14
12
13
12
14
14
10
24
9
7
12
11
15
13
8
7
15
16
12
7
13
9
15
11
7
15
10
9
11
11
8
14
13
14
11
9
14
8
11
7
11
9
8
15
11
13
10
8
12
11
16
11
13
10
13
8
11
19
9
14
13
13
13
14
11
127
471
1087
1387
1056
431
109
17
21
21
18
15
11
9
19
12
16
9
9
11
7
17
14
13
21
13
20
5
11
11
12
10
13
8
19
11
11
11
8
13
16
11
7
8
7
8
10
11
13
7
11
6
16
10
10
12
12
11
20
11
13
9
10
13
9
10
11
7
11
15
9
4
7
10
13
15
5
15
12
6
17
15
16
12
18
12
12
18
27
13
11
17
13
8
11
7
9
10
9
12
9
7
17
9
13
14
13
9
9
13
10
16
14
10
11
16
8
12
16
9
9
7
10
10
9
9
12
8
15
6
9
13
12
9
15
14
10
10
11
5
13
10
14
11
14
11
12
12
14
13
13
14
20
19
17
13
12
5
8
11
5
12
10
6
8
8
13
9
6
12
4
4
3
8
8
10
6
3
9
8
4
6
15
6
12
9
12
11
9
10
8
8
8
12
11
5
12
11
9
11
9
10
10
8
5
7
8
8
14
6
12
8
6
10
9
9
9
12
10
9
13
9
12
11
12
15
12
9
7
13
11
6
12
9
16
12
8
10
7
12
5
7
7
10
9
4
7
11
10
6
12
14
6
11
12
10
12
8
11
12
7
9
12
16
3
9
6
7
6
2
9
8
9
11
12
8
9
7
13
13
9
14
11
7
12
9
10
10
8
8
5
8
7
10
9
10
9
11
8
3
7
12
14
7
9
8
8
12
7
4
6
13
5
8
7
4
6
12
10
8
10
11
9
9
10
11
10
13
8
9
12
12
10
6
7
8
9
6
12
6
15
9
7
8
12
12
5
9
10
16
4
8
11
4
6
9
8
4
3
7
9
11
4
5
7
6
11
7
14
8
6
7
7
10
2
7
7
13
13
5
4
5
10
5
9
9
10
11
4
7
7
11
5
13
9
11
6
7
7
10
8
13
10
3
6
8
4
7
11
11
9
6
7
10
11
5
9
7
11
6
10
6
5
12
9
7
11
16
19
15
17
12
7
8
11
8
9
6
11
4
7
7
10
8
6
6
5
7
8
10
6
4
13
6
9
9
5
8
7
7
10
7
6
7
14
11
5
8
8
11
11
8
7
8
6
6
11
16
9
5
6
8
10
6
11
8
7
9
9
5
9
6
7
8
7
10
6
6
5
7
7
4
5
7
4
11
7
1
6
13
11
11
8
3
9
11
8
8
14
7
8
12
11
11
7
16
5
7
2
9
6
9
10
5
6
3
5
7
6
14
4
11
11
16
8
3
2
7
8
7
10
13
8
8
10
12
4
10
6
11
9
4
10
10
9
5
5
7
7
7
11
12
7
5
4
9
9
2
7
4
8
8
9
3
11
6
7
8
6
3
8
5
7
8
12
5
8
8
8
10
9
11
9
5
10
6
7
6
5
3
11
2
8
8
7
11
7
9
13
7
6
5
4
3
3
2
10
7
2
7
6
4
4
7
4
9
10
6
10
4
8
9
9
13
10
6
4
10
4
5
6
11
7
8
10
8
14
8
7
9
7
8
3
11
9
4
7
5
6
5
5
5
8
4
6
9
9
5
9
4
2
7
3
7
7
8
5
6
6
5
9
6
9
6
5
8
11
7
5
8
4
7
5
3
5
2
5
4
3
5
5
7
5
9
7
9
5
8
9
9
9
3
7
4
7
4
10
4
11
3
13
8
10
7
9
3
7
8
10
12
4
8
6
5
4
10
4
4
1
12
8
5
5
3
6
6
5
6
9
9
4
3
8
8
5
8
5
6
4
7
7
9
12
9
5
9
6
7
7
7
2
7
10
5
11
7
10
9
11
8
9
7
4
4
4
5
7
8
5
6
7
8
8
5
7
9
4
3
4
6
2
6
4
4
6
2
8
8
5
2
5
6
9
14
3
4
8
5
8
3
5
4
5
3
10
12
7
5
8
9
5
4
7
7
7
11
9
8
3
6
9
7
6
6
10
6
9
4
8
3
6
9
8
6
6
1
7
8
3
3
6
3
9
6
8
4
4
11
3
4
4
5
5
10
5
8
9
6
3
7
4
5
7
6
9
5
8
4
4
9
2
5
7
6
6
2
3
4
7
5
1
6
6
7
5
6
4
2
4
4
8
3
6
4
5
13
6
10
4
4
5
8
8
10
4
3
5
9
6
10
5
8
7
4
4
6
9
2
8
7
7
3
6
9
7
5
7
6
4
6
2
5
6
5
9
5
6
11
5
7
5
7
3
5
7
2
7
3
8
5
6
12
4
4
2
8
5
8
5
5
9
5
5
3
4
5
9
6
6
6
4
8
8
6
5
4
9
9
5
4
6
3
1
8
1
6
11
5
3
4
6
3
3
5
4
4
5
3
8
3
3
3
3
9
9
1
8
6
4
4
5
7
4
4
7
7
10
5
3
7
4
6
4
6
2
4
5
3
5
9
8
8
10
4
6
5
2
7
9
3
1
3
3
9
4
4
4
5
4
5
4
4
7
5
5
3
3
9
4
7
5
8
3
5
3
4
4
6
5
1
4
1
5
10
7
5
4
4
9
6
0
4
2
3
6
5
6
3
6
6
1
2
1
2
2
7
7
4
10
5
2
1
3
2
5
8
4
3
4
7
4
5
7
4
4
5
4
5
8
7
3
6
6
3
4
5
4
5
1
2
8
8
4
3
4
3
4
10
8
6
4
3
8
7
8
6
2
5
7
3
3
7
7
14
9
10
8
4
7
4
5
5
6
10
3
3
7
3
3
5
7
3
8
4
4
1
4
8
5
3
6
6
4
5
4
7
7
5
7
7
4
4
5
4
1
4
3
4
11
5
6
8
7
7
5
4
5
7
2
5
5
3
3
8
8
6
3
6
5
10
8
5
6
5
3
10
4
5
6
3
4
5
3
3
4
3
4
4
3
5
2
5
5
6
5
4
7
5
7
3
5
4
6
2
5
2
5
6
2
0
1
5
7
4
5
1
6
4
4
8
5
3
3
6
3
5
4
5
7
6
3
5
2
5
4
5
2
4
6
5
3
5
5
6
2
9
2
5
5
3
2
3
4
6
2
5
3
5
7
2
2
6
2
1
5
8
0
4
2
2
4
6
2
4
4
4
6
1
3
2
4
7
6
2
6
3
2
5
8
9
9
7
6
2
3
3
6
5
5
3
4
7
3
3
3
1
3
1
3
1
4
6
2
1
4
1
0
5
6
8
2
6
5
3
6
9
2
5
7
4
3
5
2
2
3
5
1
4
2
3
4
3
3
2
3
7
4
6
2
4
5
7
5
3
7
2
6
9
9
2
3
3
6
5
2
8
4
3
3
2
5
6
2
5
5
7
2
5
1
3
7
4
9
9
6
5
5
10
9
2
5
6
3
2
1
4
3
6
10
2
7
2
2
2
6
5
2
3
5
3
5
4
7
5
6
5
2
6
6
2
3
1
3
1
7
7
3
2
5
4
4
0
5
3
2
1
3
2
5
2
9
4
5
2
2
3
5
6
6
4
4
2
4
2
3
3
6
6
3
6
4
2
3
3
6
4
4
3
3
5
5
5
2
3
2
6
3
1
6
5
6
2
5
5
3
3
4
8
6
4
9
3
4
4
3
6
3
6
1
5
4
3
2
2
5
4
5
1
5
0
1
3
2
4
4
3
2
7
4
3
2
8
5
4
1
4
5
7
5
2
5
3
7
3
6
3
3
2
4
3
3
5
6
2
3
4
2
2
1
2
2
3
1
2
6
1
4
4
5
3
6
4
4
6
3
2
2
2
4
5
5
5
2
2
4
4
3
4
4
5
4
4
5
2
8
4
4
2
2
3
2
6
3
3
4
5
4
2
2
5
2
8
2
8
4
3
6
5
3
5
0
4
4
4
4
1
3
2
2
6
4
3
4
3
2
4
1
6
2
7
7
2
2
4
4
3
4
3
5
2
5
3
12
2
3
2
3
6
6
4
5
1
1
8
5
1
5
6
3
2
4
5
0
3
6
5
5
1
3
2
2
5
3
3
7
3
3
3
2
1
4
1
7
3
6
6
3
3
4
4
1
0
3
6
5
1
5
3
8
5
2
2
2
0
4
2
3
3
3
2
1
6
4
2
11
1
5
3
2
3
2
1
3
4
5
1
3
7
3
2
6
4
5
3
6
5
4
2
1
4
8
6
5
3
3
5
2
6
4
1
4
8
0
2
4
1
7
8
1
4
2
3
4
2
1
5
3
3
4
9
5
4
4
2
2
6
3
2
2
0
4
4
4
3
2
6
0
1
3
2
3
1
0
4
4
2
0
3
7
2
5
3
4
1
2
2
1
3
2
2
1
1
4
5
3
6
2
3
2
4
2
6
2
3
2
2
4
3
4
5
2
3
2
0
3
3
7
3
2
1
5
2
4
3
3
1
4
2
4
2
4
0
2
5
1
2
4
4
1
6
2
4
4
5
7
3
5
2
4
2
3
4
2
1
1
0
5
2
5
3
2
3
1
0
2
1
1
4
4
1
4
8
3
1
2
5
1
3
3
2
2
3
3
4
1
2
3
3
2
2
3
2
5
3
1
3
2
6
2
5
1
1
4
7
7
3
6
6
6
4
1
4
7
5
7
3
4
2
3
1
4
2
6
2
3
2
5
2
5
2
4
1
2
6
1
5
3
3
0
3
2
1
5
6
1
5
2
4
3
0
2
1
5
3
0
4
3
3
2
4
3
4
2
1
4
2
3
4
3
4
4
0
0
3
5
4
6
2
1
2
2
3
1
1
5
3
1
3
3
2
0
1
1
0
7
1
5
4
4
4
1
3
3
1
1
5
1
2
1
0
2
3
2
3
4
2
3
3
3
2
4
2
4
3
2
6
3
1
0
5
1
5
3
5
2
1
2
4
2
1
3
1
1
3
2
2
0
5
0
0
1
3
1
3
1
3
2
3
4
6
0
0
6
3
5
2
2
5
3
1
1
3
2
1
3
2
2
1
4
4
3
3
1
2
3
2
2
3
2
5
3
1
3
3
4
0
4
2
4
0
2
5
4
1
6
4
2
2
8
1
4
1
2
1
3
3
1
4
1
2
3
3
5
1
2
3
0
1
2
7
1
6
3
2
5
8
7
2
4
2
1
2
0
0
0
5
2
2
3
4
3
2
1
2
0
1
3
3
3
1
2
3
2
0
0
2
2
2
3
2
1
0
1
0
3
1
2
4
0
0
6
4
1
0
3
2
2
3
2
2
1
3
3
4
2
5
1
3
6
2
2
3
3
4
4
4
2
0
3
5
6
3
3
1
7
3
3
5
2
3
1
3
4
2
2
1
0
2
0
1
7
0
3
1
3
2
2
2
2
2
3
1
3
1
2
3
2
1
2
3
3
6
1
1
2
3
1
2
2
3
2
3
1
4
1
1
1
3
4
2
1
2
3
0
1
1
2
1
1
1
5
4
2
2
2
2
1
3
2
2
2
2
4
2
1
3
3
2
2
1
4
5
1
1
4
2
0
2
2
2
1
1
1
3
2
1
0
2
4
5
2
2
2
3
6
4
4
2
1
2
3
2
1
2
1
2
2
1
3
1
1
3
2
1
5
1
3
4
0
5
3
2
4
1
2
2
2
2
0
2
1
4
4
1
3
0
2
3
4
3
0
2
2
3
1
1
2
1
3
2
5
1
4
3
1
2
1
0
2
3
0
4
5
6
3
1
4
3
3
3
5
2
2
1
2
2
3
3
3
2
2
3
1
1
2
2
6
3
5
3
1
1
4
2
2
1
2
3
1
4
3
2
1
1
1
2
3
0
1
4
1
2
2
1
3
2
2
5
6
1
2
3
1
4
1
3
1
1
0
1
1
3
2
1
4
6
2
0
1
3
0
1
4
1
3
0
2
0
1
2
1
0
2
3
2
1
3
0
3
2
1
1
4
1
2
1
0
0
0
0
2
2
1
1
1
4
3
0
3
1
3
2
1
0
5
3
2
5
2
2
3
2
3
4
3
1
2
1
2
2
2
3
2
0
0
2
0
3
0
2
0
1
4
3
3
3
4
1
1
0
3
1
2
2
2
2
0
4
5
2
5
0
2
3
1
1
3
3
2
2
1
2
2
5
1
1
3
3
1
1
1
3
4
2
3
0
3
3
2
0
0
3
1
2
2
3
1
3
0
0
0
2
1
0
1
2
1
3
2
1
2
4
0
1
0
4
1
1
1
2
2
2
0
2
0
1
1
1
3
1
3
2
1
4
0
1
2
2
0
0
3
1
2
1
2
2
0
0
5
3
1
2
1
2
1
2
2
0
2
1
2
0
2
0
1
3
1
3
3
1
4
2
2
0
2
3
1
2
0
2
2
0
1
2
2
1
0
2
1
1
1
1
1
2
1
4
4
1
1
1
0
2
2
2
2
3
4
2
1
3
1
2
2
1
2
1
2
0
1
4
0
1
0
4
0
1
0
2
0
1
1
2
1
2
1
0
2
2
2
0
1
2
5
1
4
2
1
5
4
4
1
4
2
2
1
0
2
1
0
1
1
0
2
2
0
1
3
2
4
1
1
0
2
0
1
6
1
2
1
3
3
1
1
4
4
3
2
3
0
1
0
1
3
0
1
2
0
4
3
1
4
1
1
2
1
1
3
3
2
1
2
3
3
0
0
1
4
3
4
0
1
2
1
4
2
0
2
1
0
0
1
1
1
3
2
5
1
4
1
0
2
2
1
3
0
1
3
1
0
2
1
3
2
1
2
4
2
6
3
2
3
2
0
1
4
1
1
3
2
1
2
6
1
1
0
0
4
2
0
0
4
1
2
4
1
2
1
0
1
1
2
2
2
1
1
3
0
3
0
1
1
1
0
1
0
2
0
1
3
0
2
1
4
2
0
0
0
2
4
3
1
1
4
3
4
3
5
4
4
0
0
5
0
0
0
2
1
3
1
2
1
1
1
5
1
5
1
0
2
2
1
1
2
4
1
3
0
2
1
3
2
2
1
0
1
1
2
2
4
0
1
4
3
1
0
1
1
0
1
1
0
3
2
3
2
2
1
2
2
2
1
2
5
5
1
3
2
1
2
1
2
1
0
1
1
3
0
2
0
0
2
2
1
0
1
2
2
0
2
0
2
1
2
2
2
3
2
1
2
0
1
1
1
1
1
0
1
3
5
0
2
1
1
0
1
0
4
0
3
2
1
4
1
3
2
1
0
0
1
0
1
1
1
0
3
2
1
2
1
0
0
3
1
3
1
3
2
2
2
1
1
2
0
1
3
1
3
1
1
1
3
0
0
0
3
2
0
4
3
2
1
0
1
0
2
1
4
1
2
0
1
5
4
0
1
0
0
0
1
2
0
1
2
1
2
1
0
2
2
3
0
3
2
4
0
0
1
0
2
0
1
2
1
0
4
1
1
2
2
2
2
0
2
2
1
2
2
1
1
1
0
3
0
2
2
2
1
1
1
2
3
2
1
2
0
3
0
0
5
0
3
5
0
1
2
0
1
1
2
5
2
6
2
1
2
1
2
0
2
0
2
1
1
1
2
0
1
2
1
3
1
1
2
1
1
2
1
2
1
0
0
1
2
1
2
1
2
1
0
1
2
3
1
3
0
0
0
1
2
0
2
1
2
1
2
0
0
2
0
1
1
3
2
2
0
3
2
4
3
1
0
0
2
0
0
0
0
2
2
1
1
2
2
2
2
2
2
2
2
1
0
2
0
2
1
0
2
1
2
0
2
3
1
2
2
2
0
1
0
3
0
3
2
4
0
2
3
2
1
3
1
1
3
2
2
3
0
2
2
1
2
1
2
1
2
4
0
1
3
1
0
2
0
0
3
2
1
3
1
2
1
1
4
4
1
1
5
0
1
0
0
1
1
0
3
0
2
0
0
2
1
1
2
1
1
3
3
2
1
4
3
2
3
2
1
1
3
2
1
1
0
3
1
0
2
0
3
0
0
0
1
0
0
3
2
1
2
2
2
2
2
2
2
1
1
1
1
1
1
0
1
0
3
1
2
2
3
4
2
4
1
2
1
2
2
1
0
3
3
0
0
0
1
3
0
0
0
1
2
2
1
0
0
0
2
1
1
1
1
1
2
2
0
2
1
0
0
4
3
3
3
2
1
0
0
1
4
1
0
0
2
2
1
3
0
2
0
1
1
0
2
1
2
2
0
0
1
2
0
0
3
2
3
1
0
0
1
0
2
2
2
2
1
1
2
3
2
2
1
1
3
1
2
0
3
2
1
1
0
4
2
0
0
0
1
1
2
0
3
1
1
3
4
0
2
3
1
2
0
0
2
0
1
0
1
1
3
1
0
0
2
5
1
1
1
1
0
2
2
1
0
1
1
1
1
0
0
1
0
0
2
1
0
0
3
0
1
1
3
0
1
0
1
1
0
1
2
2
0
1
2
2
2
2
3
3
2
1
0
0
0
0
1
0
2
2
0
1
0
3
2
5
2
0
3
1
1
0
0
1
1
1
1
1
2
0
3
1
1
1
2
1
1
4
0
1
1
2
1
0
3
1
0
0
0
0
0
0
4
1
1
3
1
3
0
2
0
0
1
3
1
1
0
1
1
1
1
2
4
3
4
1
0
0
2
0
0
1
2
4
3
3
3
2
1
0
0
1
1
3
2
3
2
2
1
0
1
0
2
0
0
1
5
2
1
2
0
0
2
0
1
2
2
1
0
0
0
0
2
1
1
0
0
1
4
0
1
1
2
1
1
0
1
2
0
3
3
2
5
1
0
0
1
1
1
1
1
1
1
0
0
1
1
2
0
2
1
1
2
1
0
2
0
1
1
1
0
1
3
2
0
0
1
2
0
2
2
1
1
1
0
0
0
1
2
3
3
4
0
3
0
3
5
2
2
3
2
1
4
0
3
1
1
1
2
2
1
1
1
0
1
0
2
1
1
2
0
2
0
3
0
2
0
4
0
2
0
0
0
1
2
2
1
1
0
0
0
1
1
2
2
1
1
1
0
1
1
1
1
2
1
0
0
3
0
0
1
0
3
1
2
0
0
0
1
1
1
0
1
2
3
4
0
2
1
1
1
2
1
4
0
2
1
3
3
2
3
0
1
1
0
1
2
2
2
1
1
0
0
3
0
0
1
4
2
1
0
0
1
0
3
0
3
0
3
2
1
1
0
2
0
2
2
1
3
3
2
0
2
3
1
5
1
2
1
2
1
0
0
0
0
1
0
2
1
0
4
0
2
0
3
2
2
1
1
4
0
1
3
2
0
0
0
0
0
0
1
0
1
3
1
0
0
0
0
2
2
1
1
3
0
0
0
0
0
2
1
2
1
0
1
0
3
1
1
0
1
1
2
1
3
0
0
1
1
1
4
1
0
1
0
0
2
1
2
2
0
1
2
0
0
0
2
1
1
3
4
0
2
4
1
0
1
0
0
0
0
1
1
1
1
2
1
1
0
0
5
0
1
1
0
1
2
1
4
0
2
1
3
1
2
2
1
1
1
2
0
2
2
1
5
2
0
2
0
1
1
1
1
3
1
0
0
1
1
3
1
1
1
0
0
0
1
0
0
1
2
0
2
1
1
2
1
1
1
1
2
1
0
1
1
1
1
3
1
1
0
0
0
1
1
1
1
2
2
0
1
1
0
2
0
1
3
0
1
2
0
2
2
0
1
0
1
1
1
3
1
1
1
0
0
1
1
2
1
0
1
1
3
2
1
4
3
0
3
0
2
2
1
0
1
0
0
3
0
2
1
0
1
2
0
2
0
2
0
4
1
3
2
1
3
1
1
3
1
2
4
3
2
0
3
1
1
0
1
1
2
3
1
2
1
0
1
1
1
0
3
3
2
1
3
0
0
1
2
2
1
1
3
0
1
1
0
3
4
1
2
1
1
0
1
1
0
2
2
0
0
1
1
3
1
0
0
3
4
1
0
0
0
0
3
1
0
0
1
2
4
0
0
1
0
1
0
1
0
2
1
1
1
3
1
0
0
0
0
0
1
0
2
0
0
0
0
0
0
1
0
3
1
0
1
1
0
1
0
0
1
0
0
3
0
3
3
3
2
1
1
1
2
1
6
2
2
0
0
0
0
0
0
1
0
1
1
0
1
2
1
0
1
4
0
1
0
1
4
0
1
0
0
1
0
0
3
0
2
0
0
4
1
1
0
1
1
0
0
1
0
0
2
2
0
3
1
3
1
1
2
2
2
2
0
0
1
2
1
1
1
2
1
2
3
1
2
1
0
1
2
2
1
4
1
1
2
0
2
1
1
1
1
1
0
1
0
1
1
1
1
0
2
0
0
2
1
2
3
2
0
1
0
0
2
0
1
0
1
2
0
1
0
0
1
2
1
0
1
0
0
2
2
1
0
1
1
3
2
0
2
1
0
1
1
0
1
3
2
2
2
0
2
2
0
1
2
2
2
0
1
2
1
0
2
1
0
1
1
3
0
0
0
1
6
0
1
1
2
0
0
1
2
2
4
0
2
2
0
0
0
4
0
1
1
1
1
2
1
0
2
4
1
2
0
1
0
1
0
1
0
2
2
1
1
1
0
2
3
4
2
2
0
5
1
0
3
0
0
2
0
1
0
1
2
1
2
1
1
0
1
1
0
0
0
2
2
0
1
2
2
1
2
0
1
1
1
0
0
0
1
2
0
2
0
1
0
1
1
3
0
1
3
0
0
0
0
0
0
0
0
2
1
1
0
0
0
1
0
2
0
0
0
1
0
1
2
2
1
0
4
0
2
1
1
0
4
1
0
0
1
1
1
1
0
0
3
1
1
0
2
0
1
0
2
2
0
0
1
1
2
2
0
0
1
0
1
0
1
1
1
3
2
1
2
1
0
0
2
0
1
2
2
3
2
1
2
0
1
2
1
0
2
0
2
3
1
3
2
1
1
0
0
0
0
0
1
1
0
3
0
1
1
1
1
2
0
0
2
1
1
0
1
1
0
0
2
1
2
1
0
0
0
0
1
3
0
3
2
2
3
1
3
4
1
0
0
1
2
0
2
2
0
1
2
0
1
1
0
1
3
1
0
1
0
2
0
0
1
0
1
1
0
1
1
1
1
2
0
3
3
2
0
0
1
1
3
1
1
0
0
0
2
1
1
3
1
2
0
0
0
1
0
0
1
0
0
0
0
1
1
2
1
2
2
0
2
0
1
0
2
1
0
4
0
2
1
1
1
1
1
3
2
1
1
0
1
0
1
3
0
2
0
3
0
0
0
3
1
0
3
0
0
1
1
1
0
0
0
1
3
0
0
0
0
1
1
1
0
2
0
2
0
0
1
1
1
0
2
1
1
0
1
4
1
0
1
1
1
2
0
0
0
0
0
0
1
1
1
3
1
0
2
0
2
1
2
3
0
3
3
2
2
2
2
1
4
1
1
1
3
1
1
2
0
3
3
3
2
0
1
1
1
1
1
0
1
0
0
1
1
2
0
0
1
0
1
0
4
0
1
4
1
1
0
1
1
2
1
1
0
0
1
0
1
2
0
2
0
0
2
1
0
0
1
0
2
2
0
0
1
1
3
1
0
0
2
2
0
0
0
0
1
1
3
2
0
0
0
1
0
0
0
0
1
0
0
1
1
1
0
0
0
1
1
0
2
4
3
0
0
0
1
1
1
1
0
0
1
1
1
0
1
0
0
0
2
0
2
2
1
0
0
1
0
0
0
1
2
1
0
1
1
0
1
0
2
1
1
1
0
0
0
0
1
1
1
0
2
0
1
0
4
0
0
1
1
0
0
1
0
0
0
3
1
0
0
2
0
0
0
2
1
0
1
1
0
1
0
0
2
1
2
0
2
1
2
0
1
1
1
0
0
0
1
0
0
1
0
0
1
0
1
0
0
2
0
0
0
1
0
0
2
3
0
0
0
1
2
0
0
1
1
0
0
1
0
0
0
0
1
1
0
1
1
2
0
1
0
0
0
0
1
1
0
1
0
0
2
1
0
3
3
0
0
2
0
1
1
0
0
0
0
1
1
1
0
0
2
1
1
0
1
0
1
1
0
3
0
0
0
1
1
1
0
0
1
0
0
1
0
0
1
0
1
0
1
1
0
0
1
0
0
0
0
0
1
0
2
0
1
1
0
0
1
0
2
2
0
0
1
4
0
2
0
3
0
2
1
0
0
0
2
1
1
2
1
0
4
0
0
0
0
0
1
1
0
0
0
1
0
0
2
1
0
3
0
1
0
1
1
2
0
0
1
1
1
0
1
0
0
0
0
1
0
1
1
0
0
0
0
0
1
1
0
0
1
0
0
0
0
3
0
2
0
0
2
0
1
1
2
1
0
0
0
0
0
0
0
1
0
2
0
0
0
1
0
0
0
1
0
1
1
1
0
0
0
0
1
0
0
3
1
0
0
3
3
0
1
1
0
0
0
0
0
1
0
1
1
0
1
0
0
1
1
1
0
0
0
0
1
0
0
0
1
0
2
0
0
1
0
1
0
1
3
1
2
0
1
0
1
0
0
1
1
1
1
1
1
0
1
0
2
1
0
1
2
2
1
0
1
1
1
1
1
1
0
0
1
3
0
2
2
0
1
4
0
2
0
0
0
3
0
0
1
0
2
0
0
0
2
0
1
1
0
0
1
0
0
0
1
0
1
0
2
0
0
1
0
0
0
1
0
1
0
1
1
0
1
2
1
0
0
1
0
1
0
0
0
1
0
3
1
0
1
0
0
0
1
0
1
1
2
0
1
1
3
2
2
0
3
0
1
0
0
2
0
0
0
0
0
1
0
1
1
1
0
0
0
0
0
0
0
2
0
1
2
0
0
0
0
0
1
0
0
0
0
0
0
0
0
0
0
0
0
0
0
0
0
1
0
0
0
1
1
1
0
0
0
0
0
0
1
1
0
1
0
1
1
0
0
2
1
0
1
0
1
0
1
0
0
0
0
0
0
0
0
1
0
2
0
0
0
1
0
0
0
0
0
0
0
1
0
0
0
0
0
0
0
0
0
0
0
1
1
0
1
0
0
0
0
0
0
0
0
1
1
0
0
0
3
0
1
0
1
0
0
2
0
0
1
1
0
0
0
0
0
1
0
0
1
1
0
0
1
0
1
0
1
0
0
0
1
1
1
0
2
0
0
2
0
0
0
1
1
0
0
2
0
0
0
0
1
0
1
0
1
0
1
0
3
1
0
0
0
0
0
0
1
0
0
2
0
2
0
0
0
1
0
2
1
0
0
0
0
0
1
1
0
0
0
0
0
1
0
0
0
0
0
0
0
0
0
0
0
2
0
0
1
0
0
0
0
0
1
1
0
1
1
0
2
2
1
0
0
0
1
0
0
0
1
0
1
0
0
0
0
0
0
1
1
0
1
0
0
2
3
0
0
0
0
0
0
1
0
0
0
2
0
0
1
0
1
0
0
0
0
0
0
0
0
0
0
0
0
0
0
0
0
1
0
0
0
1
1
0
0
1
0
0
0
0
0
0
0
0
0
0
0
0
0
0
1
1
0
1
0
0
0
0
0
0
0
0
0
0
1
1
0
0
0
0
0
0
0
1
0
0
0
1
0
1
0
1
0
0
0
0
2
1
0
1
1
0
0
1
2
2
1
0
1
0
0
0
0
0
0
0
0
0
0
1
0
1
0
0
1
0
1
1
0
0
1
0
0
0
0
1
0
1
0
1
0
0
0
1
0
0
0
0
0
0
0
0
0
1
0
1
0
0
0
0
0
0
0
0
0
0
1
0
0
0
1
0
0
0
0
0
0
0
0
0
0
0
0
0
0
0
0
0
1
0
0
0
1
1
0
0
0
1
0
0
0
0
0
1
2
0
1
1
0
0
0
0
1
1
2
0
0
0
0
1
0
0
0
0
0
0
1
1
1
1
1
0
0
0
0
0
0
0
1
1
0
0
0
0
0
0
0
2
1
0
0
0
1
0
0
0
0
0
1
0
0
1
0
0
0
0
0
0
0
0
1
0
0
0
0
0
1
0
0
4
0
1
0
0
1
0
1
0
0
0
0
0
0
0
0
2
0
0
1
0
0
0
0
1
0
0
0
0
1
2
0
0
0
0
0
0
0
1
1
0
0
0
2
0
1
1
1
1
1
0
0
1
0
0
0
0
1
1
0
1
1
1
0
0
0
0
1
0
1
1
0
1
0
1
1
0
0
0
0
0
0
1
0
0
2
0
0
0
0
1
0
0
0
1
0
0
0
0
1
1
0
1
1
0
1
1
0
0
0
0
0
0
0
0
0
0
0
2
1
2
0
0
0
0
0
0
0
1
0
0
0
0
0
0
1
0
0
1
1
0
1
1
0
0
0
0
0
0
1
0
0
0
0
0
0
0
0
1
0
0
0
0
0
0
2
2
0
0
0
0
0
1
0
0
0
0
0
0
0
0
0
0
1
2
1
0
1
0
0
0
0
0
1
1
0
0
0
0
1
0
0
0
1
0
1
0
0
1
0
2
0
0
0
0
0
0
0
1
0
0
0
1
2
1
0
1
0
0
3
0
0
2
0
1
0
0
0
0
0
0
0
0
0
1
2
0
0
0
0
0
0
0
0
0
0
1
0
0
0
0
0
0
0
0
2
2
0
0
2
0
0
0
0
0
0
1
0
2
1
0
0
0
0
1
0
1
0
0
0
0
1
0
0
0
0
0
0
0
0
1
0
1
0
0
0
0
0
0
0
0
0
0
0
0
0
2
1
0
0
0
0
0
0
1
0
0
0
0
0
0
0
0
0
0
0
0
1
0
0
0
1
2
1
1
0
0
0
2
0
0
1
1
0
0
0
0
0
0
0
1
1
0
0
1
1
1
0
0
1
0
1
0
1
0
0
0
0
0
0
0
1
0
0
0
0
0
0
0
0
2
0
0
1
1
0
0
0
0
0
1
0
0
0
0
0
0
0
1
0
0
1
1
0
2
0
0
0
0
0
1
1
0
0
0
0
0
0
0
0
0
0
0
0
0
0
0
0
0
0
0
0
0
0
0
0
1
0
0
0
0
0
0
0
0
1
0
0
0
0
0
0
0
0
1
0
0
0
0
1
0
1
0
0
0
0
0
0
0
0
0
0
0
2
0
0
0
0
0
0
0
1
0
0
0
0
0
0
0
0
0
0
0
1
0
1
0
0
1
0
0
0
0
0
2
0
0
0
0
1
0
0
1
0
0
0
0
0
0
0
0
0
0
0
0
0
0
0
1
0
1
0
0
1
0
0
0
0
0
0
0
0
0
0
0
0
0
0
0
0
1
1
0
0
0
0
0
0
0
0
0
0
0
0
0
0
0
0
0
0
0
0
0
0
0
0
0
1
0
0
0
0
0
0
0
1
0
0
0
0
0
0
1
0
0
2
0
1
0
0
0
2
2
1
0
0
1
0
0
1
0
0
1
0
0
1
0
1
0
0
0
0
1
0
1
0
0
0
0
0
1
0
0
1
0
0
0
1
0
0
0
0
0
0
0
0
0
0
0
0
0
0
0
0
0
0
0
1
0
0
2
0
1
1
0
0
0
1
1
0
0
0
0
0
0
0
0
1
0
0
0
1
0
0
1
0
0
0
0
0
0
0
0
0
0
0
0
1
0
0
0
0
0
0
0
0
0
0
0
0
0
1
0
0
0
0
1
0
0
1
0
0
1
0
1
1
0
0
0
0
0
0
0
1
0
1
1
0
1
0
1
0
0
0
0
1
1
0
0
0
0
0
2
0
0
0
2
1
0
0
0
0
0
0
0
0
0
2
2
0
0
0
0
0
1
0
0
0
0
1
0
0
0
0
0
0
1
1
0
0
0
0
1
0
0
0
0
0
0
0
0
1
0
0
0
0
0
0
1
0
1
0
1
0
0
0
0
0
0
0
1
1
0
1
0
0
0
0
0
0
0
0
0
1
0
0
0
0
0
0
1
0
0
0
0
0
0
1
0
0
0
0
0
0
0
0
1
0
0
0
0
0
0
0
0
0
0
0
0
1
0
0
0
0
0
0
0
0
0
0
0
0
1
0
0
0
0
0
0
0
1
0
0
2
0
0
2
0
0
0
0
1
0
0
0
1
0
0
1
0
0
0
0
0
0
0
0
0
0
0
0
0
0
0
0
1
0
0
0
0
1
0
1
0
0
0
0
0
1
0
0
0
0
0
1
1
0
1
1
0
1
0
1
0
0
1
0
0
1
0
0
0
0
1
0
0
0
0
0
0
0
0
0
0
0
0
0
0
0
0
0
0
0
0
0
0
0
0
0
0
0
1
1
0
0
0
1
0
0
0
0
0
1
0
0
0
0
0
1
0
0
0
0
1
0
0
0
0
0
0
0
0
0
1
0
1
0
0
0
0
0
0
1
0
0
0
0
0
0
0
0
0
0
0
0
0
0
0
0
0
0
1
0
0
0
0
0
0
0
0
0
0
0
0
0
0
0
0
1
0
0
1
0
0
0
0
0
0
2
0
1
0
0
0
0
0
1
0
0
0
0
0
0
0
0
0
0
0
0
0
0
0
0
0
0
0
0
1
0
0
0
0
0
0
0
1
0
1
0
0
0
0
0
0
0
1
0
0
1
0
1
0
1
0
0
0
0
0
0
1
0
0
0
0
0
0
0
0
0
0
0
0
0
0
0
0
0
0
0
0
0
0
2
1
0
0
0
0
0
0
0
2
1
0
0
0
0
0
1
0
0
0
0
1
0
0
1
1
0
0
0
0
0
1
1
0
0
0
0
0
0
0
0
0
1
0
1
0
0
0
0
0
1
0
0
0
0
0
0
0
0
0
0
0
0
0
0
0
1
0
1
1
0
0
0
1
0
0
0
0
0
0
0
0
0
0
0
0
0
0
1
0
0
0
0
0
1
0
0
0
0
1
0
0
0
0
0
0
0
0
1
1
0
0
0
0
0
0
0
0
0
0
1
0
0
0
0
0
0
0
0
0
0
1
0
0
0
0
0
0
0
1
0
0
1
0
0
0
0
0
0
0
0
0
0
0
0
0
1
0
0
0
0
2
0
0
0
0
0
0
0
0
0
0
0
1
0
2
1
0
0
0
0
1
0
0
0
0
0
0
0
0
0
0
0
0
1
0
1
1
0
1
0
0
0
0
0
0
0
0
0
0
0
0
0
0
0
0
0
0
1
0
1
0
0
0
1
0
0
0
0
0
0
0
0
0
1
1
0
0
0
0
1
0
0
0
0
0
0
0
0
0
2
0
1
0
0
0
0
0
0
0
0
0
0
0
0
0
0
0
0
0
0
0
0
0
0
0
0
1
0
1
0
0
0
1
1
0
0
0
1
0
0
0
1
0
0
0
0
0
0
0
0
0
0
0
0
0
1
0
0
0
0
0
0
0
0
1
0
0
0
0
0
0
0
1
0
0
0
0
0
1
0
2
0
1
1
0
0
0
0
0
0
0
0
0
0
0
0
1
0
0
1
1
0
1
0
0
0
0
0
0
0
0
0
0
0
1
0
0
0
0
0
0
0
0
1
0
0
0
0
0
0
0
0
0
0
1
0
0
0
0
0
0
0
0
0
0
0
0
0
0
0
0
0
1
0
1
0
0
0
0
0
0
2
0
0
0
0
0
0
0
0
0
0
0
0
0
1
0
0
0
1
0
0
0
0
0
0
0
0
0
0
0
1
0
0
1
1
0
0
0
0
1
0
0
0
0
0
0
0
1
1
0
0
0
0
0
0
0
0
1
0
1
0
0
0
1
0
0
0
0
0
0
0
0
0
0
0
0
0
0
0
0
0
0
0
0
0
0
1
1
0
1
0
0
0
0
0
0
0
1
1
0
0
0
0
0
0
0
0
0
0
0
0
0
0
0
0
0
0
0
0
0
0
0
0
0
0
0
0
0
0
0
0
0
0
0
0
0
0
0
0
0
0
0
0
0
0
0
0
0
0
0
0
0
0
0
0
0
0
0
0
0
0
0
0
0
1
0
0
0
0
0
0
0
0
0
0
0
0
0
0
0
0
0
0
0
0
0
0
0
0
0
0
0
1
0
0
0
0
1
0
0
0
0
0
0
0
0
0
0
0
0
1
0
0
0
0
0
0
0
0
1
0
0
0
0
0
0
0
0
0
0
0
0
0
0
0
0
0
1
0
0
0
0
0
0
0
0
0
0
0
0
0
0
1
0
1
0
0
0
0
0
0
0
0
1
0
0
1
0
0
0
0
0
0
0
0
0
0
1
0
0
0
0
0
0
0
0
0
0
0
0
0
0
0
1
0
0
0
0
0
0
0
0
0
0
0
0
0
0
0
0
0
0
0
1
0
0
0
0
1
0
0
0
0
0
0
0
0
0
0
0
0
0
0
0
0
0
0
0
0
0
0
0
0
0
0
0
0
1
1
0
0
0
0
0
0
0
0
0
0
1
0
0
0
0
0
0
1
0
1
0
0
0
0
0
0
0
1
0
0
0
0
0
0
1
0
0
0
0
0
0
0
0
0
0
0
0
0
0
0
1
1
0
0
0
0
0
0
1
0
0
0
0
0
0
0
0
0
0
0
0
0
0
0
0
1
1
0
0
0
0
0
0
0
0
0
0
0
0
0
0
0
0
0
0
0
0
0
0
0
0
0
0
0
0
0
0
0
0
0
0
1
0
0
0
0
0
0
0
1
0
0
0
0
0
0
1
1
1
0
0
0
0
0
0
0
0
0
0
0
0
0
0
0
0
1
0
0
0
0
0
0
0
0
0
0
0
0
0
0
0
0
1
0
0
0
0
0
0
0
1
1
1
0
0
0
0
0
0
0
0
0
0
0
0
0
1
0
0
0
0
0
0
0
0
0
0
0
0
0
0
0
0
0
1
0
0
0
0
0
0
0
0
0
0
0
0
0
0
0
1
0
0
0
0
0
0
0
0
0
0
0
0
0
1
0
0
0
0
0
0
0
1
0
0
0
0
0
0
1
1
0
0
0
0
1
0
0
1
0
0
0
0
0
0
0
0
0
0
0
0
0
1
0
0
0
0
0
0
0
0
3
0
0
0
0
0
0
0
0
0
0
0
0
0
0
0
0
1
0
0
0
0
0
0
0
0
0
0
1
0
0
0
1
0
0
0
0
0
0
0
0
0
0
0
0
0
0
0
0
0
0
0
0
0
0
1
1
0
0
0
0
1
0
0
0
0
0
1
0
0
0
0
0
0
0
0
0
0
0
0
0
0
0
0
0
0
0
0
0
0
0
1
0
0
0
0
0
0
1
0
0
0
0
2
0
0
0
0
0
0
0
0
1
0
0
0
0
0
0
1
2
0
2
0
0
0
0
0
0
0
0
0
0
1
0
0
0
1
1
1
0
0
0
0
0
0
0
0
0
0
0
0
0
0
0
0
0
0
0
0
0
0
0
0
0
0
0
0
0
0
0
0
0
0
0
0
0
0
0
0
0
0
0
0
0
0
0
0
0
0
1
0
0
0
0
0
0
1
0
0
0
0
0
1
0
0
0
0
0
0
1
0
0
0
0
1
0
0
0
0
0
0
0
0
0
0
0
0
0
0
0
0
1
0
1
0
0
0
0
0
0
0
1
0
0
0
0
0
0
0
0
0
0
0
0
0
0
0
0
1
0
0
0
0
0
0
0
0
0
0
0
0
0
0
0
0
0
0
0
0
2
0
0
0
0
1
0
0
0
0
0
0
0
0
0
0
0
0
0
0
1
0
0
0
0
0
0
0
0
1
0
0
0
0
0
0
0
0
0
1
0
1
2
0
0
0
1
0
0
0
0
0
0
0
0
0
1
1
0
0
0
0
0
0
0
0
0
0
0
0
0
0
1
0
1
0
0
0
0
0
0
0
0
0
0
0
0
0
0
0
0
0
0
0
0
0
2
0
0
0
0
0
0
0
0
0
0
0
0
0
0
0
0
0
1
0
0
0
0
0
0
0
0
0
0
0
0
0
0
0
1
0
1
0
0
0
0
0
0
0
0
0
0
0
0
1
0
0
0
0
0
1
0
1
0
0
0
0
0
0
0
0
0
0
0
0
0
0
0
0
0
0
0
0
0
0
0
0
1
0
0
0
0
0
0
0
1
0
0
0
0
0
0
0
0
0
0
1
0
1
1
0
0
0
0
0
0
0
1
0
0
0
1
0
0
0
0
0
0
0
0
1
0
0
0
0
0
0
0
1
0
0
0
1
1
0
0
0
0
0
0
0
0
0
0
0
0
0
0
0
0
0
0
0
0
0
0
0
0
0
0
0
0
0
0
0
0
0
0
0
0
0
0
0
0
0
0
0
1
0
0
0
0
0
0
0
0
0
0
0
0
0
0
0
0
0
1
0
0
0
0
0
0
0
0
0
0
0
0
0
0
0
0
0
0
0
0
0
0
1
0
0
0
0
1
0
0
0
0
0
0
2
0
0
0
0
0
0
0
0
0
0
0
0
0
0
0
0
0
0
0
0
0
0
0
0
0
0
0
0
1
0
1
0
0
0
0
0
0
0
0
0
0
0
0
0
0
0
0
0
0
0
0
0
0
0
0
0
0
0
0
0
0
0
0
0
0
0
2
0
0
0
0
0
0
0
0
0
0
0
0
0
0
0
1
0
0
1
0
0
0
0
0
0
0
0
0
0
0
0
0
0
0
0
0
0
0
0
0
0
0
0
0
0
0
0
0
0
0
0
0
0
0
0
0
0
0
0
0
0
0
0
0
0
0
1
0
0
0
0
0
0
0
0
0
0
1
0
0
0
0
0
0
0
0
0
0
0
0
1
0
0
0
1
0
0
0
1
0
0
0
0
0
0
0
0
0
0
0
0
0
0
0
1
0
0
0
0
0
0
0
0
0
0
0
0
0
0
0
0
0
0
0
0
0
0
0
0
1
0
0
0
0
0
0
0
1
0
0
0
0
0
0
0
0
0
0
0
0
0
0
1
0
0
0
0
0
0
0
0
0
0
0
0
0
0
0
0
1
1
0
0
0
0
0
0
0
0
0
2
0
0
0
0
1
0
0
0
0
0
0
0
0
0
0
0
0
0
0
0
0
0
0
0
0
0
0
0
0
0
0
0
0
0
1
0
0
0
0
0
0
0
0
1
0
0
0
0
0
0
0
0
0
0
0
0
0
0
0
0
0
0
0
0
0
0
0
1
0
0
0
0
0
0
0
0
0
0
0
0
0
1
0
0
0
0
0
0
1
0
0
0
0
0
0
0
0
0
0
0
0
0
0
0
0
0
0
0
0
0
1
0
0
0
0
0
0
0
0
0
0
1
0
0
0
1
0
0
0
0
0
0
0
0
0
1
0
0
0
0
0
0
0
0
0
0
0
0
0
0
0
0
0
0
0
0
1
0
0
0
0
0
0
0
0
0
0
0
0
0
0
0
0
1
0
0
0
0
0
0
0
0
0
0
0
0
0
0
0
0
0
0
0
0
1
0
1
0
1
0
0
0
0
0
0
0
0
0
0
0
0
0
0
0
1
0
0
0
0
0
0
0
0
0
0
0
1
0
0
0
0
0
0
0
0
0
0
1
0
0
0
0
0
0
0
0
0
0
0
0
0
0
0
1
0
0
0
0
0
0
0
0
0
0
1
0
0
0
0
0
0
0
1
0
0
0
0
0
0
0
0
0
0
0
0
0
0
1
0
0
0
0
0
0
0
0
0
0
1
0
1
0
0
0
1
0
0
0
0
0
0
0
0
0
0
0
0
0
0
1
0
0
0
1
0
0
0
0
0
0
0
0
0
0
0
0
0
0
1
0
0
0
0
0
0
1
1
0
0
0
0
0
1
0
0
0
0
0
1
0
0
0
0
0
0
0
0
1
0
0
0
0
0
1
0
0
1
0
0
0
0
0
0
0
0
0
0
0
0
0
0
0
0
0
0
0
0
0
0
0
0
0
0
0
0
0
0
0
0
0
0
0
0
0
0
0
1
0
0
0
0
0
0
0
0
0
0
0
0
0
0
0
0
0
1
0
1
0
0
0
0
1
0
1
0
0
0
0
0
0
0
0
0
0
0
0
0
1
0
0
0
0
0
0
0
0
0
0
0
0
0
0
0
0
0
0
0
0
0
0
0
0
0
1
1
0
0
0
0
0
0
0
0
0
0
1
0
0
0
0
0
0
0
0
0
0
0
0
0
0
0
0
1
0
0
0
0
0
0
0
0
0
0
0
0
0
1
1
1
0
0
0
0
0
0
0
0
0
0
0
0
0
0
0
0
0
0
0
0
0
0
0
0
0
0
1
0
0
0
0
0
0
0
0
0
0
0
0
0
0
0
0
0
0
0
1
0
0
0
0
1
0
0
0
0
0
0
0
0
0
0
0
0
0
0
0
0
0
0
0
0
0
0
0
0
0
0
0
0
0
0
0
0
0
0
0
0
0
0
0
0
0
0
0
0
1
0
0
0
