0 0
1 84
2 1
3 0
4 0
5 10
6 13
7 11
8 15
9 12
10 7
11 14
12 13
13 18
14 13
15 17
16 26
17 24
18 21
19 37
20 42
21 62
22 57
23 72
24 85
25 100
26 111
27 105
28 110
29 77
30 127
31 85
32 111
33 113
34 98
35 130
36 134
37 111
38 125
39 109
40 132
41 116
42 91
43 98
44 116
45 103
46 108
47 127
48 130
49 110
50 113
51 100
52 111
53 107
54 116
55 108
56 119
57 107
58 108
59 122
60 117
61 112
62 112
63 104
64 129
65 100
66 124
67 102
68 108
69 92
70 108
71 121
72 138
73 120
74 145
75 109
76 117
77 93
78 100
79 103
80 133
81 122
82 123
83 121
84 124
85 106
86 112
87 109
88 113
89 112
90 127
91 102
92 133
93 104
94 118
95 90
96 137
97 115
98 118
99 107
100 100
101 131
102 125
103 110
104 90
105 133
106 116
107 118
108 116
109 112
110 116
111 132
112 121
113 111
114 127
115 113
116 101
117 127
118 133
119 108
120 126
121 108
122 91
123 105
124 118
125 105
126 122
127 116
128 97
129 106
130 103
131 120
132 112
133 104
134 131
135 95
136 91
137 124
138 105
139 115
140 106
141 106
142 108
143 117
144 120
145 117
146 124
147 113
148 116
149 118
150 107
151 126
152 107
153 97
154 116
155 101
156 101
157 104
158 117
159 113
160 109
161 121
162 112
163 111
164 111
165 125
166 102
167 107
168 115
169 128
170 117
171 112
172 111
173 115
174 122
175 116
176 101
177 94
178 112
179 130
180 145
181 117
182 107
183 97
184 116
185 103
186 116
187 125
188 120
189 114
190 122
191 127
192 124
193 128
194 107
195 118
196 128
197 110
198 106
199 100
200 119
201 109
202 107
203 124
204 109
205 105
206 96
207 127
208 137
209 121
210 129
211 98
212 111
213 112
214 90
215 114
216 111
217 110
218 100
219 111
220 115
221 102
222 109
223 117
224 108
225 94
226 103
227 106
228 133
229 111
230 102
231 128
232 116
233 118
234 109
235 129
236 109
237 127
238 117
239 98
240 124
241 113
242 124
243 106
244 107
245 83
246 107
247 108
248 98
249 116
250 112
251 115
252 107
253 91
254 102
255 96
256 125
257 88
258 124
259 118
260 109
261 101
262 114
263 106
264 108
265 115
266 127
267 107
268 127
269 117
270 128
271 107
272 108
273 110
274 112
275 122
276 108
277 113
278 101
279 103
280 100
281 116
282 94
283 110
284 128
285 105
286 115
287 106
288 103
289 96
290 107
291 120
292 127
293 109
294 108
295 111
296 113
297 125
298 111
299 118
300 113
301 111
302 88
303 110
304 97
305 108
306 113
307 126
308 105
309 106
310 117
311 124
312 112
313 123
314 108
315 113
316 111
317 108
318 104
319 118
320 111
321 122
322 107
323 103
324 123
325 122
326 111
327 95
328 113
329 103
330 120
331 103
332 118
333 127
334 112
335 113
336 123
337 131
338 94
339 120
340 120
341 129
342 98
343 102
344 119
345 117
346 108
347 99
348 113
349 106
350 101
351 125
352 99
353 149
354 107
355 106
356 131
357 103
358 97
359 112
360 133
361 117
362 98
363 99
364 135
365 103
366 121
367 111
368 107
369 104
370 106
371 113
372 106
373 107
374 105
375 112
376 119
377 126
378 122
379 126
380 117
381 110
382 124
383 119
384 120
385 117
386 130
387 113
388 115
389 89
390 123
391 103
392 94
393 115
394 107
395 116
396 116
397 131
398 113
399 100
400 103
401 104
402 118
403 113
404 115
405 115
406 117
407 93
408 124
409 111
410 106
411 116
412 95
413 100
414 120
415 99
416 120
417 108
418 96
419 110
420 102
421 111
422 96
423 103
424 107
425 103
426 122
427 117
428 124
429 124
430 115
431 93
432 101
433 88
434 106
435 117
436 130
437 112
438 100
439 117
440 96
441 116
442 115
443 112
444 108
445 118
446 102
447 95
448 101
449 114
450 139
451 128
452 115
453 94
454 115
455 112
456 113
457 119
458 128
459 110
460 111
461 108
462 95
463 101
464 110
465 107
466 128
467 97
468 110
469 119
470 108
471 96
472 108
473 129
474 117
475 114
476 120
477 106
478 110
479 126
480 100
481 109
482 131
483 124
484 110
485 113
486 128
487 95
488 110
489 124
490 116
491 109
492 109
493 107
494 110
495 141
496 97
497 115
498 104
499 105
500 116
501 115
502 92
503 99
504 114
505 113
506 103
507 113
508 97
509 130
510 134
511 134
512 139
513 144
514 141
515 144
516 124
517 144
518 159
519 174
520 139
521 164
522 136
523 153
524 149
525 179
526 170
527 169
528 191
529 176
530 175
531 159
532 166
533 181
534 168
535 173
536 176
537 176
538 189
539 173
540 174
541 176
542 174
543 182
544 170
545 173
546 185
547 214
548 198
549 204
550 195
551 190
552 213
553 190
554 224
555 195
556 199
557 224
558 190
559 235
560 201
561 196
562 225
563 194
564 236
565 212
566 199
567 227
568 224
569 234
570 225
571 207
572 232
573 240
574 231
575 247
576 264
577 252
578 252
579 235
580 250
581 234
582 260
583 274
584 257
585 250
586 239
587 264
588 273
589 234
590 238
591 261
592 257
593 250
594 251
595 278
596 272
597 275
598 263
599 286
600 284
601 279
602 280
603 288
604 277
605 240
606 313
607 254
608 268
609 289
610 291
611 292
612 284
613 312
614 300
615 301
616 307
617 307
618 306
619 291
620 271
621 321
622 260
623 274
624 309
625 324
626 302
627 284
628 308
629 329
630 294
631 318
632 285
633 290
634 312
635 323
636 333
637 339
638 352
639 309
640 342
641 339
642 326
643 335
644 340
645 326
646 311
647 317
648 337
649 349
650 338
651 348
652 353
653 354
654 347
655 339
656 350
657 331
658 330
659 325
660 350
661 349
662 334
663 354
664 352
665 360
666 335
667 332
668 371
669 358
670 329
671 357
672 343
673 332
674 338
675 386
676 344
677 387
678 345
679 363
680 368
681 368
682 355
683 395
684 363
685 378
686 411
687 346
688 409
689 369
690 393
691 375
692 385
693 360
694 408
695 340
696 416
697 386
698 337
699 393
700 429
701 400
702 397
703 430
704 418
705 402
706 390
707 369
708 388
709 373
710 417
711 399
712 392
713 410
714 429
715 384
716 420
717 435
718 408
719 418
720 396
721 420
722 409
723 400
724 427
725 429
726 423
727 435
728 429
729 410
730 420
731 463
732 440
733 435
734 421
735 411
736 416
737 435
738 420
739 430
740 447
741 394
742 465
743 424
744 409
745 445
746 429
747 438
748 437
749 464
750 477
751 457
752 457
753 466
754 447
755 460
756 503
757 435
758 479
759 431
760 457
761 470
762 469
763 449
764 474
765 442
766 469
767 450
768 472
769 497
770 451
771 452
772 447
773 467
774 466
775 459
776 483
777 473
778 491
779 473
780 492
781 498
782 483
783 496
784 514
785 485
786 452
787 507
788 488
789 503
790 495
791 461
792 487
793 481
794 491
795 495
796 500
797 447
798 515
799 495
800 483
801 514
802 559
803 514
804 484
805 508
806 492
807 433
808 519
809 438
810 531
811 515
812 471
813 548
814 501
815 531
816 508
817 529
818 520
819 513
820 509
821 497
822 521
823 532
824 518
825 536
826 512
827 531
828 547
829 562
830 539
831 571
832 491
833 577
834 508
835 509
836 570
837 528
838 570
839 540
840 489
841 528
842 510
843 525
844 533
845 551
846 525
847 577
848 563
849 600
850 577
851 536
852 544
853 530
854 553
855 537
856 517
857 555
858 584
859 559
860 556
861 552
862 548
863 560
864 569
865 548
866 566
867 572
868 542
869 544
870 576
871 540
872 579
873 578
874 617
875 601
876 569
877 558
878 620
879 570
880 558
881 610
882 583
883 563
884 613
885 547
886 535
887 621
888 592
889 619
890 566
891 631
892 584
893 574
894 599
895 600
896 587
897 579
898 600
899 618
900 617
901 586
902 609
903 601
904 626
905 609
906 610
907 581
908 605
909 619
910 595
911 594
912 584
913 596
914 634
915 568
916 593
917 621
918 611
919 656
920 662
921 660
922 622
923 573
924 638
925 589
926 628
927 636
928 634
929 642
930 625
931 602
932 638
933 629
934 621
935 638
936 608
937 621
938 594
939 626
940 620
941 579
942 650
943 638
944 602
945 621
946 654
947 669
948 635
949 678
950 651
951 623
952 617
953 631
954 614
955 617
956 617
957 659
958 621
959 612
960 665
961 622
962 693
963 611
964 666
965 667
966 673
967 669
968 640
969 666
970 659
971 619
972 624
973 660
974 657
975 644
976 697
977 562
978 645
979 636
980 717
981 707
982 656
983 662
984 653
985 720
986 619
987 678
988 593
989 640
990 654
991 682
992 660
993 686
994 620
995 741
996 664
997 662
998 677
999 670
1000 687
1001 659
1002 678
1003 685
1004 643
1005 668
1006 666
1007 743
1008 696
1009 671
1010 688
1011 680
1012 689
1013 694
1014 658
1015 709
1016 700
1017 669
1018 684
1019 730
1020 702
1021 724
1022 673
1023 702
1024 668
1025 680
1026 668
1027 661
1028 717
1029 720
1030 681
1031 697
1032 703
1033 703
1034 731
1035 727
1036 709
1037 708
1038 659
1039 678
1040 670
1041 710
1042 718
1043 703
1044 676
1045 709
1046 747
1047 727
1048 726
1049 728
1050 764
1051 686
1052 705
1053 698
1054 760
1055 727
1056 744
1057 748
1058 730
1059 715
1060 736
1061 747
1062 704
1063 720
1064 747
1065 691
1066 770
1067 697
1068 709
1069 713
1070 746
1071 751
1072 733
1073 723
1074 775
1075 760
1076 756
1077 700
1078 746
1079 706
1080 749
1081 708
1082 731
1083 746
1084 763
1085 705
1086 729
1087 764
1088 769
1089 769
1090 735
1091 725
1092 744
1093 761
1094 788
1095 799
1096 806
1097 754
1098 788
1099 738
1100 726
1101 752
1102 802
1103 750
1104 759
1105 751
1106 767
1107 781
1108 729
1109 746
1110 725
1111 746
1112 782
1113 812
1114 739
1115 780
1116 750
1117 758
1118 771
1119 800
1120 746
1121 796
1122 804
1123 791
1124 808
1125 824
1126 766
1127 731
1128 783
1129 815
1130 779
1131 749
1132 723
1133 771
1134 786
1135 723
1136 782
1137 807
1138 686
1139 768
1140 801
1141 757
1142 756
1143 772
1144 827
1145 767
1146 776
1147 818
1148 819
1149 785
1150 782
1151 810
1152 818
1153 774
1154 812
1155 773
1156 820
1157 814
1158 729
1159 823
1160 742
1161 800
1162 838
1163 778
1164 788
1165 785
1166 839
1167 807
1168 842
1169 843
1170 774
1171 849
1172 799
1173 806
1174 791
1175 785
1176 813
1177 804
1178 816
1179 795
1180 821
1181 777
1182 785
1183 821
1184 808
1185 834
1186 858
1187 821
1188 799
1189 792
1190 861
1191 810
1192 876
1193 822
1194 806
1195 822
1196 809
1197 806
1198 833
1199 821
1200 792
1201 807
1202 831
1203 857
1204 851
1205 841
1206 807
1207 883
1208 849
1209 783
1210 853
1211 826
1212 863
1213 851
1214 871
1215 802
1216 805
1217 847
1218 848
1219 826
1220 813
1221 830
1222 809
1223 868
1224 824
1225 851
1226 806
1227 820
1228 801
1229 825
1230 853
1231 759
1232 799
1233 872
1234 864
1235 840
1236 784
1237 820
1238 850
1239 904
1240 816
1241 812
1242 837
1243 905
1244 841
1245 822
1246 850
1247 872
1248 853
1249 869
1250 757
1251 845
1252 901
1253 839
1254 901
1255 813
1256 885
1257 853
1258 861
1259 846
1260 831
1261 883
1262 866
1263 801
1264 812
1265 914
1266 846
1267 888
1268 874
1269 840
1270 879
1271 847
1272 867
1273 875
1274 847
1275 849
1276 921
1277 807
1278 801
1279 887
1280 850
1281 838
1282 896
1283 829
1284 885
1285 879
1286 874
1287 851
1288 890
1289 837
1290 900
1291 881
1292 875
1293 861
1294 845
1295 895
1296 915
1297 851
1298 910
1299 882
1300 885
1301 843
1302 851
1303 871
1304 876
1305 899
1306 932
1307 870
1308 865
1309 865
1310 906
1311 872
1312 866
1313 896
1314 922
1315 899
1316 891
1317 867
1318 901
1319 948
1320 848
1321 893
1322 863
1323 885
1324 907
1325 868
1326 931
1327 908
1328 863
1329 917
1330 914
1331 862
1332 913
1333 898
1334 915
1335 903
1336 888
1337 901
1338 924
1339 917
1340 962
1341 898
1342 914
1343 907
1344 872
1345 879
1346 896
1347 872
1348 916
1349 929
1350 901
1351 860
1352 918
1353 922
1354 954
1355 886
1356 964
1357 899
1358 886
1359 863
1360 931
1361 923
1362 919
1363 960
1364 886
1365 901
1366 932
1367 902
1368 927
1369 962
1370 901
1371 918
1372 974
1373 871
1374 868
1375 953
1376 913
1377 940
1378 891
1379 930
1380 909
1381 944
1382 918
1383 945
1384 965
1385 941
1386 932
1387 953
1388 868
1389 980
1390 959
1391 989
1392 911
1393 916
1394 916
1395 959
1396 893
1397 963
1398 940
1399 937
1400 896
1401 862
1402 882
1403 919
1404 961
1405 956
1406 922
1407 972
1408 922
1409 1001
1410 1003
1411 899
1412 886
1413 923
1414 900
1415 974
1416 927
1417 899
1418 899
1419 900
1420 941
1421 906
1422 925
1423 965
1424 941
1425 973
1426 982
1427 963
1428 947
1429 964
1430 971
1431 928
1432 948
1433 913
1434 947
1435 972
1436 998
1437 971
1438 951
1439 923
1440 926
1441 916
1442 948
1443 913
1444 890
1445 1036
1446 1035
1447 1004
1448 960
1449 981
1450 971
1451 997
1452 942
1453 978
1454 1008
1455 1008
1456 960
1457 958
1458 976
1459 957
1460 927
1461 963
1462 975
1463 932
1464 942
1465 966
1466 966
1467 920
1468 963
1469 945
1470 1002
1471 976
1472 939
1473 928
1474 992
1475 963
1476 985
1477 930
1478 979
1479 967
1480 1014
1481 956
1482 1000
1483 961
1484 996
1485 984
1486 962
1487 1007
1488 1009
1489 1010
1490 1069
1491 972
1492 999
1493 971
1494 908
1495 1003
1496 1000
1497 979
1498 956
1499 1054
1500 1041
1501 1030
1502 954
1503 949
1504 982
1505 1026
1506 974
1507 954
1508 955
1509 1011
1510 981
1511 955
1512 994
1513 987
1514 985
1515 950
1516 997
1517 1003
1518 1059
1519 977
1520 965
1521 1007
1522 968
1523 969
1524 981
1525 978
1526 1020
1527 962
1528 994
1529 1015
1530 1056
1531 994
1532 962
1533 1075
1534 994
1535 1040
1536 978
1537 1076
1538 1028
1539 1025
1540 1043
1541 988
1542 982
1543 952
1544 1020
1545 1030
1546 1010
1547 1023
1548 953
1549 974
1550 971
1551 974
1552 1023
1553 1051
1554 984
1555 1055
1556 1089
1557 1034
1558 1056
1559 1012
1560 1012
1561 1049
1562 967
1563 1033
1564 980
1565 1057
1566 1006
1567 979
1568 978
1569 1052
1570 1023
1571 1034
1572 1088
1573 988
1574 1037
1575 1042
1576 985
1577 964
1578 1037
1579 1005
1580 1063
1581 1048
1582 1031
1583 1026
1584 1060
1585 958
1586 1038
1587 1045
1588 1023
1589 1082
1590 1016
1591 1042
1592 1027
1593 1057
1594 1022
1595 1013
1596 1043
1597 1004
1598 1039
1599 1036
1600 1069
1601 1084
1602 977
1603 1003
1604 1093
1605 1049
1606 1045
1607 976
1608 1031
1609 1074
1610 1114
1611 1042
1612 1004
1613 1039
1614 1029
1615 1038
1616 996
1617 979
1618 985
1619 1042
1620 1076
1621 1041
1622 1048
1623 1038
1624 990
1625 1025
1626 1072
1627 1033
1628 1120
1629 1035
1630 1009
1631 1060
1632 1029
1633 1034
1634 1068
1635 984
1636 1051
1637 1010
1638 1015
1639 1065
1640 1012
1641 1046
1642 1031
1643 993
1644 1027
1645 1055
1646 1087
1647 1074
1648 981
1649 1074
1650 1049
1651 1038
1652 1061
1653 1055
1654 1124
1655 1098
1656 1089
1657 1062
1658 1037
1659 1014
1660 1070
1661 1053
1662 1074
1663 1050
1664 1008
1665 1011
1666 1002
1667 1032
1668 1041
1669 1089
1670 1084
1671 1023
1672 993
1673 1045
1674 1086
1675 1067
1676 1083
1677 1061
1678 1048
1679 1028
1680 1114
1681 1060
1682 1059
1683 1025
1684 1084
1685 1017
1686 1131
1687 1053
1688 1025
1689 1058
1690 1030
1691 1083
1692 1118
1693 1091
1694 1056
1695 1092
1696 1127
1697 1048
1698 1092
1699 1066
1700 1052
1701 1097
1702 1092
1703 1036
1704 1064
1705 1088
1706 1052
1707 1080
1708 1142
1709 1109
1710 1068
1711 1092
1712 1076
1713 1056
1714 1021
1715 1111
1716 1017
1717 1055
1718 1076
1719 1070
1720 1124
1721 1034
1722 1050
1723 1046
1724 1080
1725 1054
1726 1063
1727 1061
1728 1061
1729 1093
1730 1045
1731 1112
1732 1126
1733 1085
1734 1122
1735 1145
1736 1096
1737 1051
1738 1075
1739 1034
1740 1122
1741 1063
1742 1097
1743 1075
1744 1125
1745 1058
1746 1062
1747 1073
1748 1091
1749 1045
1750 1103
1751 1133
1752 1095
1753 1117
1754 1051
1755 1089
1756 1087
1757 1043
1758 1111
1759 1099
1760 1089
1761 1164
1762 1111
1763 1046
1764 1076
1765 1134
1766 1124
1767 1080
1768 1134
1769 1049
1770 1127
1771 1011
1772 1071
1773 1112
1774 1211
1775 1124
1776 1134
1777 1092
1778 1107
1779 1115
1780 1104
1781 1077
1782 1142
1783 1098
1784 1075
1785 1104
1786 1076
1787 1079
1788 1051
1789 1127
1790 1136
1791 1098
1792 1059
1793 1122
1794 1114
1795 1113
1796 1129
1797 1141
1798 1119
1799 1096
1800 1095
1801 1091
1802 1131
1803 1130
1804 1031
1805 1118
1806 1078
1807 1137
1808 1077
1809 1096
1810 1142
1811 1042
1812 1079
1813 1052
1814 1114
1815 1096
1816 1149
1817 1072
1818 1088
1819 1113
1820 1130
1821 1063
1822 1036
1823 1091
1824 1163
1825 1098
1826 1087
1827 1173
1828 1095
1829 1068
1830 1104
1831 1092
1832 1110
1833 1119
1834 1105
1835 1124
1836 1134
1837 1121
1838 1132
1839 1069
1840 1155
1841 1151
1842 1113
1843 1096
1844 1127
1845 1122
1846 1096
1847 1089
1848 1188
1849 1130
1850 1177
1851 1153
1852 1065
1853 1125
1854 1176
1855 1108
1856 1108
1857 1103
1858 1069
1859 1105
1860 1130
1861 1170
1862 1145
1863 1096
1864 1096
1865 1122
1866 1165
1867 1149
1868 1134
1869 1135
1870 1184
1871 1170
1872 1145
1873 1084
1874 1123
1875 1131
1876 1136
1877 1126
1878 1171
1879 1162
1880 1156
1881 1161
1882 1123
1883 1070
1884 1158
1885 1145
1886 1141
1887 1143
1888 1077
1889 1152
1890 1100
1891 1148
1892 1132
1893 1147
1894 1130
1895 1149
1896 1104
1897 1188
1898 1134
1899 1139
1900 1143
1901 1143
1902 1101
1903 1090
1904 1150
1905 1169
1906 1146
1907 1170
1908 1152
1909 1073
1910 1136
1911 1100
1912 1208
1913 1105
1914 1135
1915 1123
1916 1135
1917 1127
1918 1138
1919 1146
1920 1139
1921 1114
1922 1131
1923 1135
1924 1179
1925 1121
1926 1132
1927 1134
1928 1106
1929 1193
1930 1152
1931 1188
1932 1131
1933 1188
1934 1134
1935 1127
1936 1177
1937 1193
1938 1170
1939 1218
1940 1121
1941 1188
1942 1174
1943 1202
1944 1127
1945 1098
1946 1193
1947 1175
1948 1161
1949 1118
1950 1188
1951 1211
1952 1205
1953 1149
1954 1105
1955 1157
1956 1155
1957 1206
1958 1146
1959 1196
1960 1214
1961 1182
1962 1145
1963 1197
1964 1199
1965 1182
1966 1171
1967 1169
1968 1092
1969 1162
1970 1230
1971 1189
1972 1110
1973 1158
1974 1185
1975 1149
1976 1136
1977 1204
1978 1200
1979 1205
1980 1162
1981 1180
1982 1161
1983 1152
1984 1169
1985 1154
1986 1152
1987 1137
1988 1158
1989 1188
1990 1130
1991 1165
1992 1212
1993 1204
1994 1115
1995 1167
1996 1218
1997 1182
1998 1134
1999 1171
2000 1192
2001 1127
2002 1177
2003 1178
2004 1196
2005 1201
2006 1176
2007 1139
2008 1264
2009 1151
2010 1080
2011 1159
2012 1195
2013 1185
2014 1120
2015 1131
2016 1141
2017 1176
2018 1203
2019 1160
2020 1174
2021 1183
2022 1198
2023 1190
2024 1143
2025 1196
2026 1201
2027 1137
2028 1128
2029 1175
2030 1142
2031 1146
2032 1182
2033 1154
2034 1197
2035 1158
2036 1226
2037 1179
2038 1152
2039 1219
2040 1175
2041 1193
2042 1161
2043 1250
2044 1125
2045 1176
2046 1234
2047 1182
2048 1144
2049 1163
2050 1198
2051 1156
2052 1253
2053 1152
2054 1160
2055 1189
2056 1187
2057 1178
2058 1195
2059 1154
2060 1151
2061 1194
2062 1168
2063 1225
2064 1164
2065 1231
2066 1157
2067 1154
2068 1144
2069 1252
2070 1207
2071 1278
2072 1130
2073 1184
2074 1169
2075 1144
2076 1185
2077 1168
2078 1212
2079 1222
2080 1182
2081 1176
2082 1249
2083 1273
2084 1135
2085 1205
2086 1182
2087 1187
2088 1179
2089 1192
2090 1228
2091 1195
2092 1198
2093 1211
2094 1217
2095 1188
2096 1203
2097 1200
2098 1253
2099 1180
2100 1225
2101 1137
2102 1166
2103 1187
2104 1227
2105 1243
2106 1233
2107 1249
2108 1273
2109 1188
2110 1211
2111 1206
2112 1258
2113 1200
2114 1231
2115 1205
2116 1179
2117 1210
2118 1240
2119 1184
2120 1165
2121 1191
2122 1207
2123 1221
2124 1234
2125 1225
2126 1227
2127 1271
2128 1227
2129 1207
2130 1250
2131 1232
2132 1223
2133 1222
2134 1221
2135 1154
2136 1250
2137 1208
2138 1211
2139 1258
2140 1214
2141 1210
2142 1172
2143 1251
2144 1217
2145 1174
2146 1222
2147 1209
2148 1317
2149 1233
2150 1131
2151 1292
2152 1246
2153 1170
2154 1200
2155 1179
2156 1178
2157 1211
2158 1280
2159 1218
2160 1179
2161 1268
2162 1254
2163 1178
2164 1219
2165 1219
2166 1222
2167 1214
2168 1254
2169 1234
2170 1181
2171 1261
2172 1246
2173 1244
2174 1337
2175 1229
2176 1218
2177 1266
2178 1175
2179 1175
2180 1244
2181 1222
2182 1287
2183 1234
2184 1257
2185 1281
2186 1208
2187 1252
2188 1213
2189 1244
2190 1264
2191 1272
2192 1253
2193 1250
2194 1254
2195 1267
2196 1261
2197 1235
2198 1246
2199 1247
2200 1175
2201 1228
2202 1206
2203 1232
2204 1233
2205 1221
2206 1257
2207 1270
2208 1203
2209 1241
2210 1181
2211 1196
2212 1210
2213 1217
2214 1227
2215 1236
2216 1201
2217 1245
2218 1252
2219 1253
2220 1283
2221 1225
2222 1307
2223 1243
2224 1243
2225 1296
2226 1277
2227 1225
2228 1219
2229 1189
2230 1194
2231 1258
2232 1246
2233 1230
2234 1208
2235 1252
2236 1206
2237 1240
2238 1283
2239 1266
2240 1291
2241 1235
2242 1224
2243 1191
2244 1213
2245 1216
2246 1274
2247 1259
2248 1212
2249 1279
2250 1280
2251 1233
2252 1327
2253 1252
2254 1233
2255 1299
2256 1257
2257 1201
2258 1250
2259 1236
2260 1247
2261 1251
2262 1248
2263 1252
2264 1242
2265 1238
2266 1195
2267 1274
2268 1331
2269 1243
2270 1262
2271 1212
2272 1211
2273 1190
2274 1286
2275 1321
2276 1250
2277 1244
2278 1253
2279 1257
2280 1268
2281 1298
2282 1301
2283 1224
2284 1219
2285 1242
2286 1260
2287 1247
2288 1240
2289 1264
2290 1227
2291 1300
2292 1213
2293 1295
2294 1336
2295 1254
2296 1297
2297 1270
2298 1245
2299 1224
2300 1197
2301 1264
2302 1231
2303 1217
2304 1241
2305 1268
2306 1270
2307 1255
2308 1334
2309 1261
2310 1226
2311 1224
2312 1288
2313 1234
2314 1334
2315 1329
2316 1265
2317 1316
2318 1312
2319 1340
2320 1284
2321 1266
2322 1258
2323 1253
2324 1261
2325 1269
2326 1273
2327 1254
2328 1286
2329 1309
2330 1234
2331 1316
2332 1272
2333 1250
2334 1278
2335 1252
2336 1233
2337 1225
2338 1274
2339 1255
2340 1285
2341 1251
2342 1256
2343 1353
2344 1196
2345 1255
2346 1332
2347 1273
2348 1246
2349 1271
2350 1272
2351 1242
2352 1336
2353 1255
2354 1279
2355 1319
2356 1254
2357 1301
2358 1323
2359 1254
2360 1241
2361 1273
2362 1303
2363 1234
2364 1272
2365 1298
2366 1242
2367 1334
2368 1305
2369 1290
2370 1254
2371 1315
2372 1305
2373 1245
2374 1223
2375 1240
2376 1332
2377 1318
2378 1289
2379 1324
2380 1303
2381 1320
2382 1268
2383 1314
2384 1269
2385 1306
2386 1316
2387 1272
2388 1314
2389 1232
2390 1266
2391 1347
2392 1280
2393 1314
2394 1303
2395 1275
2396 1349
2397 1297
2398 1281
2399 1313
2400 1273
2401 1248
2402 1286
2403 1329
2404 1289
2405 1232
2406 1230
2407 1274
2408 1240
2409 1303
2410 1265
2411 1303
2412 1299
2413 1322
2414 1249
2415 1235
2416 1265
2417 1352
2418 1277
2419 1239
2420 1240
2421 1261
2422 1245
2423 1255
2424 1287
2425 1246
2426 1324
2427 1296
2428 1301
2429 1206
2430 1283
2431 1297
2432 1300
2433 1378
2434 1346
2435 1307
2436 1287
2437 1324
2438 1311
2439 1339
2440 1281
2441 1296
2442 1256
2443 1296
2444 1320
2445 1345
2446 1247
2447 1233
2448 1272
2449 1318
2450 1338
2451 1339
2452 1301
2453 1219
2454 1319
2455 1197
2456 1319
2457 1345
2458 1259
2459 1304
2460 1217
2461 1374
2462 1265
2463 1301
2464 1304
2465 1260
2466 1235
2467 1340
2468 1260
2469 1290
2470 1362
2471 1346
2472 1332
2473 1344
2474 1307
2475 1305
2476 1290
2477 1317
2478 1342
2479 1271
2480 1278
2481 1372
2482 1291
2483 1293
2484 1276
2485 1271
2486 1337
2487 1333
2488 1266
2489 1316
2490 1297
2491 1346
2492 1260
2493 1332
2494 1368
2495 1267
2496 1341
2497 1338
2498 1255
2499 1299
2500 1350
2501 1332
2502 1305
2503 1309
2504 1302
2505 1305
2506 1279
2507 1238
2508 1304
2509 1332
2510 1321
2511 1369
2512 1357
2513 1244
2514 1333
2515 1316
2516 1319
2517 1300
2518 1350
2519 1347
2520 1300
2521 1296
2522 1340
2523 1354
2524 1333
2525 1319
2526 1347
2527 1333
2528 1317
2529 1379
2530 1313
2531 1325
2532 1390
2533 1247
2534 1374
2535 1324
2536 1299
2537 1303
2538 1318
2539 1306
2540 1363
2541 1256
2542 1413
2543 1398
2544 1322
2545 1348
2546 1330
2547 1264
2548 1317
2549 1285
2550 1357
2551 1365
2552 1350
2553 1294
2554 1346
2555 1292
2556 1325
2557 1387
2558 1323
2559 1288
2560 1314
2561 1293
2562 1335
2563 1312
2564 1362
2565 1267
2566 1295
2567 1294
2568 1268
2569 1338
2570 1310
2571 1375
2572 1296
2573 1324
2574 1296
2575 1326
2576 1294
2577 1310
2578 1308
2579 1334
2580 1290
2581 1360
2582 1306
2583 1320
2584 1256
2585 1329
2586 1329
2587 1359
2588 1325
2589 1285
2590 1325
2591 1327
2592 1258
2593 1376
2594 1304
2595 1298
2596 1302
2597 1284
2598 1378
2599 1327
2600 1349
2601 1382
2602 1343
2603 1319
2604 1396
2605 1318
2606 1392
2607 1305
2608 1350
2609 1386
2610 1354
2611 1319
2612 1342
2613 1359
2614 1300
2615 1377
2616 1397
2617 1347
2618 1342
2619 1300
2620 1298
2621 1354
2622 1283
2623 1371
2624 1345
2625 1243
2626 1424
2627 1379
2628 1353
2629 1362
2630 1398
2631 1356
2632 1400
2633 1336
2634 1317
2635 1405
2636 1371
2637 1377
2638 1317
2639 1390
2640 1337
2641 1356
2642 1296
2643 1315
2644 1297
2645 1360
2646 1393
2647 1314
2648 1294
2649 1324
2650 1332
2651 1297
2652 1381
2653 1392
2654 1349
2655 1366
2656 1324
2657 1344
2658 1310
2659 1298
2660 1440
2661 1264
2662 1328
2663 1343
2664 1310
2665 1403
2666 1364
2667 1315
2668 1416
2669 1276
2670 1396
2671 1366
2672 1371
2673 1344
2674 1342
2675 1344
2676 1355
2677 1355
2678 1292
2679 1374
2680 1282
2681 1300
2682 1396
2683 1330
2684 1343
2685 1366
2686 1321
2687 1322
2688 1340
2689 1323
2690 1308
2691 1337
2692 1348
2693 1323
2694 1387
2695 1382
2696 1358
2697 1340
2698 1400
2699 1364
2700 1324
2701 1365
2702 1349
2703 1308
2704 1362
2705 1385
2706 1370
2707 1309
2708 1322
2709 1372
2710 1339
2711 1375
2712 1374
2713 1419
2714 1326
2715 1352
2716 1359
2717 1374
2718 1305
2719 1313
2720 1341
2721 1318
2722 1308
2723 1401
2724 1336
2725 1291
2726 1347
2727 1322
2728 1408
2729 1376
2730 1446
2731 1366
2732 1383
2733 1309
2734 1371
2735 1357
2736 1386
2737 1365
2738 1380
2739 1275
2740 1424
2741 1457
2742 1366
2743 1401
2744 1421
2745 1338
2746 1381
2747 1320
2748 1371
2749 1387
2750 1410
2751 1402
2752 1384
2753 1341
2754 1363
2755 1386
2756 1394
2757 1421
2758 1343
2759 1378
2760 1386
2761 1390
2762 1395
2763 1322
2764 1430
2765 1398
2766 1341
2767 1332
2768 1305
2769 1378
2770 1338
2771 1403
2772 1349
2773 1329
2774 1353
2775 1356
2776 1393
2777 1407
2778 1383
2779 1407
2780 1362
2781 1341
2782 1396
2783 1397
2784 1397
2785 1377
2786 1350
2787 1366
2788 1355
2789 1369
2790 1420
2791 1370
2792 1314
2793 1353
2794 1381
2795 1400
2796 1393
2797 1402
2798 1369
2799 1371
2800 1387
2801 1393
2802 1338
2803 1417
2804 1374
2805 1388
2806 1351
2807 1319
2808 1448
2809 1398
2810 1424
2811 1370
2812 1383
2813 1333
2814 1373
2815 1365
2816 1372
2817 1386
2818 1403
2819 1380
2820 1396
2821 1402
2822 1380
2823 1352
2824 1401
2825 1402
2826 1342
2827 1333
2828 1362
2829 1504
2830 1383
2831 1338
2832 1383
2833 1413
2834 1392
2835 1378
2836 1413
2837 1386
2838 1461
2839 1365
2840 1375
2841 1432
2842 1342
2843 1386
2844 1351
2845 1409
2846 1413
2847 1370
2848 1405
2849 1390
2850 1327
2851 1376
2852 1399
2853 1400
2854 1309
2855 1321
2856 1449
2857 1426
2858 1414
2859 1385
2860 1374
2861 1357
2862 1419
2863 1339
2864 1390
2865 1344
2866 1353
2867 1348
2868 1424
2869 1352
2870 1428
2871 1428
2872 1373
2873 1360
2874 1431
2875 1358
2876 1350
2877 1389
2878 1461
2879 1427
2880 1305
2881 1365
2882 1380
2883 1385
2884 1365
2885 1431
2886 1368
2887 1381
2888 1415
2889 1403
2890 1374
2891 1368
2892 1391
2893 1428
2894 1400
2895 1399
2896 1394
2897 1369
2898 1353
2899 1383
2900 1378
2901 1451
2902 1429
2903 1381
2904 1420
2905 1471
2906 1427
2907 1442
2908 1361
2909 1438
2910 1405
2911 1384
2912 1365
2913 1455
2914 1454
2915 1386
2916 1390
2917 1412
2918 1433
2919 1327
2920 1410
2921 1425
2922 1360
2923 1397
2924 1453
2925 1357
2926 1415
2927 1407
2928 1364
2929 1448
2930 1428
2931 1382
2932 1388
2933 1379
2934 1364
2935 1404
2936 1384
2937 1442
2938 1377
2939 1465
2940 1434
2941 1365
2942 1374
2943 1372
2944 1497
2945 1426
2946 1392
2947 1485
2948 1439
2949 1385
2950 1439
2951 1421
2952 1396
2953 1446
2954 1404
2955 1439
2956 1443
2957 1443
2958 1364
2959 1438
2960 1377
2961 1427
2962 1440
2963 1402
2964 1360
2965 1424
2966 1399
2967 1435
2968 1433
2969 1403
2970 1329
2971 1436
2972 1387
2973 1396
2974 1441
2975 1415
2976 1422
2977 1432
2978 1392
2979 1400
2980 1406
2981 1431
2982 1386
2983 1360
2984 1410
2985 1427
2986 1436
2987 1432
2988 1486
2989 1395
2990 1415
2991 1390
2992 1382
2993 1392
2994 1480
2995 1448
2996 1322
2997 1448
2998 1418
2999 1416
3000 1410
3001 1421
3002 1320
3003 1519
3004 1350
3005 1450
3006 1404
3007 1434
3008 1427
3009 1390
3010 1412
3011 1416
3012 1377
3013 1402
3014 1406
3015 1438
3016 1436
3017 1415
3018 1490
3019 1321
3020 1417
3021 1395
3022 1456
3023 1376
3024 1466
3025 1383
3026 1438
3027 1379
3028 1495
3029 1391
3030 1452
3031 1447
3032 1446
3033 1463
3034 1451
3035 1395
3036 1471
3037 1387
3038 1401
3039 1481
3040 1377
3041 1530
3042 1423
3043 1437
3044 1371
3045 1373
3046 1447
3047 1474
3048 1390
3049 1445
3050 1433
3051 1334
3052 1375
3053 1412
3054 1428
3055 1348
3056 1397
3057 1454
3058 1437
3059 1383
3060 1439
3061 1468
3062 1423
3063 1403
3064 1492
3065 1437
3066 1430
3067 1441
3068 1401
3069 1443
3070 1393
3071 1423
3072 1469
3073 1382
3074 1423
3075 1437
3076 1519
3077 1439
3078 1429
3079 1469
3080 1447
3081 1394
3082 1382
3083 1424
3084 1463
3085 1442
3086 1453
3087 1397
3088 1381
3089 1412
3090 1447
3091 1439
3092 1415
3093 1463
3094 1402
3095 1468
3096 1421
3097 1438
3098 1428
3099 1410
3100 1494
3101 1454
3102 1455
3103 1361
3104 1447
3105 1470
3106 1410
3107 1374
3108 1411
3109 1440
3110 1424
3111 1395
3112 1436
3113 1372
3114 1413
3115 1458
3116 1414
3117 1391
3118 1432
3119 1456
3120 1466
3121 1459
3122 1430
3123 1461
3124 1416
3125 1377
3126 1413
3127 1427
3128 1448
3129 1427
3130 1513
3131 1377
3132 1337
3133 1450
3134 1384
3135 1456
3136 1389
3137 1414
3138 1457
3139 1462
3140 1379
3141 1454
3142 1490
3143 1432
3144 1386
3145 1435
3146 1466
3147 1423
3148 1397
3149 1407
3150 1422
3151 1514
3152 1407
3153 1478
3154 1429
3155 1395
3156 1386
3157 1366
3158 1442
3159 1498
3160 1485
3161 1469
3162 1400
3163 1456
3164 1421
3165 1441
3166 1435
3167 1407
3168 1428
3169 1397
3170 1428
3171 1471
3172 1478
3173 1363
3174 1501
3175 1417
3176 1497
3177 1412
3178 1423
3179 1455
3180 1455
3181 1470
3182 1411
3183 1459
3184 1410
3185 1483
3186 1470
3187 1429
3188 1494
3189 1408
3190 1481
3191 1408
3192 1496
3193 1445
3194 1513
3195 1454
3196 1443
3197 1495
3198 1449
3199 1383
3200 1389
3201 1519
3202 1429
3203 1397
3204 1463
3205 1478
3206 1447
3207 1424
3208 1472
3209 1424
3210 1452
3211 1436
3212 1413
3213 1432
3214 1456
3215 1450
3216 1428
3217 1470
3218 1475
3219 1429
3220 1442
3221 1449
3222 1513
3223 1522
3224 1447
3225 1410
3226 1436
3227 1505
3228 1395
3229 1479
3230 1448
3231 1481
3232 1406
3233 1486
3234 1383
3235 1437
3236 1501
3237 1503
3238 1481
3239 1434
3240 1428
3241 1518
3242 1392
3243 1408
3244 1503
3245 1432
3246 1411
3247 1441
3248 1515
3249 1373
3250 1483
3251 1372
3252 1444
3253 1532
3254 1441
3255 1490
3256 1417
3257 1450
3258 1448
3259 1467
3260 1449
3261 1480
3262 1397
3263 1518
3264 1481
3265 1525
3266 1454
3267 1546
3268 1430
3269 1514
3270 1396
3271 1450
3272 1441
3273 1451
3274 1414
3275 1434
3276 1466
3277 1392
3278 1403
3279 1484
3280 1511
3281 1510
3282 1449
3283 1450
3284 1451
3285 1466
3286 1397
3287 1455
3288 1456
3289 1442
3290 1428
3291 1391
3292 1457
3293 1438
3294 1441
3295 1541
3296 1532
3297 1533
3298 1450
3299 1511
3300 1457
3301 1415
3302 1512
3303 1455
3304 1440
3305 1400
3306 1396
3307 1519
3308 1472
3309 1452
3310 1457
3311 1411
3312 1448
3313 1469
3314 1472
3315 1497
3316 1476
3317 1432
3318 1506
3319 1475
3320 1476
3321 1412
3322 1522
3323 1462
3324 1416
3325 1476
3326 1487
3327 1449
3328 1440
3329 1503
3330 1477
3331 1449
3332 1534
3333 1479
3334 1461
3335 1421
3336 1436
3337 1524
3338 1510
3339 1554
3340 1465
3341 1499
3342 1449
3343 1475
3344 1530
3345 1437
3346 1499
3347 1482
3348 1455
3349 1472
3350 1519
3351 1464
3352 1490
3353 1524
3354 1495
3355 1470
3356 1472
3357 1495
3358 1438
3359 1516
3360 1405
3361 1379
3362 1364
3363 1477
3364 1486
3365 1454
3366 1484
3367 1443
3368 1510
3369 1481
3370 1490
3371 1495
3372 1501
3373 1495
3374 1439
3375 1506
3376 1454
3377 1559
3378 1425
3379 1484
3380 1463
3381 1413
3382 1488
3383 1475
3384 1469
3385 1524
3386 1424
3387 1477
3388 1494
3389 1478
3390 1451
3391 1514
3392 1527
3393 1449
3394 1426
3395 1511
3396 1461
3397 1477
3398 1442
3399 1501
3400 1522
3401 1517
3402 1480
3403 1462
3404 1495
3405 1463
3406 1452
3407 1465
3408 1435
3409 1547
3410 1520
3411 1442
3412 1482
3413 1452
3414 1453
3415 1447
3416 1442
3417 1414
3418 1449
3419 1480
3420 1501
3421 1537
3422 1449
3423 1489
3424 1479
3425 1456
3426 1462
3427 1462
3428 1524
3429 1453
3430 1481
3431 1483
3432 1469
3433 1499
3434 1459
3435 1523
3436 1557
3437 1502
3438 1562
3439 1438
3440 1447
3441 1511
3442 1490
3443 1479
3444 1447
3445 1394
3446 1393
3447 1507
3448 1454
3449 1454
3450 1407
3451 1447
3452 1431
3453 1440
3454 1441
3455 1468
3456 1446
3457 1545
3458 1475
3459 1582
3460 1496
3461 1553
3462 1489
3463 1474
3464 1549
3465 1470
3466 1532
3467 1493
3468 1474
3469 1513
3470 1492
3471 1481
3472 1475
3473 1419
3474 1459
3475 1521
3476 1511
3477 1524
3478 1459
3479 1460
3480 1444
3481 1430
3482 1532
3483 1495
3484 1493
3485 1528
3486 1489
3487 1458
3488 1485
3489 1489
3490 1560
3491 1454
3492 1477
3493 1521
3494 1497
3495 1537
3496 1581
3497 1497
3498 1449
3499 1459
3500 1448
3501 1447
3502 1520
3503 1549
3504 1512
3505 1496
3506 1521
3507 1438
3508 1531
3509 1512
3510 1440
3511 1491
3512 1420
3513 1456
3514 1494
3515 1448
3516 1494
3517 1458
3518 1461
3519 1433
3520 1478
3521 1503
3522 1432
3523 1481
3524 1433
3525 1483
3526 1428
3527 1444
3528 1489
3529 1477
3530 1465
3531 1405
3532 1457
3533 1483
3534 1407
3535 1396
3536 1442
3537 1472
3538 1433
3539 1454
3540 1468
3541 1397
3542 1469
3543 1512
3544 1392
3545 1488
3546 1406
3547 1439
3548 1449
3549 1467
3550 1450
3551 1487
3552 1429
3553 1438
3554 1469
3555 1380
3556 1458
3557 1418
3558 1381
3559 1425
3560 1481
3561 1339
3562 1446
3563 1422
3564 1377
3565 1363
3566 1477
3567 1387
3568 1372
3569 1396
3570 1409
3571 1420
3572 1392
3573 1424
3574 1340
3575 1408
3576 1415
3577 1370
3578 1489
3579 1423
3580 1365
3581 1370
3582 1370
3583 1453
3584 1398
3585 1378
3586 1405
3587 1420
3588 1420
3589 1377
3590 1451
3591 1365
3592 1408
3593 1399
3594 1388
3595 1322
3596 1435
3597 1396
3598 1380
3599 1358
3600 1340
3601 1348
3602 1373
3603 1341
3604 1406
3605 1376
3606 1399
3607 1378
3608 1308
3609 1417
3610 1397
3611 1376
3612 1393
3613 1401
3614 1373
3615 1411
3616 1343
3617 1354
3618 1331
3619 1327
3620 1382
3621 1336
3622 1436
3623 1384
3624 1354
3625 1448
3626 1350
3627 1430
3628 1281
3629 1374
3630 1336
3631 1306
3632 1351
3633 1294
3634 1357
3635 1325
3636 1347
3637 1394
3638 1385
3639 1447
3640 1340
3641 1345
3642 1320
3643 1372
3644 1340
3645 1375
3646 1316
3647 1322
3648 1333
3649 1397
3650 1340
3651 1381
3652 1326
3653 1325
3654 1318
3655 1381
3656 1361
3657 1300
3658 1289
3659 1298
3660 1377
3661 1382
3662 1353
3663 1332
3664 1294
3665 1301
3666 1312
3667 1301
3668 1247
3669 1270
3670 1322
3671 1307
3672 1385
3673 1317
3674 1299
3675 1346
3676 1286
3677 1330
3678 1276
3679 1330
3680 1294
3681 1263
3682 1297
3683 1267
3684 1302
3685 1365
3686 1275
3687 1327
3688 1260
3689 1270
3690 1307
3691 1330
3692 1270
3693 1237
3694 1307
3695 1281
3696 1333
3697 1268
3698 1310
3699 1235
3700 1264
3701 1271
3702 1265
3703 1279
3704 1267
3705 1252
3706 1208
3707 1260
3708 1225
3709 1246
3710 1263
3711 1295
3712 1235
3713 1200
3714 1321
3715 1299
3716 1260
3717 1284
3718 1301
3719 1265
3720 1214
3721 1242
3722 1264
3723 1238
3724 1292
3725 1279
3726 1318
3727 1326
3728 1286
3729 1223
3730 1299
3731 1274
3732 1231
3733 1272
3734 1245
3735 1189
3736 1157
3737 1266
3738 1222
3739 1196
3740 1224
3741 1276
3742 1284
3743 1283
3744 1238
3745 1257
3746 1221
3747 1279
3748 1237
3749 1251
3750 1274
3751 1246
3752 1209
3753 1273
3754 1186
3755 1229
3756 1201
3757 1244
3758 1210
3759 1221
3760 1228
3761 1264
3762 1243
3763 1184
3764 1202
3765 1224
3766 1241
3767 1184
3768 1141
3769 1218
3770 1222
3771 1220
3772 1211
3773 1220
3774 1241
3775 1193
3776 1213
3777 1185
3778 1199
3779 1227
3780 1131
3781 1248
3782 1253
3783 1189
3784 1175
3785 1172
3786 1212
3787 1127
3788 1224
3789 1164
3790 1277
3791 1252
3792 1230
3793 1158
3794 1206
3795 1250
3796 1185
3797 1156
3798 1197
3799 1195
3800 1234
3801 1195
3802 1250
3803 1164
3804 1179
3805 1211
3806 1184
3807 1209
3808 1213
3809 1185
3810 1286
3811 1199
3812 1190
3813 1181
3814 1162
3815 1141
3816 1149
3817 1211
3818 1207
3819 1203
3820 1207
3821 1100
3822 1178
3823 1190
3824 1207
3825 1204
3826 1161
3827 1144
3828 1197
3829 1234
3830 1195
3831 1146
3832 1178
3833 1206
3834 1192
3835 1220
3836 1155
3837 1152
3838 1126
3839 1176
3840 1133
3841 1203
3842 1193
3843 1156
3844 1176
3845 1104
3846 1124
3847 1168
3848 1131
3849 1172
3850 1184
3851 1115
3852 1179
3853 1150
3854 1108
3855 1160
3856 1188
3857 1146
3858 1135
3859 1205
3860 1097
3861 1144
3862 1137
3863 1118
3864 1163
3865 1130
3866 1212
3867 1081
3868 1106
3869 1131
3870 1167
3871 1163
3872 1126
3873 1128
3874 1092
3875 1152
3876 1141
3877 1138
3878 1104
3879 1137
3880 1148
3881 1149
3882 1149
3883 1154
3884 1146
3885 1138
3886 1107
3887 1147
3888 1148
3889 1187
3890 1159
3891 1150
3892 1076
3893 1127
3894 1172
3895 1097
3896 1113
3897 1174
3898 1146
3899 1166
3900 1049
3901 1140
3902 1136
3903 1110
3904 1141
3905 1110
3906 1120
3907 1108
3908 1036
3909 1148
3910 1115
3911 1073
3912 1100
3913 1118
3914 1129
3915 1059
3916 1214
3917 1171
3918 1068
3919 1090
3920 1085
3921 1046
3922 1054
3923 1139
3924 1151
3925 1110
3926 1128
3927 1094
3928 1130
3929 1153
3930 1088
3931 1145
3932 1081
3933 1076
3934 1127
3935 1125
3936 1101
3937 1073
3938 1120
3939 1125
3940 1101
3941 1084
3942 1083
3943 1110
3944 1062
3945 1059
3946 1088
3947 1083
3948 1103
3949 994
3950 1061
3951 1069
3952 1088
3953 1036
3954 1102
3955 1063
3956 1080
3957 1084
3958 1073
3959 1091
3960 1076
3961 1085
3962 1097
3963 1093
3964 1097
3965 1041
3966 1107
3967 1048
3968 1005
3969 1036
3970 1121
3971 1072
3972 1111
3973 1068
3974 1076
3975 1070
3976 1054
3977 1098
3978 1076
3979 1069
3980 1041
3981 1024
3982 1059
3983 1061
3984 1052
3985 1033
3986 1016
3987 1078
3988 1047
3989 1047
3990 1057
3991 1038
3992 1041
3993 1106
3994 1076
3995 1061
3996 1077
3997 1054
3998 1046
3999 1046
4000 1089
4001 1031
4002 1078
4003 1073
4004 1040
4005 1069
4006 1055
4007 1041
4008 1043
4009 996
4010 1040
4011 1047
4012 1085
4013 1022
4014 1023
4015 1021
4016 992
4017 993
4018 993
4019 1053
4020 1011
4021 1039
4022 1028
4023 1029
4024 1112
4025 986
4026 1037
4027 1028
4028 1073
4029 1004
4030 987
4031 1048
4032 1051
4033 1110
4034 1017
4035 1015
4036 976
4037 1019
4038 1008
4039 1038
4040 1032
4041 982
4042 986
4043 1009
4044 1005
4045 1058
4046 1007
4047 1058
4048 1040
4049 1099
4050 1017
4051 1063
4052 1046
4053 982
4054 1057
4055 1035
4056 1071
4057 1052
4058 1026
4059 1084
4060 991
4061 956
4062 940
4063 1032
4064 1030
4065 1048
4066 1037
4067 1005
4068 1046
4069 1039
4070 989
4071 965
4072 1018
4073 988
4074 1026
4075 967
4076 971
4077 935
4078 995
4079 976
4080 973
4081 1007
4082 1055
4083 1080
4084 981
4085 997
4086 1026
4087 1022
4088 960
4089 1049
4090 984
4091 1017
4092 1037
4093 981
4094 984
4095 988
4096 1002
4097 1007
4098 985
4099 995
4100 982
4101 1012
4102 980
4103 1019
4104 1008
4105 921
4106 946
4107 1002
4108 984
4109 991
4110 936
4111 1020
4112 962
4113 986
4114 947
4115 980
4116 982
4117 992
4118 926
4119 1021
4120 951
4121 964
4122 985
4123 955
4124 1022
4125 980
4126 995
4127 927
4128 995
4129 971
4130 953
4131 965
4132 898
4133 985
4134 923
4135 957
4136 1022
4137 966
4138 964
4139 956
4140 932
4141 948
4142 976
4143 980
4144 1023
4145 973
4146 950
4147 907
4148 1060
4149 977
4150 1011
4151 895
4152 962
4153 970
4154 924
4155 956
4156 918
4157 942
4158 946
4159 935
4160 944
4161 918
4162 1017
4163 922
4164 910
4165 937
4166 1005
4167 1019
4168 920
4169 932
4170 926
4171 992
4172 996
4173 961
4174 959
4175 965
4176 902
4177 928
4178 928
4179 942
4180 935
4181 950
4182 936
4183 917
4184 979
4185 878
4186 1001
4187 903
4188 889
4189 936
4190 925
4191 949
4192 908
4193 913
4194 927
4195 911
4196 926
4197 915
4198 939
4199 975
4200 927
4201 968
4202 928
4203 908
4204 933
4205 901
4206 918
4207 945
4208 903
4209 922
4210 903
4211 994
4212 995
4213 902
4214 905
4215 926
4216 904
4217 944
4218 910
4219 893
4220 893
4221 913
4222 918
4223 914
4224 961
4225 918
4226 947
4227 955
4228 944
4229 909
4230 926
4231 903
4232 907
4233 921
4234 908
4235 916
4236 963
4237 956
4238 920
4239 892
4240 923
4241 877
4242 876
4243 880
4244 917
4245 916
4246 932
4247 917
4248 911
4249 938
4250 890
4251 901
4252 908
4253 849
4254 890
4255 918
4256 898
4257 866
4258 897
4259 898
4260 843
4261 904
4262 882
4263 889
4264 896
4265 862
4266 915
4267 894
4268 917
4269 897
4270 933
4271 836
4272 850
4273 892
4274 899
4275 900
4276 925
4277 894
4278 864
4279 856
4280 904
4281 852
4282 855
4283 880
4284 927
4285 850
4286 967
4287 875
4288 937
4289 863
4290 934
4291 880
4292 858
4293 887
4294 878
4295 878
4296 856
4297 896
4298 870
4299 840
4300 919
4301 867
4302 870
4303 889
4304 902
4305 976
4306 908
4307 854
4308 902
4309 871
4310 933
4311 868
4312 868
4313 949
4314 882
4315 920
4316 867
4317 856
4318 880
4319 891
4320 882
4321 884
4322 876
4323 927
4324 843
4325 852
4326 858
4327 881
4328 843
4329 841
4330 821
4331 845
4332 898
4333 915
4334 869
4335 890
4336 859
4337 890
4338 818
4339 863
4340 870
4341 895
4342 883
4343 880
4344 833
4345 848
4346 878
4347 859
4348 874
4349 832
4350 868
4351 859
4352 863
4353 867
4354 852
4355 919
4356 822
4357 845
4358 878
4359 852
4360 829
4361 823
4362 819
4363 777
4364 881
4365 894
4366 854
4367 876
4368 797
4369 855
4370 836
4371 848
4372 826
4373 820
4374 807
4375 781
4376 803
4377 813
4378 891
4379 828
4380 925
4381 801
4382 891
4383 863
4384 839
4385 838
4386 847
4387 904
4388 835
4389 772
4390 844
4391 851
4392 872
4393 812
4394 774
4395 855
4396 857
4397 805
4398 855
4399 842
4400 810
4401 791
4402 814
4403 837
4404 796
4405 857
4406 805
4407 806
4408 854
4409 806
4410 842
4411 825
4412 816
4413 839
4414 857
4415 835
4416 873
4417 846
4418 792
4419 841
4420 778
4421 789
4422 787
4423 853
4424 878
4425 840
4426 834
4427 883
4428 834
4429 820
4430 832
4431 814
4432 832
4433 787
4434 810
4435 819
4436 789
4437 760
4438 887
4439 847
4440 840
4441 805
4442 765
4443 869
4444 804
4445 835
4446 784
4447 824
4448 808
4449 805
4450 825
4451 766
4452 770
4453 773
4454 845
4455 793
4456 800
4457 789
4458 806
4459 769
4460 871
4461 831
4462 751
4463 825
4464 796
4465 813
4466 831
4467 809
4468 811
4469 809
4470 767
4471 766
4472 763
4473 793
4474 795
4475 791
4476 829
4477 810
4478 831
4479 824
4480 794
4481 771
4482 828
4483 793
4484 794
4485 794
4486 788
4487 811
4488 820
4489 811
4490 758
4491 743
4492 832
4493 862
4494 818
4495 790
4496 799
4497 821
4498 857
4499 821
4500 791
4501 786
4502 829
4503 758
4504 773
4505 786
4506 771
4507 810
4508 807
4509 761
4510 742
4511 747
4512 786
4513 769
4514 743
4515 812
4516 783
4517 789
4518 758
4519 803
4520 780
4521 798
4522 772
4523 837
4524 826
4525 753
4526 782
4527 744
4528 771
4529 823
4530 788
4531 769
4532 796
4533 819
4534 786
4535 779
4536 757
4537 806
4538 775
4539 758
4540 766
4541 797
4542 796
4543 768
4544 776
4545 786
4546 769
4547 741
4548 791
4549 764
4550 767
4551 727
4552 781
4553 826
4554 801
4555 781
4556 771
4557 778
4558 808
4559 755
4560 749
4561 785
4562 782
4563 758
4564 709
4565 795
4566 751
4567 764
4568 780
4569 728
4570 748
4571 729
4572 728
4573 751
4574 756
4575 821
4576 765
4577 714
4578 776
4579 736
4580 705
4581 776
4582 755
4583 750
4584 789
4585 731
4586 721
4587 785
4588 792
4589 759
4590 758
4591 744
4592 804
4593 767
4594 748
4595 791
4596 762
4597 747
4598 755
4599 783
4600 755
4601 716
4602 708
4603 740
4604 746
4605 732
4606 719
4607 749
4608 735
4609 743
4610 803
4611 741
4612 765
4613 793
4614 753
4615 717
4616 736
4617 752
4618 723
4619 720
4620 775
4621 763
4622 772
4623 755
4624 712
4625 741
4626 740
4627 664
4628 777
4629 741
4630 749
4631 775
4632 713
4633 667
4634 752
4635 755
4636 755
4637 725
4638 762
4639 735
4640 698
4641 724
4642 765
4643 761
4644 746
4645 758
4646 695
4647 694
4648 757
4649 759
4650 720
4651 727
4652 709
4653 686
4654 723
4655 716
4656 763
4657 699
4658 739
4659 732
4660 769
4661 756
4662 741
4663 728
4664 724
4665 737
4666 820
4667 733
4668 681
4669 744
4670 700
4671 764
4672 747
4673 731
4674 677
4675 733
4676 762
4677 718
4678 708
4679 710
4680 749
4681 743
4682 728
4683 754
4684 700
4685 707
4686 658
4687 694
4688 673
4689 735
4690 712
4691 727
4692 728
4693 708
4694 699
4695 725
4696 695
4697 681
4698 725
4699 709
4700 716
4701 740
4702 661
4703 739
4704 707
4705 738
4706 750
4707 721
4708 684
4709 772
4710 689
4711 735
4712 647
4713 693
4714 753
4715 708
4716 741
4717 701
4718 722
4719 735
4720 682
4721 708
4722 701
4723 721
4724 721
4725 745
4726 720
4727 751
4728 710
4729 706
4730 709
4731 688
4732 711
4733 731
4734 671
4735 723
4736 735
4737 696
4738 710
4739 662
4740 694
4741 753
4742 652
4743 689
4744 693
4745 694
4746 684
4747 699
4748 706
4749 667
4750 717
4751 676
4752 716
4753 717
4754 707
4755 699
4756 713
4757 739
4758 682
4759 728
4760 736
4761 716
4762 685
4763 655
4764 656
4765 729
4766 684
4767 699
4768 713
4769 671
4770 627
4771 722
4772 699
4773 665
4774 705
4775 672
4776 659
4777 671
4778 667
4779 710
4780 717
4781 721
4782 721
4783 716
4784 694
4785 709
4786 677
4787 714
4788 677
4789 732
4790 669
4791 688
4792 748
4793 681
4794 723
4795 652
4796 700
4797 685
4798 739
4799 708
4800 657
4801 699
4802 673
4803 673
4804 678
4805 743
4806 697
4807 702
4808 674
4809 692
4810 688
4811 714
4812 673
4813 653
4814 758
4815 645
4816 690
4817 687
4818 665
4819 706
4820 659
4821 703
4822 698
4823 668
4824 655
4825 685
4826 687
4827 674
4828 686
4829 717
4830 713
4831 666
4832 680
4833 700
4834 669
4835 689
4836 650
4837 673
4838 683
4839 718
4840 726
4841 689
4842 664
4843 686
4844 706
4845 676
4846 632
4847 685
4848 680
4849 689
4850 679
4851 684
4852 680
4853 668
4854 649
4855 661
4856 680
4857 662
4858 667
4859 632
4860 680
4861 618
4862 645
4863 654
4864 682
4865 685
4866 644
4867 660
4868 650
4869 664
4870 663
4871 656
4872 666
4873 679
4874 673
4875 692
4876 672
4877 715
4878 671
4879 707
4880 636
4881 656
4882 655
4883 722
4884 651
4885 663
4886 674
4887 645
4888 743
4889 665
4890 652
4891 661
4892 618
4893 661
4894 669
4895 657
4896 668
4897 657
4898 620
4899 643
4900 662
4901 647
4902 649
4903 669
4904 631
4905 621
4906 621
4907 641
4908 672
4909 613
4910 648
4911 661
4912 691
4913 661
4914 661
4915 654
4916 704
4917 645
4918 649
4919 645
4920 657
4921 677
4922 607
4923 650
4924 627
4925 642
4926 662
4927 681
4928 707
4929 658
4930 650
4931 644
4932 654
4933 677
4934 651
4935 673
4936 647
4937 630
4938 669
4939 635
4940 643
4941 666
4942 662
4943 666
4944 653
4945 652
4946 676
4947 685
4948 617
4949 646
4950 685
4951 676
4952 676
4953 613
4954 654
4955 660
4956 654
4957 657
4958 659
4959 673
4960 592
4961 609
4962 653
4963 678
4964 591
4965 660
4966 613
4967 643
4968 612
4969 642
4970 685
4971 634
4972 618
4973 647
4974 642
4975 634
4976 639
4977 662
4978 674
4979 657
4980 679
4981 656
4982 657
4983 655
4984 639
4985 663
4986 637
4987 663
4988 639
4989 632
4990 629
4991 629
4992 656
4993 669
4994 599
4995 659
4996 622
4997 655
4998 641
4999 634
5000 630
5001 596
5002 661
5003 649
5004 620
5005 623
5006 613
5007 668
5008 601
5009 626
5010 600
5011 625
5012 633
5013 650
5014 597
5015 682
5016 592
5017 648
5018 658
5019 653
5020 611
5021 635
5022 615
5023 672
5024 638
5025 612
5026 611
5027 672
5028 626
5029 639
5030 619
5031 626
5032 635
5033 657
5034 662
5035 619
5036 661
5037 617
5038 617
5039 588
5040 634
5041 632
5042 639
5043 613
5044 610
5045 631
5046 648
5047 659
5048 620
5049 614
5050 634
5051 649
5052 629
5053 623
5054 618
5055 621
5056 641
5057 621
5058 618
5059 607
5060 631
5061 634
5062 688
5063 613
5064 641
5065 636
5066 619
5067 647
5068 600
5069 642
5070 610
5071 632
5072 600
5073 629
5074 621
5075 603
5076 568
5077 648
5078 635
5079 598
5080 610
5081 671
5082 620
5083 606
5084 612
5085 632
5086 608
5087 604
5088 627
5089 599
5090 625
5091 579
5092 594
5093 631
5094 587
5095 612
5096 619
5097 609
5098 637
5099 644
5100 609
5101 619
5102 603
5103 606
5104 615
5105 609
5106 634
5107 594
5108 626
5109 621
5110 649
5111 593
5112 638
5113 589
5114 627
5115 630
5116 596
5117 591
5118 607
5119 607
5120 643
5121 603
5122 631
5123 610
5124 559
5125 610
5126 636
5127 606
5128 617
5129 576
5130 600
5131 618
5132 643
5133 652
5134 626
5135 616
5136 603
5137 617
5138 601
5139 598
5140 614
5141 592
5142 636
5143 614
5144 639
5145 581
5146 581
5147 559
5148 568
5149 638
5150 623
5151 651
5152 605
5153 612
5154 601
5155 590
5156 606
5157 561
5158 613
5159 615
5160 643
5161 589
5162 600
5163 609
5164 584
5165 637
5166 613
5167 580
5168 588
5169 598
5170 580
5171 638
5172 602
5173 588
5174 615
5175 628
5176 623
5177 609
5178 576
5179 618
5180 588
5181 589
5182 634
5183 577
5184 589
5185 613
5186 639
5187 586
5188 613
5189 617
5190 592
5191 577
5192 556
5193 624
5194 600
5195 583
5196 593
5197 605
5198 599
5199 565
5200 580
5201 562
5202 562
5203 597
5204 585
5205 549
5206 579
5207 604
5208 596
5209 629
5210 610
5211 568
5212 597
5213 610
5214 598
5215 586
5216 575
5217 595
5218 587
5219 572
5220 605
5221 566
5222 540
5223 612
5224 602
5225 556
5226 563
5227 563
5228 564
5229 545
5230 560
5231 550
5232 640
5233 579
5234 575
5235 577
5236 567
5237 556
5238 545
5239 599
5240 612
5241 608
5242 552
5243 580
5244 626
5245 591
5246 585
5247 591
5248 536
5249 550
5250 589
5251 546
5252 582
5253 612
5254 609
5255 563
5256 622
5257 532
5258 590
5259 549
5260 549
5261 593
5262 594
5263 627
5264 568
5265 573
5266 605
5267 624
5268 588
5269 578
5270 576
5271 531
5272 639
5273 532
5274 549
5275 609
5276 606
5277 542
5278 592
5279 560
5280 583
5281 564
5282 556
5283 588
5284 567
5285 541
5286 562
5287 584
5288 585
5289 634
5290 600
5291 581
5292 581
5293 581
5294 541
5295 590
5296 607
5297 541
5298 547
5299 557
5300 560
5301 585
5302 602
5303 602
5304 561
5305 526
5306 570
5307 575
5308 562
5309 604
5310 537
5311 535
5312 558
5313 537
5314 582
5315 580
5316 581
5317 534
5318 544
5319 588
5320 551
5321 550
5322 601
5323 542
5324 627
5325 548
5326 578
5327 543
5328 595
5329 553
5330 538
5331 565
5332 579
5333 574
5334 601
5335 561
5336 560
5337 602
5338 524
5339 609
5340 557
5341 555
5342 583
5343 625
5344 535
5345 551
5346 559
5347 545
5348 593
5349 564
5350 565
5351 588
5352 539
5353 596
5354 529
5355 533
5356 554
5357 579
5358 554
5359 561
5360 519
5361 540
5362 504
5363 536
5364 585
5365 577
5366 584
5367 564
5368 534
5369 588
5370 525
5371 548
5372 540
5373 528
5374 574
5375 554
5376 603
5377 558
5378 546
5379 529
5380 523
5381 581
5382 515
5383 542
5384 530
5385 511
5386 581
5387 547
5388 571
5389 556
5390 599
5391 532
5392 533
5393 567
5394 581
5395 561
5396 543
5397 568
5398 540
5399 559
5400 568
5401 505
5402 539
5403 546
5404 540
5405 521
5406 545
5407 583
5408 557
5409 546
5410 574
5411 542
5412 542
5413 554
5414 565
5415 576
5416 541
5417 559
5418 511
5419 556
5420 546
5421 571
5422 624
5423 486
5424 524
5425 546
5426 518
5427 579
5428 533
5429 583
5430 551
5431 542
5432 547
5433 576
5434 552
5435 540
5436 528
5437 535
5438 558
5439 558
5440 538
5441 539
5442 580
5443 545
5444 545
5445 539
5446 557
5447 571
5448 568
5449 528
5450 547
5451 513
5452 551
5453 522
5454 567
5455 557
5456 526
5457 539
5458 563
5459 557
5460 532
5461 548
5462 537
5463 544
5464 534
5465 557
5466 561
5467 495
5468 527
5469 541
5470 533
5471 565
5472 509
5473 534
5474 577
5475 511
5476 579
5477 554
5478 511
5479 523
5480 550
5481 529
5482 567
5483 510
5484 494
5485 528
5486 508
5487 548
5488 534
5489 585
5490 550
5491 538
5492 516
5493 552
5494 527
5495 511
5496 541
5497 530
5498 519
5499 554
5500 540
5501 519
5502 510
5503 537
5504 501
5505 546
5506 504
5507 524
5508 574
5509 533
5510 556
5511 566
5512 566
5513 551
5514 555
5515 564
5516 515
5517 569
5518 530
5519 543
5520 540
5521 500
5522 528
5523 582
5524 513
5525 556
5526 505
5527 534
5528 515
5529 535
5530 546
5531 561
5532 526
5533 574
5534 519
5535 513
5536 525
5537 529
5538 529
5539 557
5540 519
5541 514
5542 532
5543 531
5544 560
5545 493
5546 495
5547 547
5548 539
5549 546
5550 481
5551 526
5552 520
5553 530
5554 515
5555 483
5556 518
5557 511
5558 547
5559 548
5560 553
5561 516
5562 553
5563 504
5564 536
5565 509
5566 538
5567 527
5568 535
5569 563
5570 539
5571 507
5572 511
5573 553
5574 487
5575 551
5576 528
5577 519
5578 510
5579 527
5580 580
5581 599
5582 524
5583 490
5584 506
5585 510
5586 536
5587 527
5588 507
5589 528
5590 509
5591 493
5592 516
5593 533
5594 542
5595 527
5596 504
5597 526
5598 520
5599 514
5600 527
5601 478
5602 532
5603 472
5604 511
5605 514
5606 528
5607 557
5608 483
5609 508
5610 536
5611 499
5612 475
5613 536
5614 531
5615 549
5616 504
5617 522
5618 518
5619 546
5620 557
5621 492
5622 509
5623 510
5624 529
5625 510
5626 525
5627 567
5628 544
5629 536
5630 509
5631 514
5632 506
5633 532
5634 517
5635 490
5636 488
5637 515
5638 531
5639 523
5640 500
5641 530
5642 514
5643 494
5644 503
5645 519
5646 479
5647 530
5648 531
5649 503
5650 495
5651 476
5652 574
5653 535
5654 499
5655 523
5656 512
5657 511
5658 490
5659 492
5660 501
5661 561
5662 493
5663 503
5664 490
5665 501
5666 530
5667 500
5668 558
5669 541
5670 527
5671 486
5672 539
5673 501
5674 493
5675 519
5676 492
5677 512
5678 528
5679 522
5680 495
5681 541
5682 529
5683 510
5684 506
5685 520
5686 507
5687 496
5688 523
5689 504
5690 482
5691 488
5692 535
5693 518
5694 550
5695 521
5696 512
5697 496
5698 518
5699 499
5700 526
5701 492
5702 518
5703 470
5704 516
5705 528
5706 491
5707 473
5708 521
5709 502
5710 503
5711 521
5712 522
5713 518
5714 514
5715 493
5716 477
5717 501
5718 493
5719 523
5720 540
5721 503
5722 515
5723 473
5724 492
5725 513
5726 485
5727 493
5728 484
5729 472
5730 496
5731 484
5732 455
5733 538
5734 538
5735 531
5736 466
5737 512
5738 495
5739 470
5740 506
5741 488
5742 498
5743 532
5744 440
5745 500
5746 502
5747 491
5748 492
5749 518
5750 551
5751 529
5752 488
5753 509
5754 549
5755 496
5756 516
5757 480
5758 536
5759 501
5760 503
5761 481
5762 444
5763 510
5764 473
5765 491
5766 544
5767 503
5768 511
5769 494
5770 513
5771 467
5772 507
5773 469
5774 482
5775 532
5776 488
5777 504
5778 526
5779 505
5780 504
5781 474
5782 490
5783 506
5784 524
5785 509
5786 505
5787 477
5788 483
5789 517
5790 484
5791 474
5792 514
5793 455
5794 486
5795 505
5796 490
5797 542
5798 473
5799 490
5800 497
5801 496
5802 502
5803 462
5804 465
5805 505
5806 513
5807 504
5808 467
5809 498
5810 520
5811 461
5812 543
5813 438
5814 519
5815 509
5816 488
5817 526
5818 506
5819 490
5820 535
5821 527
5822 513
5823 512
5824 466
5825 515
5826 512
5827 513
5828 509
5829 518
5830 479
5831 497
5832 477
5833 492
5834 494
5835 519
5836 525
5837 495
5838 419
5839 460
5840 492
5841 451
5842 493
5843 507
5844 490
5845 477
5846 499
5847 514
5848 455
5849 498
5850 532
5851 510
5852 521
5853 514
5854 480
5855 518
5856 468
5857 477
5858 525
5859 484
5860 484
5861 490
5862 466
5863 497
5864 477
5865 511
5866 484
5867 452
5868 486
5869 479
5870 493
5871 457
5872 511
5873 508
5874 517
5875 490
5876 498
5877 480
5878 506
5879 517
5880 459
5881 502
5882 470
5883 459
5884 459
5885 508
5886 507
5887 472
5888 491
5889 490
5890 514
5891 521
5892 499
5893 526
5894 489
5895 513
5896 450
5897 489
5898 463
5899 475
5900 461
5901 475
5902 463
5903 477
5904 507
5905 475
5906 508
5907 457
5908 477
5909 489
5910 491
5911 432
5912 463
5913 455
5914 443
5915 494
5916 491
5917 478
5918 485
5919 452
5920 490
5921 495
5922 509
5923 463
5924 511
5925 480
5926 514
5927 503
5928 476
5929 443
5930 500
5931 490
5932 484
5933 462
5934 451
5935 459
5936 501
5937 464
5938 466
5939 501
5940 440
5941 466
5942 466
5943 511
5944 468
5945 474
5946 475
5947 490
5948 447
5949 421
5950 480
5951 447
5952 474
5953 473
5954 482
5955 459
5956 477
5957 481
5958 484
5959 461
5960 444
5961 496
5962 449
5963 454
5964 506
5965 452
5966 482
5967 482
5968 500
5969 498
5970 469
5971 477
5972 454
5973 478
5974 471
5975 450
5976 454
5977 455
5978 442
5979 494
5980 469
5981 484
5982 509
5983 416
5984 489
5985 490
5986 477
5987 498
5988 458
5989 498
5990 483
5991 463
5992 484
5993 456
5994 492
5995 432
5996 439
5997 445
5998 450
5999 461
6000 476
6001 445
6002 455
6003 429
6004 456
6005 484
6006 485
6007 452
6008 494
6009 449
6010 492
6011 473
6012 454
6013 467
6014 408
6015 438
6016 459
6017 502
6018 461
6019 484
6020 461
6021 477
6022 466
6023 478
6024 444
6025 461
6026 425
6027 456
6028 424
6029 505
6030 461
6031 465
6032 468
6033 449
6034 430
6035 466
6036 443
6037 459
6038 441
6039 471
6040 471
6041 470
6042 488
6043 450
6044 412
6045 489
6046 444
6047 467
6048 500
6049 472
6050 471
6051 466
6052 441
6053 443
6054 453
6055 453
6056 457
6057 473
6058 497
6059 461
6060 506
6061 501
6062 464
6063 435
6064 428
6065 463
6066 455
6067 460
6068 468
6069 443
6070 484
6071 502
6072 480
6073 452
6074 421
6075 429
6076 473
6077 494
6078 425
6079 492
6080 436
6081 476
6082 493
6083 458
6084 453
6085 456
6086 472
6087 439
6088 470
6089 487
6090 481
6091 461
6092 472
6093 454
6094 457
6095 464
6096 444
6097 453
6098 441
6099 509
6100 470
6101 483
6102 457
6103 489
6104 423
6105 463
6106 428
6107 510
6108 514
6109 464
6110 475
6111 479
6112 445
6113 464
6114 471
6115 464
6116 458
6117 464
6118 424
6119 475
6120 457
6121 480
6122 447
6123 475
6124 479
6125 486
6126 442
6127 459
6128 463
6129 483
6130 487
6131 473
6132 483
6133 448
6134 472
6135 495
6136 417
6137 442
6138 452
6139 463
6140 436
6141 456
6142 467
6143 429
6144 480
6145 474
6146 470
6147 444
6148 469
6149 436
6150 436
6151 447
6152 480
6153 475
6154 450
6155 448
6156 462
6157 466
6158 479
6159 463
6160 473
6161 463
6162 442
6163 462
6164 452
6165 453
6166 448
6167 510
6168 468
6169 444
6170 478
6171 471
6172 460
6173 457
6174 477
6175 475
6176 442
6177 451
6178 442
6179 449
6180 483
6181 448
6182 431
6183 433
6184 440
6185 425
6186 422
6187 416
6188 439
6189 482
6190 491
6191 421
6192 433
6193 451
6194 452
6195 457
6196 427
6197 451
6198 429
6199 476
6200 470
6201 434
6202 483
6203 415
6204 479
6205 459
6206 446
6207 457
6208 478
6209 452
6210 446
6211 435
6212 407
6213 487
6214 411
6215 443
6216 482
6217 439
6218 450
6219 443
6220 444
6221 462
6222 469
6223 474
6224 440
6225 439
6226 465
6227 439
6228 469
6229 433
6230 439
6231 434
6232 465
6233 437
6234 447
6235 456
6236 416
6237 460
6238 450
6239 483
6240 453
6241 445
6242 463
6243 474
6244 452
6245 440
6246 435
6247 458
6248 434
6249 416
6250 452
6251 413
6252 474
6253 434
6254 447
6255 476
6256 444
6257 489
6258 437
6259 471
6260 448
6261 450
6262 482
6263 425
6264 454
6265 441
6266 417
6267 428
6268 466
6269 448
6270 439
6271 416
6272 437
6273 413
6274 457
6275 462
6276 483
6277 435
6278 478
6279 437
6280 470
6281 430
6282 448
6283 466
6284 441
6285 486
6286 447
6287 414
6288 433
6289 452
6290 452
6291 426
6292 454
6293 442
6294 455
6295 421
6296 431
6297 431
6298 466
6299 455
6300 439
6301 442
6302 413
6303 451
6304 402
6305 444
6306 457
6307 429
6308 433
6309 407
6310 443
6311 409
6312 418
6313 446
6314 412
6315 485
6316 456
6317 440
6318 429
6319 435
6320 425
6321 411
6322 416
6323 479
6324 436
6325 433
6326 468
6327 431
6328 426
6329 399
6330 421
6331 432
6332 459
6333 412
6334 424
6335 444
6336 437
6337 448
6338 437
6339 428
6340 449
6341 456
6342 456
6343 458
6344 442
6345 443
6346 398
6347 445
6348 446
6349 471
6350 435
6351 427
6352 407
6353 437
6354 432
6355 451
6356 452
6357 475
6358 395
6359 436
6360 470
6361 467
6362 426
6363 442
6364 441
6365 406
6366 422
6367 420
6368 415
6369 455
6370 442
6371 449
6372 404
6373 445
6374 436
6375 405
6376 415
6377 430
6378 428
6379 423
6380 429
6381 417
6382 451
6383 450
6384 446
6385 395
6386 419
6387 480
6388 433
6389 427
6390 442
6391 454
6392 451
6393 428
6394 458
6395 408
6396 462
6397 444
6398 450
6399 413
6400 407
6401 385
6402 433
6403 444
6404 428
6405 428
6406 400
6407 382
6408 440
6409 419
6410 414
6411 430
6412 426
6413 415
6414 405
6415 440
6416 460
6417 427
6418 407
6419 412
6420 432
6421 433
6422 467
6423 444
6424 464
6425 421
6426 447
6427 412
6428 412
6429 406
6430 452
6431 422
6432 433
6433 423
6434 463
6435 442
6436 432
6437 445
6438 422
6439 443
6440 458
6441 478
6442 443
6443 408
6444 424
6445 414
6446 424
6447 473
6448 453
6449 449
6450 442
6451 483
6452 439
6453 470
6454 426
6455 415
6456 443
6457 442
6458 419
6459 437
6460 435
6461 433
6462 406
6463 440
6464 424
6465 432
6466 473
6467 432
6468 459
6469 400
6470 406
6471 412
6472 451
6473 430
6474 448
6475 454
6476 421
6477 465
6478 448
6479 407
6480 397
6481 440
6482 432
6483 419
6484 416
6485 373
6486 363
6487 320
6488 259
6489 183
6490 162
6491 116
6492 107
6493 115
6494 155
6495 210
6496 276
6497 335
6498 417
6499 396
6500 414
6501 448
6502 473
6503 134
6504 7
6505 14
6506 6
6507 12
6508 3
6509 10
6510 11
6511 6
6512 5
6513 9
6514 9
6515 5
6516 9
6517 6
6518 14
6519 9
6520 9
6521 11
6522 9
6523 10
6524 12
6525 9
6526 11
6527 14
6528 16
6529 10
6530 13
6531 4
6532 8
6533 10
6534 13
6535 7
6536 9
6537 8
6538 6
6539 12
6540 14
6541 14
6542 10
6543 14
6544 11
6545 7
6546 14
6547 10
6548 7
6549 7
6550 10
6551 7
6552 11
6553 8
6554 12
6555 12
6556 7
6557 10
6558 11
6559 8
6560 9
6561 15
6562 13
6563 10
6564 8
6565 4
6566 4
6567 13
6568 10
6569 14
6570 9
6571 7
6572 11
6573 13
6574 11
6575 11
6576 11
6577 10
6578 11
6579 8
6580 7
6581 12
6582 7
6583 7
6584 10
6585 13
6586 10
6587 4
6588 3
6589 9
6590 11
6591 8
6592 9
6593 9
6594 11
6595 13
6596 13
6597 8
6598 7
6599 7
6600 10
6601 10
6602 12
6603 13
6604 21
6605 9
6606 11
6607 8
6608 7
6609 10
6610 15
6611 9
6612 11
6613 12
6614 16
6615 5
6616 5
6617 7
6618 4
6619 12
6620 15
6621 7
6622 11
6623 9
6624 6
6625 8
6626 14
6627 12
6628 11
6629 13
6630 17
6631 16
6632 9
6633 11
6634 7
6635 4
6636 8
6637 6
6638 6
6639 9
6640 9
6641 8
6642 5
6643 6
6644 13
6645 5
6646 12
6647 11
6648 7
6649 5
6650 12
6651 12
6652 14
6653 12
6654 12
6655 9
6656 7
6657 2
6658 12
6659 11
6660 5
6661 4
6662 5
6663 9
6664 5
6665 8
6666 7
6667 8
6668 6
6669 11
6670 10
6671 11
6672 11
6673 10
6674 10
6675 5
6676 11
6677 14
6678 10
6679 5
6680 8
6681 12
6682 10
6683 6
6684 10
6685 17
6686 17
6687 9
6688 6
6689 9
6690 11
6691 7
6692 7
6693 8
6694 4
6695 5
6696 6
6697 15
6698 4
6699 7
6700 9
6701 13
6702 14
6703 8
6704 11
6705 7
6706 13
6707 12
6708 7
6709 11
6710 7
6711 11
6712 9
6713 8
6714 7
6715 11
6716 10
6717 7
6718 5
6719 9
6720 10
6721 8
6722 13
6723 14
6724 13
6725 12
6726 6
6727 7
6728 12
6729 5
6730 10
6731 10
6732 11
6733 12
6734 10
6735 2
6736 6
6737 9
6738 8
6739 7
6740 5
6741 6
6742 9
6743 13
6744 7
6745 11
6746 8
6747 13
6748 15
6749 7
6750 11
6751 4
6752 11
6753 1
6754 8
6755 3
6756 11
6757 8
6758 14
6759 4
6760 9
6761 7
6762 10
6763 14
6764 9
6765 12
6766 7
6767 7
6768 10
6769 7
6770 8
6771 8
6772 12
6773 7
6774 8
6775 15
6776 9
6777 12
6778 6
6779 10
6780 8
6781 9
6782 10
6783 13
6784 11
6785 10
6786 7
6787 11
6788 6
6789 8
6790 6
6791 12
6792 12
6793 8
6794 11
6795 4
6796 5
6797 15
6798 7
6799 11
6800 8
6801 5
6802 12
6803 10
6804 8
6805 12
6806 10
6807 10
6808 12
6809 12
6810 5
6811 7
6812 5
6813 3
6814 8
6815 9
6816 14
6817 8
6818 12
6819 8
6820 9
6821 9
6822 7
6823 6
6824 9
6825 6
6826 6
6827 9
6828 5
6829 9
6830 10
6831 13
6832 10
6833 11
6834 17
6835 10
6836 4
6837 11
6838 11
6839 10
6840 8
6841 6
6842 8
6843 5
6844 5
6845 7
6846 7
6847 10
6848 10
6849 8
6850 5
6851 7
6852 8
6853 6
6854 5
6855 5
6856 13
6857 10
6858 10
6859 13
6860 9
6861 9
6862 13
6863 13
6864 10
6865 8
6866 12
6867 8
6868 15
6869 9
6870 5
6871 11
6872 8
6873 8
6874 4
6875 8
6876 6
6877 10
6878 11
6879 6
6880 7
6881 7
6882 8
6883 10
6884 9
6885 5
6886 11
6887 12
6888 6
6889 7
6890 14
6891 6
6892 7
6893 9
6894 10
6895 12
6896 8
6897 13
6898 9
6899 9
6900 7
6901 8
6902 8
6903 6
6904 9
6905 8
6906 4
6907 12
6908 10
6909 7
6910 10
6911 10
6912 9
6913 10
6914 6
6915 5
6916 6
6917 8
6918 4
6919 7
6920 4
6921 7
6922 13
6923 10
6924 7
6925 5
6926 10
6927 11
6928 8
6929 7
6930 9
6931 5
6932 8
6933 9
6934 15
6935 8
6936 10
6937 2
6938 10
6939 8
6940 3
6941 9
6942 13
6943 3
6944 6
6945 7
6946 14
6947 10
6948 6
6949 12
6950 13
6951 9
6952 4
6953 4
6954 9
6955 13
6956 6
6957 10
6958 7
6959 5
6960 6
6961 11
6962 8
6963 9
6964 5
6965 9
6966 9
6967 9
6968 7
6969 14
6970 9
6971 13
6972 10
6973 10
6974 6
6975 5
6976 13
6977 7
6978 7
6979 13
6980 12
6981 9
6982 5
6983 10
6984 10
6985 8
6986 10
6987 6
6988 4
6989 9
6990 9
6991 7
6992 10
6993 4
6994 10
6995 7
6996 12
6997 11
6998 10
6999 10
