0 0
1 0
2 0
3 0
4 0
5 0
6 0
7 0
8 0
9 0
10 0
11 0
12 0
13 0
14 0
15 0
16 0
17 0
18 0
19 0
20 0
21 0
22 0
23 0
24 0
25 0
26 0
27 0
28 2
29 0
30 0
31 0
32 2
33 2
34 1
35 1
36 48
37 48719
38 1.27068e+06
39 1.48708e+06
40 423807
41 130788
42 13471
43 8794
44 9089
45 9493
46 9675
47 8661
48 7692
49 7046
50 6277
51 5936
52 5227
53 4770
54 4415
55 4218
56 3982
57 4055
58 3896
59 3867
60 3888
61 3800
62 3659
63 3836
64 3889
65 4035
66 3991
67 4169
68 4256
69 4132
70 4133
71 4178
72 4298
73 4298
74 4504
75 4425
76 4567
77 4349
78 4351
79 4373
80 4432
81 4444
82 4595
83 4496
84 4551
85 4645
86 4524
87 4504
88 4587
89 4586
90 4425
91 4653
92 4700
93 5216
94 5476
95 4896
96 4362
97 4391
98 4540
99 4346
100 4335
101 4404
102 4335
103 4325
104 4273
105 4317
106 4419
107 4143
108 4119
109 4105
110 4314
111 4133
112 4121
113 4033
114 4196
115 4122
116 4095
117 3982
118 3935
119 3936
120 4060
121 3895
122 3953
123 3902
124 3843
125 3818
126 3817
127 3748
128 3705
129 3744
130 3755
131 3696
132 3434
133 3572
134 3609
135 3545
136 3466
137 3474
138 3418
139 3407
140 3249
141 3279
142 3372
143 3338
144 3371
145 3261
146 3208
147 3150
148 3090
149 3021
150 3154
151 2950
152 2915
153 2940
154 2873
155 3025
156 2960
157 2959
158 2884
159 2828
160 2754
161 2707
162 2820
163 2755
164 2706
165 2632
166 2619
167 2663
168 2540
169 2559
170 2576
171 2528
172 2579
173 2525
174 2541
175 2569
176 2603
177 2441
178 2439
179 2365
180 2355
181 2420
182 2416
183 2351
184 2315
185 2262
186 2276
187 2263
188 2271
189 2263
190 2191
191 2281
192 2206
193 2136
194 2117
195 2100
196 2138
197 2332
198 2481
199 2360
200 2114
201 1932
202 2110
203 2012
204 2024
205 1975
206 2052
207 1995
208 2001
209 1951
210 1927
211 1901
212 2003
213 1932
214 1909
215 1909
216 2371
217 2841
218 2532
219 2094
220 1880
221 1879
222 1881
223 1789
224 1799
225 1717
226 1746
227 1733
228 1773
229 1726
230 1749
231 1698
232 1674
233 1756
234 1643
235 1643
236 1637
237 1591
238 1620
239 1654
240 1690
241 1687
242 1635
243 1575
244 1537
245 1598
246 1571
247 1552
248 1586
249 1756
250 1816
251 1583
252 1462
253 1497
254 1421
255 1417
256 1398
257 1356
258 1402
259 1349
260 1413
261 1408
262 1315
263 1361
264 1286
265 1378
266 1383
267 1269
268 1281
269 1289
270 1289
271 1285
272 1250
273 1225
274 1264
275 1141
276 1219
277 1207
278 1226
279 1221
280 1214
281 1196
282 1189
283 1212
284 1156
285 1149
286 1170
287 1172
288 1125
289 1099
290 1217
291 1298
292 1163
293 1039
294 1033
295 1107
296 1065
297 1110
298 1106
299 1024
300 1075
301 1069
302 1002
303 1005
304 1048
305 1034
306 1063
307 1000
308 1007
309 1051
310 1019
311 1016
312 1002
313 961
314 1009
315 924
316 966
317 942
318 1007
319 982
320 915
321 890
322 928
323 878
324 940
325 897
326 933
327 949
328 952
329 963
330 960
331 890
332 918
333 884
334 931
335 1045
336 1401
337 1444
338 1157
339 865
340 832
341 885
342 843
343 835
344 892
345 836
346 826
347 820
348 898
349 782
350 804
351 783
352 816
353 782
354 819
355 787
356 791
357 793
358 773
359 750
360 755
361 820
362 773
363 783
364 746
365 836
366 733
367 756
368 688
369 755
370 755
371 716
372 727
373 673
374 721
375 703
376 705
377 691
378 692
379 652
380 733
381 690
382 695
383 653
384 652
385 749
386 704
387 698
388 707
389 702
390 731
391 692
392 671
393 699
394 694
395 674
396 646
397 687
398 682
399 651
400 705
401 694
402 693
403 775
404 652
405 699
406 628
407 637
408 654
409 677
410 646
411 662
412 674
413 704
414 638
415 712
416 830
417 760
418 659
419 644
420 685
421 674
422 650
423 643
424 573
425 618
426 630
427 657
428 646
429 640
430 647
431 630
432 603
433 627
434 638
435 620
436 567
437 608
438 588
439 599
440 569
441 635
442 585
443 591
444 577
445 609
446 610
447 638
448 586
449 603
450 574
451 554
452 606
453 561
454 556
455 593
456 626
457 529
458 578
459 555
460 571
461 534
462 577
463 571
464 592
465 545
466 570
467 594
468 679
469 693
470 598
471 558
472 587
473 595
474 544
475 582
476 568
477 570
478 577
479 528
480 555
481 547
482 572
483 618
484 596
485 564
486 519
487 561
488 592
489 549
490 494
491 566
492 543
493 542
494 514
495 562
496 529
497 497
498 537
499 537
500 494
501 512
502 533
503 510
504 477
505 525
506 523
507 546
508 547
509 580
510 790
511 1029
512 1077
513 870
514 619
515 520
516 559
517 579
518 563
519 531
520 513
521 460
522 496
523 508
524 482
525 526
526 457
527 504
528 490
529 550
530 668
531 696
532 613
533 473
534 492
535 468
536 468
537 442
538 444
539 524
540 503
541 482
542 479
543 464
544 467
545 442
546 418
547 463
548 498
549 457
550 466
551 454
552 441
553 471
554 470
555 465
556 451
557 479
558 467
559 392
560 401
561 442
562 430
563 474
564 468
565 435
566 424
567 397
568 430
569 439
570 439
571 437
572 437
573 405
574 435
575 457
576 495
577 410
578 436
579 430
580 401
581 414
582 410
583 430
584 407
585 443
586 407
587 407
588 413
589 424
590 452
591 403
592 406
593 432
594 424
595 410
596 441
597 487
598 406
599 373
600 418
601 450
602 436
603 452
604 404
605 417
606 363
607 425
608 427
609 416
610 388
611 409
612 368
613 411
614 424
615 359
616 368
617 393
618 350
619 410
620 389
621 369
622 396
623 379
624 382
625 402
626 388
627 379
628 380
629 360
630 400
631 392
632 383
633 364
634 393
635 371
636 378
637 358
638 364
639 334
640 381
641 346
642 367
643 407
644 408
645 386
646 389
647 367
648 326
649 395
650 357
651 360
652 351
653 411
654 636
655 935
656 996
657 570
658 385
659 397
660 413
661 413
662 381
663 358
664 347
665 376
666 377
667 368
668 369
669 344
670 363
671 366
672 332
673 325
674 350
675 355
676 343
677 363
678 344
679 356
680 371
681 359
682 328
683 330
684 357
685 320
686 351
687 316
688 333
689 340
690 339
691 344
692 313
693 317
694 325
695 353
696 335
697 316
698 339
699 354
700 352
701 330
702 335
703 342
704 344
705 332
706 367
707 345
708 342
709 387
710 539
711 969
712 1285
713 847
714 464
715 320
716 318
717 315
718 346
719 331
720 319
721 324
722 332
723 354
724 328
725 310
726 339
727 307
728 330
729 364
730 358
731 303
732 307
733 303
734 323
735 316
736 324
737 345
738 403
739 419
740 302
741 327
742 317
743 306
744 324
745 307
746 312
747 344
748 344
749 370
750 344
751 367
752 365
753 333
754 331
755 385
756 392
757 350
758 346
759 376
760 353
761 327
762 308
763 297
764 309
765 307
766 290
767 291
768 302
769 294
770 318
771 283
772 322
773 317
774 318
775 292
776 301
777 279
778 305
779 257
780 284
781 300
782 296
783 308
784 262
785 335
786 291
787 329
788 315
789 336
790 294
791 339
792 348
793 443
794 465
795 379
796 320
797 292
798 304
799 311
800 277
801 291
802 302
803 254
804 287
805 321
806 342
807 319
808 309
809 266
810 296
811 310
812 295
813 296
814 329
815 258
816 312
817 264
818 292
819 300
820 306
821 282
822 315
823 294
824 295
825 285
826 320
827 326
828 337
829 340
830 315
831 336
832 406
833 339
834 302
835 295
836 307
837 315
838 297
839 300
840 284
841 288
842 353
843 432
844 590
845 495
846 362
847 315
848 302
849 297
850 284
851 270
852 310
853 285
854 293
855 300
856 324
857 241
858 327
859 309
860 323
861 277
862 308
863 303
864 300
865 359
866 416
867 578
868 674
869 514
870 354
871 289
872 314
873 280
874 271
875 316
876 324
877 351
878 328
879 263
880 288
881 267
882 271
883 286
884 308
885 281
886 279
887 277
888 301
889 307
890 275
891 269
892 254
893 258
894 257
895 266
896 248
897 269
898 253
899 277
900 259
901 262
902 248
903 274
904 264
905 258
906 257
907 231
908 230
909 285
910 270
911 257
912 274
913 278
914 248
915 246
916 259
917 226
918 263
919 247
920 259
921 237
922 213
923 237
924 279
925 238
926 262
927 264
928 231
929 241
930 240
931 256
932 234
933 242
934 270
935 280
936 291
937 317
938 363
939 477
940 408
941 303
942 237
943 258
944 265
945 235
946 233
947 218
948 278
949 260
950 286
951 222
952 281
953 266
954 304
955 213
956 213
957 265
958 223
959 251
960 224
961 241
962 236
963 248
964 238
965 217
966 228
967 241
968 223
969 234
970 254
971 232
972 213
973 248
974 220
975 238
976 215
977 235
978 268
979 211
980 208
981 235
982 235
983 235
984 278
985 363
986 413
987 359
988 256
989 228
990 222
991 224
992 234
993 217
994 244
995 234
996 223
997 195
998 247
999 228
1000 217
1001 215
1002 231
1003 208
1004 234
1005 232
1006 204
1007 206
1008 227
1009 242
1010 253
1011 233
1012 222
1013 230
1014 248
1015 208
1016 195
1017 227
1018 198
1019 200
1020 249
1021 223
1022 212
1023 235
1024 236
1025 249
1026 250
1027 213
1028 198
1029 239
1030 234
1031 245
1032 305
1033 322
1034 285
1035 208
1036 183
1037 225
1038 222
1039 263
1040 237
1041 224
1042 232
1043 233
1044 220
1045 215
1046 218
1047 214
1048 223
1049 207
1050 229
1051 234
1052 199
1053 205
1054 213
1055 212
1056 197
1057 218
1058 217
1059 231
1060 224
1061 241
1062 227
1063 223
1064 205
1065 223
1066 233
1067 228
1068 229
1069 203
1070 211
1071 226
1072 199
1073 235
1074 215
1075 233
1076 236
1077 258
1078 238
1079 237
1080 259
1081 318
1082 292
1083 245
1084 243
1085 242
1086 227
1087 200
1088 239
1089 244
1090 439
1091 838
1092 1861
1093 2457
1094 1871
1095 745
1096 290
1097 219
1098 218
1099 228
1100 226
1101 230
1102 225
1103 217
1104 203
1105 234
1106 213
1107 190
1108 237
1109 198
1110 227
1111 197
1112 212
1113 205
1114 204
1115 214
1116 234
1117 242
1118 269
1119 319
1120 314
1121 268
1122 236
1123 210
1124 224
1125 195
1126 235
1127 221
1128 235
1129 216
1130 233
1131 234
1132 200
1133 196
1134 168
1135 211
1136 207
1137 193
1138 225
1139 229
1140 213
1141 174
1142 169
1143 195
1144 195
1145 186
1146 223
1147 188
1148 190
1149 177
1150 167
1151 200
1152 202
1153 182
1154 179
1155 187
1156 189
1157 202
1158 175
1159 181
1160 165
1161 164
1162 191
1163 207
1164 202
1165 225
1166 191
1167 179
1168 185
1169 183
1170 190
1171 196
1172 185
1173 189
1174 233
1175 244
1176 226
1177 190
1178 208
1179 193
1180 174
1181 156
1182 168
1183 142
1184 177
1185 166
1186 166
1187 142
1188 168
1189 171
1190 190
1191 193
1192 199
1193 172
1194 182
1195 175
1196 170
1197 177
1198 156
1199 193
1200 193
1201 198
1202 185
1203 182
1204 178
1205 152
1206 160
1207 166
1208 162
1209 132
1210 147
1211 150
1212 170
1213 147
1214 153
1215 161
1216 130
1217 168
1218 189
1219 187
1220 191
1221 175
1222 141
1223 149
1224 145
1225 157
1226 146
1227 143
1228 140
1229 150
1230 147
1231 152
1232 135
1233 156
1234 163
1235 153
1236 165
1237 154
1238 143
1239 158
1240 142
1241 144
1242 153
1243 166
1244 138
1245 155
1246 135
1247 153
1248 190
1249 236
1250 217
1251 153
1252 151
1253 131
1254 119
1255 134
1256 130
1257 133
1258 134
1259 130
1260 130
1261 130
1262 129
1263 128
1264 129
1265 135
1266 129
1267 128
1268 134
1269 125
1270 138
1271 128
1272 125
1273 144
1274 126
1275 139
1276 120
1277 130
1278 138
1279 127
1280 133
1281 148
1282 125
1283 152
1284 166
1285 161
1286 155
1287 166
1288 188
1289 144
1290 130
1291 135
1292 139
1293 136
1294 137
1295 136
1296 147
1297 119
1298 126
1299 121
1300 121
1301 123
1302 118
1303 145
1304 129
1305 114
1306 137
1307 142
1308 143
1309 119
1310 133
1311 146
1312 139
1313 136
1314 128
1315 142
1316 133
1317 144
1318 122
1319 125
1320 122
1321 124
1322 127
1323 141
1324 130
1325 148
1326 142
1327 135
1328 121
1329 113
1330 124
1331 128
1332 151
1333 146
1334 167
1335 108
1336 123
1337 125
1338 124
1339 133
1340 111
1341 131
1342 117
1343 155
1344 182
1345 248
1346 423
1347 977
1348 2101
1349 2804
1350 2317
1351 976
1352 325
1353 182
1354 194
1355 253
1356 243
1357 187
1358 116
1359 126
1360 119
1361 118
1362 108
1363 156
1364 160
1365 245
1366 250
1367 199
1368 160
1369 144
1370 116
1371 112
1372 125
1373 145
1374 133
1375 150
1376 143
1377 106
1378 114
1379 125
1380 113
1381 136
1382 107
1383 144
1384 170
1385 187
1386 163
1387 129
1388 128
1389 100
1390 113
1391 104
1392 95
1393 99
1394 114
1395 108
1396 103
1397 126
1398 111
1399 105
1400 123
1401 123
1402 110
1403 100
1404 100
1405 102
1406 109
1407 102
1408 141
1409 109
1410 120
1411 95
1412 112
1413 141
1414 141
1415 139
1416 121
1417 113
1418 84
1419 112
1420 104
1421 100
1422 110
1423 125
1424 121
1425 111
1426 117
1427 113
1428 111
1429 109
1430 133
1431 114
1432 114
1433 119
1434 111
1435 147
1436 176
1437 205
1438 163
1439 113
1440 100
1441 115
1442 102
1443 115
1444 131
1445 112
1446 95
1447 86
1448 98
1449 109
1450 117
1451 118
1452 105
1453 115
1454 106
1455 115
1456 105
1457 107
1458 97
1459 135
1460 131
1461 244
1462 262
1463 222
1464 133
1465 119
1466 110
1467 80
1468 102
1469 114
1470 90
1471 93
1472 103
1473 112
1474 117
1475 118
1476 120
1477 98
1478 98
1479 95
1480 83
1481 108
1482 109
1483 111
1484 92
1485 107
1486 106
1487 105
1488 100
1489 95
1490 110
1491 101
1492 126
1493 122
1494 128
1495 125
1496 134
1497 133
1498 114
1499 113
1500 88
1501 91
1502 120
1503 110
1504 116
1505 94
1506 103
1507 108
1508 132
1509 109
1510 104
1511 101
1512 101
1513 99
1514 95
1515 97
1516 98
1517 98
1518 96
1519 111
1520 110
1521 88
1522 88
1523 96
1524 96
1525 92
1526 105
1527 95
1528 94
1529 98
1530 107
1531 104
1532 103
1533 113
1534 112
1535 106
1536 115
1537 107
1538 122
1539 119
1540 124
1541 112
1542 105
1543 94
1544 93
1545 112
1546 100
1547 99
1548 94
1549 114
1550 97
1551 96
1552 112
1553 121
1554 110
1555 103
1556 104
1557 91
1558 94
1559 78
1560 73
1561 100
1562 66
1563 95
1564 105
1565 93
1566 77
1567 104
1568 73
1569 91
1570 88
1571 95
1572 87
1573 105
1574 96
1575 104
1576 99
1577 102
1578 80
1579 87
1580 97
1581 84
1582 121
1583 116
1584 123
1585 116
1586 101
1587 113
1588 112
1589 106
1590 106
1591 115
1592 91
1593 124
1594 85
1595 92
1596 96
1597 98
1598 107
1599 90
1600 112
1601 97
1602 98
1603 91
1604 70
1605 85
1606 96
1607 107
1608 98
1609 70
1610 96
1611 88
1612 79
1613 98
1614 77
1615 85
1616 107
1617 87
1618 91
1619 97
1620 96
1621 105
1622 108
1623 97
1624 111
1625 107
1626 103
1627 115
1628 99
1629 101
1630 109
1631 101
1632 89
1633 93
1634 88
1635 88
1636 82
1637 102
1638 85
1639 68
1640 95
1641 89
1642 85
1643 104
1644 71
1645 82
1646 90
1647 91
1648 94
1649 103
1650 82
1651 100
1652 112
1653 136
1654 104
1655 93
1656 87
1657 86
1658 84
1659 99
1660 83
1661 91
1662 94
1663 70
1664 90
1665 83
1666 100
1667 91
1668 78
1669 86
1670 96
1671 98
1672 102
1673 97
1674 102
1675 92
1676 91
1677 92
1678 94
1679 92
1680 92
1681 98
1682 103
1683 100
1684 72
1685 89
1686 86
1687 86
1688 78
1689 76
1690 97
1691 93
1692 90
1693 98
1694 88
1695 111
1696 102
1697 87
1698 77
1699 77
1700 91
1701 83
1702 87
1703 80
1704 97
1705 100
1706 97
1707 93
1708 97
1709 79
1710 96
1711 95
1712 94
1713 92
1714 110
1715 104
1716 77
1717 86
1718 104
1719 91
1720 88
1721 79
1722 84
1723 75
1724 84
1725 90
1726 87
1727 128
1728 130
1729 124
1730 119
1731 144
1732 147
1733 143
1734 117
1735 101
1736 79
1737 74
1738 90
1739 88
1740 76
1741 81
1742 93
1743 65
1744 91
1745 96
1746 83
1747 90
1748 68
1749 58
1750 86
1751 87
1752 89
1753 84
1754 73
1755 71
1756 91
1757 82
1758 71
1759 76
1760 73
1761 90
1762 86
1763 76
1764 102
1765 113
1766 115
1767 90
1768 103
1769 105
1770 110
1771 84
1772 85
1773 67
1774 72
1775 80
1776 80
1777 77
1778 86
1779 97
1780 106
1781 110
1782 112
1783 99
1784 85
1785 97
1786 94
1787 69
1788 76
1789 81
1790 67
1791 76
1792 72
1793 69
1794 79
1795 77
1796 81
1797 78
1798 72
1799 76
1800 79
1801 68
1802 76
1803 79
1804 75
1805 67
1806 79
1807 77
1808 67
1809 92
1810 69
1811 85
1812 86
1813 91
1814 79
1815 94
1816 88
1817 70
1818 57
1819 66
1820 88
1821 77
1822 80
1823 80
1824 88
1825 85
1826 64
1827 71
1828 74
1829 51
1830 69
1831 75
1832 83
1833 68
1834 79
1835 67
1836 78
1837 78
1838 70
1839 72
1840 84
1841 82
1842 57
1843 79
1844 81
1845 58
1846 89
1847 60
1848 85
1849 86
1850 73
1851 83
1852 96
1853 89
1854 92
1855 71
1856 69
1857 73
1858 77
1859 82
1860 73
1861 71
1862 80
1863 81
1864 84
1865 85
1866 83
1867 66
1868 75
1869 79
1870 82
1871 94
1872 82
1873 77
1874 85
1875 73
1876 78
1877 79
1878 84
1879 83
1880 61
1881 109
1882 73
1883 92
1884 108
1885 71
1886 78
1887 90
1888 77
1889 69
1890 81
1891 91
1892 81
1893 68
1894 93
1895 77
1896 74
1897 83
1898 84
1899 81
1900 63
1901 71
1902 78
1903 73
1904 78
1905 90
1906 108
1907 97
1908 124
1909 191
1910 243
1911 272
1912 196
1913 130
1914 83
1915 71
1916 89
1917 66
1918 89
1919 105
1920 75
1921 83
1922 67
1923 72
1924 85
1925 78
1926 118
1927 73
1928 83
1929 62
1930 69
1931 75
1932 71
1933 74
1934 82
1935 64
1936 73
1937 75
1938 52
1939 81
1940 70
1941 94
1942 79
1943 74
1944 67
1945 79
1946 88
1947 85
1948 85
1949 69
1950 99
1951 99
1952 109
1953 102
1954 76
1955 75
1956 87
1957 69
1958 85
1959 79
1960 65
1961 67
1962 70
1963 61
1964 76
1965 66
1966 82
1967 78
1968 77
1969 70
1970 77
1971 87
1972 97
1973 106
1974 79
1975 75
1976 79
1977 72
1978 72
1979 64
1980 77
1981 65
1982 73
1983 90
1984 60
1985 83
1986 60
1987 70
1988 72
1989 79
1990 53
1991 70
1992 75
1993 74
1994 66
1995 58
1996 71
1997 62
1998 71
1999 72
2000 64
2001 48
2002 67
2003 71
2004 74
2005 76
2006 83
2007 81
2008 72
2009 63
2010 90
2011 76
2012 76
2013 72
2014 73
2015 73
2016 102
2017 96
2018 72
2019 88
2020 59
2021 74
2022 57
2023 71
2024 66
2025 77
2026 74
2027 75
2028 71
2029 71
2030 71
2031 63
2032 70
2033 77
2034 74
2035 56
2036 67
2037 74
2038 67
2039 58
2040 59
2041 67
2042 61
2043 53
2044 60
2045 74
2046 55
2047 66
2048 64
2049 68
2050 79
2051 65
2052 56
2053 58
2054 71
2055 65
2056 75
2057 70
2058 68
2059 74
2060 82
2061 71
2062 53
2063 61
2064 74
2065 66
2066 61
2067 58
2068 71
2069 81
2070 63
2071 64
2072 67
2073 61
2074 56
2075 58
2076 65
2077 58
2078 66
2079 66
2080 67
2081 57
2082 61
2083 64
2084 79
2085 61
2086 79
2087 55
2088 56
2089 72
2090 55
2091 64
2092 68
2093 57
2094 47
2095 66
2096 76
2097 55
2098 85
2099 49
2100 68
2101 80
2102 73
2103 47
2104 58
2105 63
2106 51
2107 74
2108 63
2109 58
2110 66
2111 59
2112 65
2113 71
2114 56
2115 56
2116 61
2117 53
2118 64
2119 72
2120 73
2121 73
2122 49
2123 56
2124 74
2125 58
2126 67
2127 67
2128 63
2129 71
2130 59
2131 57
2132 57
2133 62
2134 76
2135 62
2136 58
2137 44
2138 64
2139 60
2140 54
2141 49
2142 54
2143 52
2144 59
2145 44
2146 70
2147 54
2148 55
2149 53
2150 72
2151 64
2152 51
2153 54
2154 61
2155 60
2156 52
2157 56
2158 75
2159 65
2160 50
2161 50
2162 51
2163 55
2164 68
2165 63
2166 46
2167 62
2168 48
2169 75
2170 60
2171 60
2172 53
2173 68
2174 62
2175 69
2176 65
2177 53
2178 59
2179 43
2180 43
2181 53
2182 48
2183 58
2184 56
2185 64
2186 72
2187 55
2188 61
2189 67
2190 59
2191 54
2192 74
2193 49
2194 75
2195 82
2196 85
2197 91
2198 83
2199 67
2200 69
2201 51
2202 58
2203 50
2204 63
2205 72
2206 68
2207 62
2208 67
2209 55
2210 62
2211 68
2212 92
2213 103
2214 145
2215 244
2216 368
2217 345
2218 235
2219 169
2220 110
2221 97
2222 86
2223 121
2224 120
2225 124
2226 108
2227 68
2228 57
2229 57
2230 60
2231 55
2232 57
2233 51
2234 54
2235 55
2236 55
2237 64
2238 45
2239 66
2240 61
2241 71
2242 64
2243 67
2244 59
2245 57
2246 46
2247 65
2248 62
2249 47
2250 53
2251 54
2252 58
2253 75
2254 66
2255 56
2256 47
2257 41
2258 58
2259 47
2260 49
2261 60
2262 70
2263 50
2264 54
2265 65
2266 61
2267 59
2268 51
2269 38
2270 43
2271 62
2272 57
2273 64
2274 59
2275 54
2276 62
2277 48
2278 54
2279 48
2280 50
2281 39
2282 55
2283 48
2284 64
2285 61
2286 59
2287 57
2288 49
2289 49
2290 55
2291 50
2292 64
2293 56
2294 63
2295 49
2296 56
2297 48
2298 54
2299 43
2300 57
2301 53
2302 45
2303 63
2304 38
2305 64
2306 54
2307 56
2308 70
2309 49
2310 42
2311 44
2312 69
2313 55
2314 58
2315 50
2316 64
2317 54
2318 55
2319 52
2320 44
2321 52
2322 48
2323 55
2324 57
2325 70
2326 61
2327 54
2328 57
2329 61
2330 68
2331 56
2332 54
2333 56
2334 60
2335 59
2336 54
2337 56
2338 58
2339 59
2340 61
2341 58
2342 51
2343 50
2344 48
2345 57
2346 50
2347 45
2348 49
2349 35
2350 62
2351 55
2352 57
2353 49
2354 55
2355 63
2356 60
2357 53
2358 52
2359 51
2360 63
2361 69
2362 58
2363 36
2364 65
2365 50
2366 54
2367 40
2368 60
2369 50
2370 54
2371 34
2372 48
2373 51
2374 49
2375 48
2376 57
2377 58
2378 58
2379 52
2380 49
2381 55
2382 59
2383 54
2384 44
2385 35
2386 48
2387 50
2388 57
2389 57
2390 62
2391 42
2392 62
2393 64
2394 57
2395 47
2396 60
2397 64
2398 40
2399 42
2400 40
2401 54
2402 58
2403 58
2404 60
2405 61
2406 53
2407 41
2408 49
2409 42
2410 35
2411 47
2412 36
2413 55
2414 42
2415 51
2416 50
2417 54
2418 38
2419 63
2420 64
2421 50
2422 43
2423 41
2424 55
2425 39
2426 58
2427 41
2428 44
2429 45
2430 49
2431 54
2432 51
2433 38
2434 46
2435 38
2436 51
2437 57
2438 56
2439 49
2440 56
2441 55
2442 63
2443 68
2444 74
2445 80
2446 51
2447 45
2448 45
2449 47
2450 38
2451 55
2452 45
2453 45
2454 43
2455 48
2456 41
2457 58
2458 53
2459 50
2460 48
2461 39
2462 47
2463 50
2464 44
2465 53
2466 44
2467 51
2468 45
2469 37
2470 44
2471 42
2472 56
2473 51
2474 51
2475 51
2476 42
2477 51
2478 51
2479 42
2480 43
2481 50
2482 45
2483 48
2484 50
2485 41
2486 47
2487 50
2488 60
2489 31
2490 43
2491 54
2492 54
2493 48
2494 63
2495 49
2496 49
2497 53
2498 43
2499 36
2500 63
2501 41
2502 47
2503 41
2504 35
2505 40
2506 30
2507 48
2508 59
2509 51
2510 41
2511 41
2512 42
2513 59
2514 54
2515 53
2516 69
2517 66
2518 40
2519 48
2520 51
2521 39
2522 43
2523 65
2524 59
2525 47
2526 42
2527 49
2528 55
2529 58
2530 54
2531 51
2532 39
2533 43
2534 41
2535 51
2536 56
2537 54
2538 54
2539 52
2540 49
2541 30
2542 48
2543 39
2544 52
2545 53
2546 44
2547 51
2548 63
2549 57
2550 52
2551 53
2552 48
2553 46
2554 53
2555 54
2556 47
2557 51
2558 50
2559 49
2560 45
2561 48
2562 57
2563 70
2564 67
2565 75
2566 65
2567 60
2568 65
2569 53
2570 65
2571 76
2572 64
2573 60
2574 44
2575 50
2576 58
2577 63
2578 54
2579 38
2580 34
2581 42
2582 42
2583 51
2584 35
2585 54
2586 45
2587 50
2588 46
2589 48
2590 47
2591 52
2592 46
2593 51
2594 45
2595 46
2596 43
2597 41
2598 43
2599 43
2600 52
2601 51
2602 51
2603 57
2604 49
2605 55
2606 52
2607 49
2608 64
2609 36
2610 51
2611 56
2612 43
2613 41
2614 49
2615 63
2616 73
2617 70
2618 67
2619 38
2620 30
2621 50
2622 42
2623 61
2624 37
2625 47
2626 51
2627 42
2628 43
2629 44
2630 47
2631 54
2632 44
2633 40
2634 45
2635 48
2636 37
2637 51
2638 46
2639 47
2640 51
2641 61
2642 53
2643 48
2644 46
2645 38
2646 41
2647 39
2648 53
2649 54
2650 41
2651 41
2652 45
2653 50
2654 40
2655 43
2656 47
2657 47
2658 36
2659 45
2660 36
2661 33
2662 36
2663 41
2664 45
2665 51
2666 53
2667 45
2668 40
2669 39
2670 37
2671 34
2672 31
2673 47
2674 46
2675 36
2676 42
2677 35
2678 48
2679 48
2680 42
2681 49
2682 30
2683 44
2684 53
2685 43
2686 37
2687 35
2688 60
2689 30
2690 34
2691 38
2692 43
2693 48
2694 42
2695 43
2696 35
2697 54
2698 45
2699 31
2700 43
2701 45
2702 44
2703 39
2704 60
2705 51
2706 47
2707 45
2708 49
2709 55
2710 48
2711 53
2712 59
2713 58
2714 81
2715 86
2716 72
2717 58
2718 43
2719 42
2720 41
2721 53
2722 51
2723 45
2724 55
2725 57
2726 55
2727 53
2728 63
2729 44
2730 51
2731 50
2732 42
2733 37
2734 43
2735 42
2736 36
2737 45
2738 48
2739 44
2740 30
2741 39
2742 45
2743 54
2744 30
2745 45
2746 44
2747 37
2748 37
2749 42
2750 41
2751 33
2752 31
2753 46
2754 48
2755 47
2756 46
2757 45
2758 45
2759 35
2760 31
2761 36
2762 41
2763 34
2764 35
2765 34
2766 38
2767 29
2768 28
2769 41
2770 54
2771 61
2772 31
2773 43
2774 33
2775 47
2776 31
2777 41
2778 38
2779 46
2780 41
2781 36
2782 44
2783 46
2784 42
2785 44
2786 25
2787 33
2788 36
2789 34
2790 43
2791 44
2792 40
2793 32
2794 43
2795 45
2796 34
2797 32
2798 43
2799 38
2800 34
2801 47
2802 46
2803 42
2804 43
2805 38
2806 42
2807 35
2808 39
2809 38
2810 30
2811 35
2812 47
2813 35
2814 35
2815 38
2816 41
2817 42
2818 41
2819 32
2820 43
2821 44
2822 26
2823 36
2824 46
2825 42
2826 46
2827 34
2828 45
2829 38
2830 42
2831 37
2832 33
2833 38
2834 32
2835 49
2836 53
2837 67
2838 50
2839 53
2840 51
2841 48
2842 37
2843 39
2844 46
2845 37
2846 46
2847 33
2848 48
2849 50
2850 40
2851 44
2852 47
2853 41
2854 40
2855 44
2856 37
2857 41
2858 30
2859 33
2860 45
2861 41
2862 41
2863 43
2864 31
2865 46
2866 38
2867 39
2868 49
2869 44
2870 69
2871 67
2872 71
2873 71
2874 75
2875 76
2876 51
2877 39
2878 41
2879 32
2880 45
2881 35
2882 44
2883 44
2884 41
2885 31
2886 42
2887 36
2888 48
2889 41
2890 44
2891 31
2892 33
2893 42
2894 37
2895 36
2896 48
2897 40
2898 40
2899 23
2900 45
2901 42
2902 42
2903 40
2904 33
2905 38
2906 49
2907 38
2908 35
2909 39
2910 34
2911 34
2912 32
2913 42
2914 40
2915 38
2916 32
2917 48
2918 30
2919 39
2920 43
2921 34
2922 38
2923 39
2924 36
2925 34
2926 33
2927 53
2928 37
2929 42
2930 41
2931 43
2932 27
2933 38
2934 42
2935 39
2936 45
2937 42
2938 40
2939 45
2940 31
2941 31
2942 36
2943 35
2944 32
2945 28
2946 47
2947 31
2948 36
2949 34
2950 45
2951 35
2952 37
2953 42
2954 31
2955 45
2956 42
2957 36
2958 48
2959 33
2960 37
2961 35
2962 34
2963 27
2964 33
2965 20
2966 26
2967 40
2968 35
2969 29
2970 30
2971 42
2972 40
2973 31
2974 48
2975 39
2976 34
2977 27
2978 39
2979 41
2980 37
2981 33
2982 39
2983 49
2984 41
2985 28
2986 45
2987 29
2988 37
2989 40
2990 44
2991 47
2992 37
2993 26
2994 37
2995 27
2996 31
2997 39
2998 41
2999 38
3000 44
3001 43
3002 39
3003 36
3004 34
3005 38
3006 40
3007 45
3008 42
3009 40
3010 40
3011 41
3012 30
3013 33
3014 36
3015 30
3016 41
3017 40
3018 51
3019 38
3020 32
3021 20
3022 42
3023 32
3024 34
3025 44
3026 39
3027 46
3028 36
3029 33
3030 46
3031 32
3032 38
3033 39
3034 28
3035 34
3036 24
3037 38
3038 32
3039 38
3040 39
3041 39
3042 44
3043 34
3044 35
3045 37
3046 40
3047 39
3048 40
3049 44
3050 38
3051 41
3052 35
3053 35
3054 38
3055 38
3056 41
3057 38
3058 36
3059 29
3060 38
3061 44
3062 33
3063 33
3064 40
3065 40
3066 38
3067 34
3068 35
3069 37
3070 36
3071 46
3072 23
3073 41
3074 40
3075 46
3076 53
3077 33
3078 40
3079 49
3080 30
3081 36
3082 41
3083 33
3084 35
3085 29
3086 32
3087 37
3088 34
3089 44
3090 38
3091 31
3092 39
3093 28
3094 28
3095 32
3096 31
3097 27
3098 32
3099 29
3100 36
3101 37
3102 34
3103 37
3104 38
3105 27
3106 43
3107 35
3108 37
3109 39
3110 31
3111 43
3112 34
3113 36
3114 24
3115 44
3116 37
3117 30
3118 41
3119 33
3120 34
3121 34
3122 32
3123 38
3124 28
3125 25
3126 31
3127 32
3128 29
3129 22
3130 29
3131 25
3132 40
3133 38
3134 24
3135 30
3136 35
3137 40
3138 34
3139 36
3140 30
3141 37
3142 27
3143 39
3144 40
3145 33
3146 52
3147 32
3148 39
3149 50
3150 38
3151 26
3152 26
3153 33
3154 38
3155 34
3156 36
3157 45
3158 50
3159 42
3160 42
3161 42
3162 34
3163 41
3164 39
3165 29
3166 34
3167 28
3168 29
3169 38
3170 41
3171 48
3172 28
3173 24
3174 35
3175 31
3176 23
3177 34
3178 28
3179 35
3180 28
3181 29
3182 43
3183 52
3184 49
3185 26
3186 29
3187 36
3188 31
3189 22
3190 31
3191 43
3192 39
3193 33
3194 33
3195 31
3196 25
3197 39
3198 31
3199 36
3200 34
3201 29
3202 35
3203 43
3204 32
3205 26
3206 35
3207 48
3208 37
3209 29
3210 36
3211 28
3212 37
3213 28
3214 34
3215 38
3216 25
3217 45
3218 42
3219 43
3220 29
3221 35
3222 32
3223 33
3224 34
3225 33
3226 26
3227 25
3228 35
3229 31
3230 30
3231 38
3232 34
3233 36
3234 42
3235 36
3236 45
3237 32
3238 37
3239 36
3240 27
3241 32
3242 32
3243 30
3244 36
3245 48
3246 42
3247 45
3248 43
3249 34
3250 42
3251 36
3252 26
3253 37
3254 40
3255 39
3256 32
3257 32
3258 23
3259 37
3260 43
3261 38
3262 28
3263 40
3264 30
3265 25
3266 28
3267 34
3268 23
3269 30
3270 33
3271 35
3272 36
3273 33
3274 35
3275 30
3276 30
3277 30
3278 31
3279 23
3280 34
3281 31
3282 24
3283 34
3284 28
3285 33
3286 29
3287 41
3288 41
3289 24
3290 33
3291 25
3292 25
3293 29
3294 31
3295 40
3296 22
3297 26
3298 29
3299 38
3300 38
3301 36
3302 29
3303 37
3304 34
3305 43
3306 39
3307 32
3308 25
3309 31
3310 23
3311 37
3312 43
3313 32
3314 35
3315 35
3316 36
3317 38
3318 26
3319 44
3320 47
3321 41
3322 35
3323 29
3324 36
3325 40
3326 25
3327 31
3328 31
3329 28
3330 35
3331 28
3332 24
3333 42
3334 26
3335 35
3336 37
3337 40
3338 34
3339 35
3340 31
3341 24
3342 41
3343 26
3344 36
3345 33
3346 44
3347 24
3348 47
3349 34
3350 35
3351 37
3352 32
3353 28
3354 38
3355 34
3356 35
3357 30
3358 40
3359 29
3360 30
3361 30
3362 42
3363 49
3364 44
3365 29
3366 47
3367 35
3368 34
3369 37
3370 34
3371 34
3372 34
3373 36
3374 32
3375 41
3376 32
3377 32
3378 33
3379 20
3380 24
3381 32
3382 39
3383 33
3384 36
3385 46
3386 37
3387 44
3388 33
3389 34
3390 33
3391 40
3392 28
3393 36
3394 24
3395 29
3396 35
3397 35
3398 28
3399 35
3400 38
3401 23
3402 41
3403 30
3404 30
3405 29
3406 35
3407 31
3408 33
3409 29
3410 33
3411 28
3412 34
3413 25
3414 30
3415 41
3416 28
3417 33
3418 32
3419 27
3420 37
3421 23
3422 22
3423 38
3424 22
3425 25
3426 27
3427 20
3428 20
3429 22
3430 34
3431 31
3432 36
3433 35
3434 28
3435 27
3436 35
3437 38
3438 36
3439 31
3440 36
3441 30
3442 27
3443 32
3444 28
3445 29
3446 33
3447 41
3448 26
3449 35
3450 30
3451 21
3452 33
3453 29
3454 30
3455 24
3456 31
3457 23
3458 32
3459 33
3460 26
3461 35
3462 31
3463 22
3464 39
3465 19
3466 27
3467 38
3468 24
3469 38
3470 37
3471 40
3472 32
3473 20
3474 31
3475 40
3476 21
3477 33
3478 28
3479 30
3480 27
3481 32
3482 26
3483 33
3484 25
3485 25
3486 27
3487 18
3488 27
3489 39
3490 25
3491 27
3492 26
3493 33
3494 34
3495 28
3496 32
3497 27
3498 23
3499 34
3500 32
3501 31
3502 32
3503 30
3504 36
3505 35
3506 35
3507 35
3508 34
3509 38
3510 33
3511 36
3512 28
3513 25
3514 29
3515 32
3516 37
3517 27
3518 43
3519 40
3520 28
3521 40
3522 31
3523 37
3524 40
3525 35
3526 34
3527 39
3528 24
3529 31
3530 34
3531 27
3532 35
3533 26
3534 33
3535 44
3536 34
3537 36
3538 40
3539 30
3540 34
3541 44
3542 33
3543 40
3544 29
3545 37
3546 26
3547 22
3548 31
3549 13
3550 26
3551 27
3552 31
3553 39
3554 27
3555 30
3556 31
3557 41
3558 40
3559 44
3560 50
3561 33
3562 40
3563 34
3564 32
3565 36
3566 30
3567 41
3568 45
3569 46
3570 42
3571 49
3572 58
3573 41
3574 36
3575 40
3576 20
3577 31
3578 27
3579 36
3580 26
3581 23
3582 28
3583 29
3584 31
3585 35
3586 28
3587 35
3588 24
3589 42
3590 32
3591 28
3592 34
3593 30
3594 33
3595 33
3596 32
3597 33
3598 28
3599 30
3600 37
3601 45
3602 41
3603 34
3604 38
3605 24
3606 33
3607 41
3608 33
3609 35
3610 30
3611 26
3612 27
3613 24
3614 24
3615 33
3616 25
3617 28
3618 26
3619 36
3620 33
3621 25
3622 32
3623 35
3624 29
3625 30
3626 31
3627 37
3628 40
3629 28
3630 31
3631 21
3632 35
3633 21
3634 29
3635 21
3636 23
3637 26
3638 40
3639 19
3640 35
3641 32
3642 27
3643 23
3644 30
3645 27
3646 35
3647 32
3648 23
3649 28
3650 25
3651 25
3652 29
3653 32
3654 19
3655 30
3656 23
3657 26
3658 20
3659 25
3660 24
3661 26
3662 21
3663 21
3664 25
3665 33
3666 23
3667 26
3668 34
3669 37
3670 28
3671 17
3672 30
3673 24
3674 32
3675 29
3676 37
3677 29
3678 24
3679 28
3680 28
3681 28
3682 27
3683 27
3684 28
3685 26
3686 22
3687 16
3688 28
3689 23
3690 28
3691 24
3692 31
3693 17
3694 23
3695 28
3696 27
3697 30
3698 18
3699 33
3700 24
3701 35
3702 22
3703 26
3704 21
3705 31
3706 23
3707 23
3708 26
3709 25
3710 28
3711 25
3712 32
3713 25
3714 23
3715 26
3716 28
3717 27
3718 26
3719 26
3720 33
3721 30
3722 18
3723 27
3724 28
3725 22
3726 38
3727 26
3728 35
3729 34
3730 28
3731 37
3732 26
3733 23
3734 34
3735 26
3736 29
3737 15
3738 35
3739 34
3740 23
3741 17
3742 37
3743 31
3744 25
3745 20
3746 33
3747 22
3748 28
3749 27
3750 27
3751 19
3752 23
3753 20
3754 17
3755 22
3756 34
3757 24
3758 15
3759 21
3760 36
3761 33
3762 19
3763 20
3764 32
3765 33
3766 22
3767 24
3768 21
3769 24
3770 27
3771 23
3772 27
3773 25
3774 30
3775 25
3776 27
3777 16
3778 22
3779 30
3780 27
3781 25
3782 17
3783 19
3784 24
3785 26
3786 19
3787 29
3788 21
3789 21
3790 20
3791 28
3792 18
3793 25
3794 29
3795 11
3796 22
3797 21
3798 18
3799 19
3800 25
3801 27
3802 23
3803 29
3804 32
3805 31
3806 31
3807 21
3808 20
3809 14
3810 26
3811 16
3812 22
3813 20
3814 28
3815 32
3816 16
3817 27
3818 24
3819 19
3820 17
3821 23
3822 25
3823 33
3824 28
3825 27
3826 25
3827 34
3828 26
3829 18
3830 15
3831 31
3832 27
3833 22
3834 20
3835 23
3836 25
3837 30
3838 18
3839 25
3840 33
3841 26
3842 25
3843 28
3844 29
3845 42
3846 38
3847 39
3848 44
3849 55
3850 48
3851 46
3852 18
3853 26
3854 28
3855 25
3856 31
3857 39
3858 23
3859 30
3860 40
3861 19
3862 29
3863 34
3864 30
3865 22
3866 30
3867 31
3868 26
3869 23
3870 32
3871 35
3872 31
3873 35
3874 43
3875 27
3876 27
3877 31
3878 27
3879 15
3880 21
3881 29
3882 33
3883 28
3884 25
3885 24
3886 30
3887 31
3888 27
3889 33
3890 23
3891 22
3892 26
3893 32
3894 23
3895 29
3896 29
3897 27
3898 27
3899 27
3900 25
3901 23
3902 21
3903 21
3904 20
3905 18
3906 16
3907 28
3908 27
3909 22
3910 25
3911 17
3912 21
3913 22
3914 30
3915 28
3916 17
3917 30
3918 30
3919 23
3920 23
3921 22
3922 28
3923 20
3924 21
3925 19
3926 17
3927 21
3928 18
3929 29
3930 18
3931 20
3932 24
3933 23
3934 28
3935 30
3936 23
3937 18
3938 20
3939 25
3940 16
3941 22
3942 26
3943 24
3944 25
3945 31
3946 27
3947 11
3948 27
3949 26
3950 29
3951 27
3952 15
3953 24
3954 31
3955 28
3956 17
3957 17
3958 29
3959 21
3960 25
3961 27
3962 19
3963 30
3964 15
3965 31
3966 32
3967 22
3968 22
3969 23
3970 22
3971 20
3972 19
3973 25
3974 25
3975 19
3976 24
3977 23
3978 17
3979 28
3980 17
3981 29
3982 21
3983 21
3984 32
3985 18
3986 24
3987 25
3988 24
3989 21
3990 27
3991 29
3992 12
3993 18
3994 24
3995 21
3996 23
3997 15
3998 19
3999 17
4000 17
4001 27
4002 25
4003 26
4004 10
4005 17
4006 27
4007 19
4008 22
4009 21
4010 22
4011 31
4012 24
4013 18
4014 30
4015 32
4016 35
4017 28
4018 34
4019 31
4020 20
4021 22
4022 18
4023 25
4024 27
4025 19
4026 18
4027 28
4028 31
4029 23
4030 19
4031 16
4032 21
4033 13
4034 21
4035 15
4036 22
4037 27
4038 18
4039 37
4040 23
4041 31
4042 18
4043 25
4044 24
4045 26
4046 24
4047 23
4048 28
4049 18
4050 21
4051 29
4052 18
4053 17
4054 21
4055 21
4056 12
4057 18
4058 19
4059 21
4060 19
4061 23
4062 28
4063 22
4064 20
4065 35
4066 16
4067 21
4068 27
4069 25
4070 16
4071 20
4072 26
4073 28
4074 17
4075 23
4076 25
4077 13
4078 31
4079 17
4080 24
4081 27
4082 21
4083 27
4084 20
4085 18
4086 18
4087 27
4088 32
4089 19
4090 20
4091 20
4092 12
4093 25
4094 20
4095 21
4096 14
4097 29
4098 22
4099 18
4100 16
4101 20
4102 20
4103 27
4104 15
4105 23
4106 19
4107 25
4108 30
4109 28
4110 20
4111 35
4112 22
4113 30
4114 22
4115 29
4116 26
4117 26
4118 22
4119 17
4120 23
4121 36
4122 22
4123 25
4124 23
4125 25
4126 18
4127 19
4128 19
4129 24
4130 18
4131 22
4132 24
4133 30
4134 30
4135 27
4136 30
4137 39
4138 32
4139 45
4140 31
4141 26
4142 19
4143 22
4144 23
4145 24
4146 22
4147 26
4148 25
4149 21
4150 18
4151 26
4152 21
4153 20
4154 27
4155 25
4156 33
4157 25
4158 30
4159 23
4160 36
4161 29
4162 20
4163 17
4164 15
4165 26
4166 18
4167 19
4168 25
4169 13
4170 15
4171 21
4172 23
4173 28
4174 19
4175 16
4176 18
4177 18
4178 20
4179 20
4180 17
4181 25
4182 25
4183 14
4184 16
4185 20
4186 27
4187 17
4188 33
4189 19
4190 21
4191 17
4192 26
4193 26
4194 22
4195 28
4196 20
4197 17
4198 16
4199 19
4200 12
4201 20
4202 20
4203 27
4204 17
4205 13
4206 22
4207 18
4208 24
4209 17
4210 24
4211 21
4212 15
4213 18
4214 17
4215 16
4216 18
4217 27
4218 23
4219 17
4220 21
4221 23
4222 18
4223 20
4224 26
4225 17
4226 25
4227 18
4228 17
4229 23
4230 26
4231 17
4232 24
4233 18
4234 16
4235 18
4236 27
4237 30
4238 36
4239 20
4240 20
4241 21
4242 16
4243 15
4244 26
4245 19
4246 21
4247 20
4248 35
4249 22
4250 22
4251 15
4252 27
4253 20
4254 20
4255 24
4256 17
4257 31
4258 20
4259 17
4260 22
4261 21
4262 14
4263 19
4264 16
4265 19
4266 19
4267 17
4268 22
4269 20
4270 28
4271 19
4272 23
4273 12
4274 24
4275 15
4276 16
4277 19
4278 16
4279 11
4280 21
4281 17
4282 17
4283 13
4284 12
4285 14
4286 18
4287 11
4288 17
4289 19
4290 29
4291 23
4292 19
4293 21
4294 18
4295 28
4296 28
4297 17
4298 24
4299 25
4300 21
4301 28
4302 23
4303 38
4304 19
4305 18
4306 22
4307 27
4308 27
4309 21
4310 24
4311 24
4312 24
4313 27
4314 28
4315 14
4316 13
4317 18
4318 17
4319 15
4320 24
4321 14
4322 27
4323 19
4324 14
4325 23
4326 15
4327 25
4328 17
4329 22
4330 18
4331 15
4332 20
4333 17
4334 25
4335 19
4336 13
4337 17
4338 15
4339 18
4340 20
4341 20
4342 26
4343 16
4344 21
4345 10
4346 25
4347 13
4348 25
4349 18
4350 13
4351 19
4352 12
4353 23
4354 10
4355 18
4356 23
4357 22
4358 22
4359 15
4360 26
4361 23
4362 28
4363 15
4364 25
4365 30
4366 24
4367 33
4368 35
4369 36
4370 29
4371 33
4372 27
4373 18
4374 28
4375 21
4376 23
4377 25
4378 28
4379 24
4380 39
4381 27
4382 28
4383 31
4384 36
4385 32
4386 21
4387 22
4388 17
4389 18
4390 16
4391 23
4392 31
4393 29
4394 34
4395 31
4396 23
4397 24
4398 29
4399 22
4400 21
4401 23
4402 21
4403 24
4404 18
4405 27
4406 16
4407 20
4408 14
4409 14
4410 17
4411 20
4412 21
4413 18
4414 14
4415 28
4416 17
4417 14
4418 29
4419 17
4420 16
4421 23
4422 20
4423 21
4424 24
4425 19
4426 27
4427 26
4428 20
4429 11
4430 19
4431 15
4432 8
4433 20
4434 25
4435 13
4436 20
4437 23
4438 19
4439 21
4440 14
4441 23
4442 20
4443 17
4444 30
4445 23
4446 21
4447 14
4448 17
4449 25
4450 14
4451 22
4452 17
4453 18
4454 22
4455 17
4456 26
4457 17
4458 24
4459 23
4460 13
4461 20
4462 21
4463 20
4464 18
4465 22
4466 25
4467 23
4468 16
4469 17
4470 20
4471 20
4472 25
4473 13
4474 17
4475 10
4476 19
4477 15
4478 11
4479 18
4480 18
4481 22
4482 25
4483 18
4484 29
4485 15
4486 21
4487 20
4488 20
4489 25
4490 22
4491 24
4492 20
4493 20
4494 17
4495 26
4496 21
4497 20
4498 20
4499 11
4500 28
4501 23
4502 9
4503 16
4504 17
4505 20
4506 13
4507 18
4508 21
4509 15
4510 13
4511 21
4512 16
4513 17
4514 13
4515 14
4516 18
4517 26
4518 16
4519 15
4520 18
4521 14
4522 22
4523 16
4524 15
4525 16
4526 21
4527 16
4528 15
4529 10
4530 25
4531 29
4532 20
4533 17
4534 18
4535 19
4536 13
4537 21
4538 15
4539 20
4540 15
4541 19
4542 17
4543 16
4544 12
4545 19
4546 27
4547 21
4548 19
4549 13
4550 14
4551 15
4552 20
4553 16
4554 13
4555 17
4556 23
4557 22
4558 11
4559 17
4560 15
4561 24
4562 18
4563 17
4564 11
4565 15
4566 11
4567 14
4568 17
4569 18
4570 17
4571 18
4572 15
4573 17
4574 18
4575 19
4576 14
4577 12
4578 7
4579 16
4580 15
4581 10
4582 24
4583 5
4584 14
4585 13
4586 11
4587 18
4588 21
4589 12
4590 17
4591 18
4592 15
4593 10
4594 12
4595 20
4596 21
4597 17
4598 24
4599 18
4600 17
4601 16
4602 23
4603 26
4604 15
4605 13
4606 18
4607 18
4608 21
4609 17
4610 15
4611 22
4612 18
4613 19
4614 9
4615 13
4616 19
4617 20
4618 21
4619 27
4620 22
4621 33
4622 31
4623 22
4624 12
4625 14
4626 13
4627 21
4628 22
4629 15
4630 21
4631 12
4632 12
4633 18
4634 20
4635 13
4636 18
4637 16
4638 15
4639 16
4640 15
4641 15
4642 16
4643 21
4644 16
4645 23
4646 10
4647 24
4648 31
4649 17
4650 24
4651 19
4652 15
4653 12
4654 14
4655 18
4656 17
4657 20
4658 10
4659 21
4660 16
4661 16
4662 26
4663 16
4664 26
4665 25
4666 28
4667 32
4668 17
4669 12
4670 15
4671 17
4672 17
4673 18
4674 20
4675 23
4676 16
4677 16
4678 16
4679 23
4680 19
4681 11
4682 18
4683 19
4684 12
4685 22
4686 16
4687 23
4688 16
4689 13
4690 12
4691 11
4692 21
4693 15
4694 13
4695 13
4696 21
4697 15
4698 19
4699 14
4700 12
4701 14
4702 24
4703 17
4704 18
4705 12
4706 15
4707 15
4708 16
4709 23
4710 12
4711 16
4712 16
4713 14
4714 17
4715 16
4716 15
4717 21
4718 21
4719 19
4720 10
4721 19
4722 15
4723 15
4724 7
4725 9
4726 15
4727 17
4728 21
4729 18
4730 11
4731 20
4732 14
4733 14
4734 14
4735 25
4736 20
4737 16
4738 11
4739 7
4740 10
4741 26
4742 23
4743 10
4744 14
4745 11
4746 15
4747 14
4748 10
4749 18
4750 20
4751 9
4752 16
4753 16
4754 15
4755 14
4756 10
4757 20
4758 20
4759 15
4760 25
4761 20
4762 19
4763 26
4764 25
4765 16
4766 17
4767 17
4768 21
4769 13
4770 24
4771 15
4772 20
4773 17
4774 20
4775 14
4776 23
4777 13
4778 25
4779 25
4780 29
4781 24
4782 26
4783 15
4784 14
4785 11
4786 23
4787 16
4788 9
4789 13
4790 16
4791 11
4792 15
4793 22
4794 20
4795 16
4796 14
4797 13
4798 20
4799 13
4800 12
4801 16
4802 11
4803 19
4804 17
4805 15
4806 21
4807 18
4808 15
4809 30
4810 23
4811 19
4812 18
4813 26
4814 20
4815 27
4816 21
4817 14
4818 22
4819 18
4820 19
4821 29
4822 14
4823 22
4824 16
4825 11
4826 17
4827 12
4828 13
4829 20
4830 13
4831 16
4832 15
4833 17
4834 18
4835 25
4836 19
4837 12
4838 15
4839 18
4840 11
4841 10
4842 10
4843 12
4844 21
4845 14
4846 19
4847 19
4848 19
4849 19
4850 13
4851 10
4852 16
4853 21
4854 13
4855 14
4856 18
4857 11
4858 14
4859 16
4860 14
4861 14
4862 16
4863 16
4864 12
4865 13
4866 11
4867 12
4868 12
4869 14
4870 14
4871 14
4872 17
4873 12
4874 14
4875 16
4876 22
4877 19
4878 23
4879 22
4880 16
4881 23
4882 18
4883 16
4884 19
4885 16
4886 25
4887 17
4888 17
4889 28
4890 26
4891 24
4892 13
4893 7
4894 13
4895 21
4896 14
4897 18
4898 17
4899 20
4900 7
4901 14
4902 17
4903 16
4904 14
4905 11
4906 12
4907 13
4908 15
4909 12
4910 11
4911 19
4912 19
4913 14
4914 16
4915 20
4916 14
4917 13
4918 8
4919 15
4920 12
4921 16
4922 12
4923 16
4924 9
4925 10
4926 21
4927 9
4928 20
4929 17
4930 16
4931 11
4932 23
4933 15
4934 19
4935 17
4936 16
4937 21
4938 12
4939 22
4940 16
4941 14
4942 9
4943 12
4944 22
4945 16
4946 21
4947 11
4948 16
4949 10
4950 22
4951 15
4952 17
4953 14
4954 11
4955 16
4956 16
4957 12
4958 16
4959 15
4960 23
4961 15
4962 16
4963 19
4964 16
4965 11
4966 14
4967 19
4968 14
4969 13
4970 14
4971 19
4972 22
4973 22
4974 22
4975 15
4976 28
4977 21
4978 23
4979 22
4980 20
4981 19
4982 16
4983 6
4984 10
4985 13
4986 18
4987 22
4988 14
4989 14
4990 18
4991 23
4992 21
4993 17
4994 34
4995 20
4996 22
4997 19
4998 17
4999 12
5000 16
5001 17
5002 14
5003 19
5004 25
5005 22
5006 19
5007 24
5008 10
5009 25
5010 14
5011 18
5012 12
5013 14
5014 15
5015 22
5016 11
5017 18
5018 23
5019 20
5020 13
5021 9
5022 17
5023 21
5024 18
5025 16
5026 17
5027 14
5028 21
5029 14
5030 13
5031 11
5032 14
5033 11
5034 16
5035 17
5036 15
5037 20
5038 11
5039 11
5040 8
5041 16
5042 11
5043 13
5044 11
5045 20
5046 18
5047 17
5048 16
5049 21
5050 7
5051 18
5052 14
5053 18
5054 13
5055 14
5056 18
5057 12
5058 14
5059 21
5060 9
5061 9
5062 15
5063 11
5064 11
5065 18
5066 9
5067 10
5068 23
5069 18
5070 13
5071 20
5072 12
5073 13
5074 16
5075 20
5076 14
5077 23
5078 17
5079 17
5080 19
5081 9
5082 19
5083 19
5084 22
5085 21
5086 13
5087 15
5088 11
5089 11
5090 11
5091 11
5092 12
5093 12
5094 15
5095 10
5096 19
5097 18
5098 19
5099 19
5100 14
5101 11
5102 10
5103 16
5104 15
5105 17
5106 19
5107 22
5108 16
5109 19
5110 21
5111 17
5112 13
5113 24
5114 14
5115 16
5116 13
5117 21
5118 15
5119 16
5120 15
5121 12
5122 11
5123 17
5124 19
5125 15
5126 19
5127 13
5128 11
5129 17
5130 20
5131 16
5132 12
5133 15
5134 16
5135 17
5136 14
5137 13
5138 12
5139 9
5140 14
5141 13
5142 8
5143 13
5144 10
5145 17
5146 15
5147 15
5148 13
5149 16
5150 12
5151 13
5152 13
5153 14
5154 16
5155 17
5156 9
5157 12
5158 15
5159 15
5160 17
5161 14
5162 13
5163 18
5164 20
5165 16
5166 8
5167 14
5168 11
5169 16
5170 12
5171 13
5172 13
5173 13
5174 15
5175 22
5176 13
5177 17
5178 9
5179 13
5180 14
5181 14
5182 9
5183 9
5184 12
5185 13
5186 14
5187 20
5188 12
5189 13
5190 14
5191 22
5192 16
5193 13
5194 15
5195 13
5196 15
5197 14
5198 13
5199 14
5200 12
5201 12
5202 15
5203 15
5204 10
5205 12
5206 12
5207 17
5208 18
5209 14
5210 17
5211 16
5212 9
5213 20
5214 12
5215 7
5216 17
5217 10
5218 11
5219 17
5220 10
5221 13
5222 16
5223 20
5224 12
5225 15
5226 14
5227 10
5228 13
5229 14
5230 9
5231 11
5232 13
5233 11
5234 13
5235 19
5236 6
5237 15
5238 16
5239 15
5240 16
5241 18
5242 9
5243 13
5244 19
5245 10
5246 16
5247 14
5248 17
5249 13
5250 15
5251 18
5252 19
5253 10
5254 12
5255 18
5256 15
5257 16
5258 12
5259 11
5260 10
5261 13
5262 16
5263 10
5264 10
5265 10
5266 12
5267 15
5268 13
5269 16
5270 13
5271 19
5272 21
5273 22
5274 22
5275 11
5276 12
5277 18
5278 23
5279 14
5280 18
5281 22
5282 8
5283 17
5284 13
5285 15
5286 15
5287 21
5288 18
5289 26
5290 24
5291 30
5292 26
5293 29
5294 28
5295 23
5296 21
5297 18
5298 14
5299 16
5300 20
5301 21
5302 8
5303 13
5304 12
5305 11
5306 11
5307 10
5308 15
5309 14
5310 19
5311 12
5312 19
5313 13
5314 17
5315 16
5316 15
5317 10
5318 15
5319 17
5320 20
5321 17
5322 23
5323 19
5324 14
5325 23
5326 18
5327 21
5328 18
5329 12
5330 18
5331 22
5332 20
5333 16
5334 23
5335 13
5336 19
5337 13
5338 10
5339 10
5340 7
5341 19
5342 10
5343 13
5344 14
5345 10
5346 13
5347 9
5348 13
5349 12
5350 7
5351 19
5352 13
5353 15
5354 17
5355 6
5356 10
5357 14
5358 8
5359 12
5360 11
5361 9
5362 12
5363 7
5364 17
5365 11
5366 12
5367 17
5368 16
5369 13
5370 11
5371 7
5372 11
5373 16
5374 19
5375 14
5376 12
5377 15
5378 8
5379 19
5380 12
5381 13
5382 21
5383 21
5384 14
5385 15
5386 12
5387 10
5388 11
5389 13
5390 14
5391 15
5392 15
5393 17
5394 16
5395 19
5396 18
5397 14
5398 22
5399 19
5400 16
5401 21
5402 12
5403 25
5404 24
5405 23
5406 24
5407 16
5408 21
5409 16
5410 13
5411 19
5412 17
5413 19
5414 17
5415 19
5416 18
5417 18
5418 23
5419 26
5420 17
5421 7
5422 14
5423 22
5424 22
5425 25
5426 19
5427 12
5428 16
5429 20
5430 35
5431 33
5432 20
5433 15
5434 19
5435 12
5436 14
5437 17
5438 15
5439 21
5440 14
5441 16
5442 10
5443 13
5444 18
5445 12
5446 16
5447 9
5448 12
5449 14
5450 11
5451 10
5452 13
5453 12
5454 15
5455 10
5456 14
5457 19
5458 7
5459 6
5460 14
5461 14
5462 12
5463 8
5464 9
5465 16
5466 13
5467 10
5468 7
5469 11
5470 15
5471 13
5472 13
5473 14
5474 17
5475 13
5476 16
5477 13
5478 10
5479 13
5480 12
5481 18
5482 5
5483 15
5484 11
5485 29
5486 22
5487 18
5488 25
5489 18
5490 16
5491 21
5492 14
5493 14
5494 10
5495 9
5496 11
5497 14
5498 15
5499 13
5500 10
5501 20
5502 9
5503 9
5504 15
5505 11
5506 9
5507 13
5508 13
5509 19
5510 17
5511 15
5512 12
5513 17
5514 17
5515 16
5516 15
5517 24
5518 17
5519 14
5520 12
5521 10
5522 6
5523 7
5524 9
5525 11
5526 15
5527 9
5528 12
5529 8
5530 8
5531 16
5532 14
5533 15
5534 16
5535 11
5536 16
5537 9
5538 11
5539 6
5540 10
5541 12
5542 10
5543 12
5544 7
5545 11
5546 6
5547 13
5548 11
5549 7
5550 12
5551 12
5552 13
5553 9
5554 14
5555 11
5556 11
5557 9
5558 14
5559 15
5560 11
5561 13
5562 12
5563 13
5564 21
5565 15
5566 18
5567 8
5568 13
5569 7
5570 12
5571 21
5572 15
5573 14
5574 12
5575 10
5576 8
5577 5
5578 7
5579 14
5580 11
5581 6
5582 6
5583 8
5584 8
5585 13
5586 15
5587 18
5588 14
5589 13
5590 17
5591 18
5592 16
5593 13
5594 10
5595 13
5596 16
5597 17
5598 11
5599 9
5600 8
5601 12
5602 14
5603 11
5604 10
5605 11
5606 9
5607 14
5608 12
5609 11
5610 5
5611 5
5612 7
5613 7
5614 9
5615 9
5616 8
5617 13
5618 9
5619 14
5620 7
5621 14
5622 16
5623 13
5624 14
5625 12
5626 12
5627 13
5628 14
5629 7
5630 12
5631 12
5632 9
5633 7
5634 10
5635 12
5636 11
5637 11
5638 9
5639 10
5640 15
5641 10
5642 9
5643 10
5644 10
5645 11
5646 8
5647 7
5648 10
5649 8
5650 10
5651 6
5652 11
5653 11
5654 13
5655 6
5656 9
5657 13
5658 12
5659 12
5660 15
5661 9
5662 8
5663 15
5664 9
5665 13
5666 17
5667 11
5668 13
5669 9
5670 9
5671 13
5672 13
5673 7
5674 11
5675 10
5676 7
5677 14
5678 9
5679 10
5680 17
5681 6
5682 11
5683 14
5684 9
5685 16
5686 6
5687 11
5688 9
5689 9
5690 12
5691 11
5692 11
5693 14
5694 12
5695 10
5696 14
5697 16
5698 9
5699 8
5700 9
5701 12
5702 10
5703 9
5704 10
5705 14
5706 9
5707 14
5708 11
5709 12
5710 14
5711 16
5712 20
5713 13
5714 18
5715 12
5716 10
5717 6
5718 11
5719 7
5720 8
5721 10
5722 10
5723 9
5724 20
5725 8
5726 7
5727 11
5728 14
5729 16
5730 12
5731 11
5732 12
5733 7
5734 15
5735 12
5736 10
5737 7
5738 9
5739 7
5740 11
5741 13
5742 12
5743 10
5744 18
5745 7
5746 7
5747 15
5748 11
5749 8
5750 9
5751 18
5752 13
5753 8
5754 12
5755 6
5756 13
5757 12
5758 10
5759 3
5760 8
5761 3
5762 8
5763 19
5764 5
5765 10
5766 11
5767 13
5768 10
5769 13
5770 19
5771 10
5772 12
5773 9
5774 7
5775 10
5776 12
5777 6
5778 14
5779 10
5780 18
5781 22
5782 17
5783 15
5784 15
5785 14
5786 11
5787 12
5788 9
5789 13
5790 12
5791 7
5792 11
5793 17
5794 20
5795 18
5796 9
5797 17
5798 15
5799 13
5800 18
5801 14
5802 17
5803 19
5804 16
5805 23
5806 17
5807 30
5808 21
5809 27
5810 27
5811 62
5812 51
5813 50
5814 61
5815 39
5816 38
5817 38
5818 49
5819 49
5820 28
5821 31
5822 46
5823 51
5824 44
5825 43
5826 35
5827 39
5828 44
5829 52
5830 38
5831 44
5832 29
5833 43
5834 33
5835 44
5836 36
5837 46
5838 45
5839 41
5840 31
5841 47
5842 38
5843 58
5844 40
5845 40
5846 44
5847 45
5848 39
5849 41
5850 53
5851 32
5852 39
5853 35
5854 33
5855 48
5856 50
5857 42
5858 37
5859 40
5860 43
5861 49
5862 38
5863 44
5864 39
5865 44
5866 32
5867 38
5868 29
5869 44
5870 45
5871 42
5872 43
5873 43
5874 38
5875 42
5876 42
5877 41
5878 38
5879 41
5880 43
5881 35
5882 31
5883 39
5884 28
5885 51
5886 41
5887 21
5888 46
5889 36
5890 37
5891 40
5892 43
5893 38
5894 36
5895 21
5896 35
5897 32
5898 32
5899 42
5900 37
5901 34
5902 39
5903 35
5904 39
5905 33
5906 31
5907 30
5908 26
5909 37
5910 42
5911 41
5912 38
5913 41
5914 37
5915 24
5916 46
5917 35
5918 45
5919 36
5920 37
5921 40
5922 38
5923 32
5924 56
5925 36
5926 28
5927 43
5928 48
5929 43
5930 40
5931 33
5932 37
5933 38
5934 41
5935 34
5936 44
5937 43
5938 29
5939 38
5940 31
5941 34
5942 30
5943 37
5944 39
5945 46
5946 37
5947 39
5948 35
5949 25
5950 33
5951 31
5952 33
5953 17
5954 29
5955 40
5956 49
5957 35
5958 27
5959 32
5960 51
5961 41
5962 32
5963 37
5964 32
5965 33
5966 37
5967 40
5968 31
5969 31
5970 35
5971 44
5972 43
5973 34
5974 35
5975 36
5976 41
5977 21
5978 32
5979 31
5980 31
5981 49
5982 26
5983 31
5984 26
5985 47
5986 35
5987 34
5988 36
5989 38
5990 42
5991 29
5992 32
5993 34
5994 27
5995 40
5996 32
5997 36
5998 34
5999 35
6000 26
6001 34
6002 36
6003 30
6004 43
6005 39
6006 35
6007 36
6008 38
6009 37
6010 31
6011 35
6012 27
6013 40
6014 27
6015 39
6016 22
6017 34
6018 25
6019 21
6020 35
6021 36
6022 32
6023 30
6024 29
6025 15
6026 35
6027 40
6028 34
6029 28
6030 34
6031 31
6032 35
6033 27
6034 38
6035 29
6036 31
6037 34
6038 35
6039 34
6040 35
6041 32
6042 25
6043 33
6044 28
6045 44
6046 40
6047 42
6048 45
6049 48
6050 39
6051 40
6052 43
6053 46
6054 65
6055 145
6056 100
6057 78
6058 70
6059 105
6060 98
6061 175
6062 224
6063 128
6064 66
6065 40
6066 34
6067 44
6068 35
6069 42
6070 34
6071 36
6072 33
6073 30
6074 37
6075 38
6076 30
6077 37
6078 28
6079 42
6080 39
6081 33
6082 32
6083 35
6084 38
6085 41
6086 30
6087 33
6088 26
6089 45
6090 26
6091 34
6092 44
6093 36
6094 41
6095 34
6096 46
6097 44
6098 40
6099 37
6100 39
6101 34
6102 37
6103 35
6104 45
6105 40
6106 46
6107 39
6108 49
6109 44
6110 52
6111 47
6112 55
6113 74
6114 73
6115 63
6116 69
6117 62
6118 78
6119 73
6120 73
6121 94
6122 80
6123 80
6124 59
6125 103
6126 101
6127 139
6128 146
6129 177
6130 263
6131 257
6132 288
6133 334
6134 249
6135 219
6136 163
6137 129
6138 131
6139 94
6140 110
6141 98
6142 100
6143 98
6144 78
6145 89
6146 81
6147 72
6148 85
6149 70
6150 77
6151 73
6152 55
6153 58
6154 63
6155 48
6156 63
6157 76
6158 45
6159 45
6160 52
6161 58
6162 50
6163 47
6164 41
6165 62
6166 50
6167 37
6168 52
6169 46
6170 36
6171 35
6172 33
6173 19
6174 5
6175 3
6176 2
6177 0
6178 1
6179 1
6180 0
6181 0
6182 0
6183 0
6184 0
6185 0
6186 0
6187 0
6188 0
6189 1
6190 0
6191 0
6192 0
6193 0
6194 0
6195 0
6196 1
6197 1
6198 0
6199 1
6200 1
6201 0
6202 0
6203 0
6204 0
6205 0
6206 0
6207 0
6208 0
6209 0
6210 0
6211 0
6212 0
6213 0
6214 0
6215 0
6216 0
6217 0
6218 0
6219 0
6220 0
6221 0
6222 0
6223 0
6224 0
6225 0
6226 0
6227 0
6228 0
6229 0
6230 0
6231 0
6232 0
6233 0
6234 0
6235 0
6236 0
6237 0
6238 0
6239 0
6240 0
6241 0
6242 0
6243 0
6244 0
6245 0
6246 0
6247 0
6248 0
6249 0
6250 0
6251 0
6252 0
6253 0
6254 0
6255 0
6256 0
6257 0
6258 0
6259 0
6260 0
6261 0
6262 0
6263 0
6264 0
6265 0
6266 0
6267 0
6268 0
6269 0
6270 0
6271 0
6272 0
6273 0
6274 0
6275 0
6276 0
6277 0
6278 0
6279 0
6280 0
6281 0
6282 0
6283 0
6284 0
6285 0
6286 0
6287 0
6288 0
6289 0
6290 0
6291 0
6292 0
6293 0
6294 0
6295 0
6296 0
6297 0
6298 0
6299 0
6300 0
6301 0
6302 0
6303 0
6304 0
6305 0
6306 0
6307 0
6308 0
6309 0
6310 0
6311 0
6312 0
6313 0
6314 0
6315 0
6316 0
6317 0
6318 0
6319 0
6320 0
6321 0
6322 0
6323 0
6324 0
6325 0
6326 0
6327 0
6328 0
6329 0
6330 0
6331 0
6332 0
6333 0
6334 0
6335 0
6336 0
6337 0
6338 0
6339 0
6340 0
6341 0
6342 0
6343 0
6344 0
6345 0
6346 0
6347 0
6348 0
6349 0
6350 0
6351 0
6352 0
6353 0
6354 0
6355 0
6356 0
6357 0
6358 0
6359 0
6360 0
6361 0
6362 0
6363 0
6364 0
6365 0
6366 0
6367 0
6368 0
6369 0
6370 0
6371 0
6372 0
6373 0
6374 0
6375 0
6376 0
6377 0
6378 0
6379 0
6380 0
6381 0
6382 0
6383 0
6384 0
6385 0
6386 0
6387 0
6388 0
6389 0
6390 0
6391 0
6392 0
6393 0
6394 0
6395 0
6396 0
6397 0
6398 0
6399 0
6400 0
6401 0
6402 0
6403 0
6404 0
6405 0
6406 0
6407 0
6408 0
6409 0
6410 0
6411 0
6412 0
6413 0
6414 0
6415 0
6416 0
6417 0
6418 0
6419 0
6420 0
6421 0
6422 0
6423 0
6424 0
6425 0
6426 0
6427 0
6428 0
6429 0
6430 0
6431 0
6432 0
6433 0
6434 0
6435 0
6436 0
6437 0
6438 0
6439 0
6440 0
6441 0
6442 0
6443 0
6444 0
6445 0
6446 0
6447 0
6448 0
6449 0
6450 0
6451 0
6452 0
6453 0
6454 0
6455 0
6456 0
6457 0
6458 0
6459 0
6460 0
6461 0
6462 0
6463 0
6464 0
6465 0
6466 0
6467 0
6468 0
6469 0
6470 0
6471 0
6472 0
6473 0
6474 0
6475 0
6476 0
6477 0
6478 0
6479 0
6480 0
6481 0
6482 0
6483 0
6484 0
6485 0
6486 0
6487 0
6488 0
6489 0
6490 0
6491 0
6492 0
6493 0
6494 0
6495 0
6496 0
6497 0
6498 0
6499 0
6500 0
6501 0
6502 0
6503 0
6504 0
6505 0
6506 0
6507 0
6508 0
6509 0
6510 0
6511 0
6512 0
6513 0
6514 0
6515 0
6516 0
6517 0
6518 0
6519 0
6520 0
6521 0
6522 0
6523 0
6524 0
6525 0
6526 0
6527 0
6528 0
6529 0
6530 0
6531 0
6532 0
6533 0
6534 0
6535 0
6536 0
6537 0
6538 0
6539 0
6540 0
6541 0
6542 0
6543 0
6544 0
6545 0
6546 0
6547 0
6548 0
6549 0
6550 0
6551 0
6552 0
6553 0
6554 0
6555 0
6556 0
6557 0
6558 0
6559 0
6560 0
6561 0
6562 0
6563 0
6564 0
6565 0
6566 0
6567 0
6568 0
6569 0
6570 0
6571 0
6572 0
6573 0
6574 0
6575 0
6576 0
6577 0
6578 0
6579 0
6580 0
6581 0
6582 0
6583 0
6584 0
6585 0
6586 0
6587 0
6588 0
6589 0
6590 0
6591 0
6592 0
6593 0
6594 0
6595 0
6596 0
6597 0
6598 0
6599 0
6600 0
6601 0
6602 0
6603 0
6604 0
6605 0
6606 0
6607 0
6608 0
6609 0
6610 0
6611 0
6612 0
6613 0
6614 0
6615 0
6616 0
6617 0
6618 0
6619 0
6620 0
6621 0
6622 0
6623 0
6624 0
6625 0
6626 0
6627 0
6628 0
6629 0
6630 0
6631 0
6632 0
6633 0
6634 0
6635 0
6636 0
6637 0
6638 0
6639 0
6640 0
6641 0
6642 0
6643 0
6644 0
6645 0
6646 0
6647 0
6648 0
6649 0
6650 0
6651 0
6652 0
6653 0
6654 0
6655 0
6656 0
6657 0
6658 0
6659 0
6660 0
6661 0
6662 0
6663 0
6664 0
6665 0
6666 0
6667 0
6668 0
6669 0
6670 0
6671 0
6672 0
6673 0
6674 0
6675 0
6676 0
6677 0
6678 0
6679 0
6680 0
6681 0
6682 0
6683 0
6684 0
6685 0
6686 0
6687 0
6688 0
6689 0
6690 0
6691 0
6692 0
6693 0
6694 0
6695 0
6696 0
6697 0
6698 0
6699 0
6700 0
6701 0
6702 0
6703 0
6704 0
6705 0
6706 0
6707 0
6708 0
6709 0
6710 0
6711 0
6712 0
6713 0
6714 0
6715 0
6716 0
6717 0
6718 0
6719 0
6720 0
6721 0
6722 0
6723 0
6724 0
6725 0
6726 0
6727 0
6728 0
6729 0
6730 0
6731 0
6732 0
6733 0
6734 0
6735 0
6736 0
6737 0
6738 0
6739 0
6740 0
6741 0
6742 0
6743 0
6744 0
6745 0
6746 0
6747 0
6748 0
6749 0
6750 0
6751 0
6752 0
6753 0
6754 0
6755 0
6756 0
6757 0
6758 0
6759 0
6760 0
6761 0
6762 0
6763 0
6764 0
6765 0
6766 0
6767 0
6768 0
6769 0
6770 0
6771 0
6772 0
6773 0
6774 0
6775 0
6776 0
6777 0
6778 0
6779 0
6780 0
6781 0
6782 0
6783 0
6784 0
6785 0
6786 0
6787 0
6788 0
6789 0
6790 0
6791 0
6792 0
6793 0
6794 0
6795 0
6796 0
6797 0
6798 0
6799 0
6800 0
6801 0
6802 0
6803 0
6804 0
6805 0
6806 0
6807 0
6808 0
6809 0
6810 0
6811 0
6812 0
6813 0
6814 0
6815 0
6816 0
6817 0
6818 0
6819 0
6820 0
6821 0
6822 0
6823 0
6824 0
6825 0
6826 0
6827 0
6828 0
6829 0
6830 0
6831 0
6832 0
6833 0
6834 0
6835 0
6836 0
6837 0
6838 0
6839 0
6840 0
6841 0
6842 0
6843 0
6844 0
6845 0
6846 0
6847 0
6848 0
6849 0
6850 0
6851 0
6852 0
6853 0
6854 0
6855 0
6856 0
6857 0
6858 0
6859 0
6860 0
6861 0
6862 0
6863 0
6864 0
6865 0
6866 0
6867 0
6868 0
6869 0
6870 0
6871 0
6872 0
6873 0
6874 0
6875 0
6876 0
6877 0
6878 0
6879 0
6880 0
6881 0
6882 0
6883 0
6884 0
6885 0
6886 0
6887 0
6888 0
6889 0
6890 0
6891 0
6892 0
6893 0
6894 0
6895 0
6896 0
6897 0
6898 0
6899 0
6900 0
6901 0
6902 0
6903 0
6904 0
6905 0
6906 0
6907 0
6908 0
6909 0
6910 0
6911 0
6912 0
6913 0
6914 0
6915 0
6916 0
6917 0
6918 0
6919 0
6920 0
6921 0
6922 0
6923 0
6924 0
6925 0
6926 0
6927 0
6928 0
6929 0
6930 0
6931 0
6932 0
6933 0
6934 0
6935 0
6936 0
6937 0
6938 0
6939 0
6940 0
6941 0
6942 0
6943 0
6944 0
6945 0
6946 0
6947 0
6948 0
6949 0
6950 0
6951 0
6952 0
6953 0
6954 0
6955 0
6956 0
6957 0
6958 0
6959 0
6960 0
6961 0
6962 0
6963 0
6964 0
6965 0
6966 0
6967 0
6968 0
6969 0
6970 0
6971 0
6972 0
6973 0
6974 0
6975 0
6976 0
6977 0
6978 0
6979 0
6980 0
6981 0
6982 0
6983 0
6984 0
6985 0
6986 0
6987 0
6988 0
6989 0
6990 0
6991 0
6992 0
6993 0
6994 0
6995 0
6996 0
6997 0
6998 0
6999 0
