0
0
0
0
0
0
1
0
0
0
0
0
0
1
0
0
0
1
0
0
0
0
0
0
0
0
1
0
0
0
0
1
0
0
0
0
0
0
0
0
0
2
0
0
0
0
0
1
0
0
0
0
2
2
4
24
62
262
500
1040
1759
2523
2989
3038
2651
1915
1218
609
303
135
79
47
43
34
25
31
23
23
29
36
33
44
60
83
67
106
131
165
199
216
250
298
366
428
455
496
605
618
671
723
838
871
931
992
1001
971
1039
1068
1112
1120
1224
1310
1530
1743
1905
1961
1996
1946
1798
1652
1479
1316
1191
1056
1093
1054
1058
1146
1202
1276
1271
1350
1442
1498
1514
1553
1718
1690
1760
1851
2052
2258
2771
3461
4607
6312
8915
12084
15882
20062
24289
27803
30880
31970
32035
30937
28159
24763
20583
16144
12097
8915
6147
4158
2885
1925
1458
1209
1079
1021
1078
935
1072
1014
1017
964
1020
998
1066
1188
1585
1901
2572
3054
4030
4801
5825
6512
7202
7469
7771
7499
7059
6268
5635
4976
4330
3705
3159
2736
2462
2112
1750
1499
1160
870
787
570
498
446
461
396
394
386
382
373
350
387
358
360
342
283
331
298
310
318
348
311
295
286
304
315
280
292
301
292
236
282
285
302
274
286
284
281
294
292
278
280
289
268
283
281
278
300
270
312
288
285
277
303
256
281
285
301
288
288
298
278
287
297
311
256
294
287
286
305
314
302
296
281
315
281
302
301
289
277
314
299
308
289
292
287
318
266
306
319
287
307
305
291
324
304
300
306
300
309
316
257
318
304
299
309
313
315
324
304
306
312
318
349
365
303
354
365
338
342
315
313
355
343
333
328
325
347
355
360
377
314
318
355
359
304
327
354
354
352
347
330
347
345
317
333
369
334
311
349
355
361
380
358
397
393
358
392
333
368
352
371
370
378
376
383
382
376
393
370
393
397
380
408
388
453
398
416
420
496
496
575
677
672
702
752
765
844
739
706
677
686
580
614
598
625
670
710
762
944
1055
1061
1141
1130
1110
1056
984
896
763
656
610
519
474
441
428
381
396
388
412
395
393
388
399
406
427
392
406
418
404
406
420
377
414
409
416
431
451
419
398
474
460
471
465
462
456
457
453
446
474
429
400
459
457
465
425
445
454
404
452
482
455
488
461
458
470
500
530
519
565
593
612
636
810
754
886
868
852
793
823
829
778
728
658
690
614
545
605
568
546
612
598
589
585
627
632
662
575
605
606
649
581
540
560
534
509
494
546
523
525
515
499
520
512
581
571
522
551
571
554
564
528
539
510
556
553
567
576
594
575
563
578
601
590
603
607
582
604
598
599
620
585
629
598
587
601
564
621
634
575
648
604
627
554
621
655
605
591
619
591
618
528
611
634
632
608
644
611
634
631
634
628
615
623
627
619
609
652
613
630
626
651
693
632
619
614
664
635
624
639
629
611
664
620
580
612
635
669
612
601
653
609
617
614
628
647
651
629
609
594
587
690
661
634
634
604
633
580
651
626
622
608
604
641
666
672
689
626
619
631
630
653
629
620
622
677
608
638
634
641
651
587
618
663
622
632
622
619
610
617
602
612
614
614
639
622
627
628
626
612
613
657
573
626
677
614
656
646
617
625
651
630
623
658
700
662
633
630
644
688
605
646
642
702
614
649
679
638
604
600
611
621
614
647
658
552
547
640
634
667
610
599
642
610
629
645
597
624
596
620
618
640
654
619
611
545
598
602
541
610
578
605
605
600
614
547
605
600
588
584
600
580
535
610
550
590
574
589
667
800
924
1170
1706
2469
3477
4876
6922
8977
11388
13988
16475
18490
19383
19891
19412
17573
15626
13186
10625
8135
6032
4234
2978
2107
1462
1093
786
638
576
520
498
405
484
441
451
419
411
419
456
420
470
466
454
420
434
411
453
466
410
441
412
465
440
448
453
457
409
437
455
490
454
445
383
419
429
432
454
440
487
422
464
438
436
454
446
395
401
446
435
411
455
451
423
462
476
431
405
475
416
443
409
441
459
421
413
424
419
438
442
446
446
439
436
429
407
432
470
467
439
440
435
450
392
442
423
444
427
408
460
424
432
415
453
453
411
453
422
450
511
441
449
459
431
399
429
404
447
425
452
460
424
460
422
433
467
418
442
428
452
412
436
449
421
457
459
482
457
456
441
419
427
438
455
441
448
426
439
416
452
461
438
430
438
421
437
457
447
436
446
467
476
465
442
432
426
456
451
440
460
482
427
461
470
446
483
468
429
472
416
455
436
512
442
448
473
445
478
478
468
477
505
442
452
468
476
450
463
470
476
482
480
458
473
461
499
479
475
450
441
455
482
470
458
423
424
424
455
487
450
473
478
440
494
475
446
467
452
438
434
479
435
411
472
509
485
386
488
485
441
451
449
452
439
464
501
466
460
472
445
455
468
473
465
449
496
470
432
457
456
473
450
452
446
481
442
444
430
456
445
467
462
409
487
465
442
456
462
446
471
458
486
498
537
526
573
532
529
586
556
566
605
603
515
560
555
559
506
535
512
481
484
493
468
441
454
471
486
447
452
472
487
456
466
479
458
438
449
444
435
477
457
461
478
464
472
472
443
481
503
485
497
477
491
473
489
440
397
503
498
487
458
472
464
454
461
492
451
455
460
502
446
452
435
433
423
459
479
452
466
458
438
482
438
436
466
450
472
486
429
446
420
518
454
449
469
462
465
493
479
450
495
470
464
450
453
472
472
486
437
469
442
466
495
441
481
460
425
434
462
425
445
444
436
449
475
445
452
464
463
463
479
426
435
465
453
465
432
451
446
441
455
417
445
448
434
459
476
450
468
455
446
497
454
413
483
472
468
443
459
432
446
481
469
439
447
435
500
450
468
426
439
446
516
448
429
473
444
448
447
442
504
458
423
439
442
501
453
458
481
451
479
430
449
515
442
477
480
474
466
480
486
446
438
456
476
455
431
474
489
413
518
453
453
460
442
457
495
467
474
448
412
458
448
440
463
430
466
491
468
435
433
426
454
468
463
468
444
454
464
467
453
476
451
462
419
430
480
465
445
478
444
442
461
433
457
442
485
461
468
456
446
468
459
457
421
471
433
417
434
450
440
422
450
453
450
442
389
458
420
410
458
371
419
431
445
436
429
429
424
417
451
411
442
421
392
454
412
402
412
410
445
445
385
427
424
436
417
429
436
422
428
366
375
378
402
397
389
406
386
378
414
394
371
397
386
431
401
397
381
401
397
378
404
423
417
431
366
386
412
385
402
369
405
380
398
408
401
394
406
430
413
374
429
383
355
419
379
434
406
374
418
407
431
397
376
372
393
365
382
357
418
392
399
374
339
403
403
374
378
362
381
352
402
422
397
387
375
445
419
364
414
390
373
392
358
379
357
359
369
344
375
398
374
358
383
364
372
355
334
368
357
378
379
311
356
374
347
373
415
373
369
370
374
350
387
363
384
363
363
388
369
363
359
362
404
363
356
356
359
376
353
371
384
370
351
347
361
339
403
347
337
348
381
326
350
381
391
370
353
377
368
339
320
340
325
355
351
372
350
344
365
337
328
349
348
354
343
341
350
338
329
315
322
348
371
294
310
320
345
330
376
313
376
326
344
314
329
335
330
325
335
310
326
337
353
336
327
312
335
309
322
306
364
324
320
308
320
342
332
303
307
353
325
351
292
380
315
323
319
320
372
359
335
315
313
325
307
337
364
323
307
328
325
326
312
324
323
364
333
336
298
324
320
331
345
287
345
327
297
332
343
319
348
319
351
320
334
351
312
357
334
294
361
283
306
321
303
340
352
355
308
348
362
318
340
364
352
313
312
343
336
326
301
326
302
317
302
314
322
324
320
306
320
315
331
291
283
325
303
348
313
332
300
348
345
385
386
484
488
627
839
1106
1353
1704
2201
2419
2876
3288
3526
3652
3654
3430
3165
2810
2327
1987
1588
1188
962
714
568
479
368
352
367
305
298
298
317
295
309
288
287
279
304
324
299
303
265
296
289
270
280
288
292
267
266
272
288
280
283
293
319
274
291
294
317
295
302
301
275
306
301
307
303
315
348
292
283
293
267
261
281
296
325
292
308
279
294
278
296
275
295
289
260
257
252
255
254
300
306
268
289
267
270
246
265
281
302
281
283
310
264
280
298
261
276
290
258
274
290
286
271
307
259
266
261
276
258
286
270
270
275
299
276
259
299
259
243
247
270
258
270
270
295
251
262
294
250
262
260
264
265
289
269
264
286
267
304
279
273
249
274
299
272
304
263
275
294
294
271
263
269
240
305
270
271
275
248
301
267
249
274
262
239
285
256
279
278
289
249
282
227
282
268
262
248
279
254
276
277
278
279
239
261
238
282
272
288
279
308
307
315
293
282
283
276
272
297
306
292
301
290
272
280
273
250
274
272
277
267
262
261
291
291
259
273
269
290
255
262
266
278
274
242
278
284
272
243
255
268
264
275
248
245
276
273
279
261
264
261
252
269
257
300
249
241
267
260
274
273
252
267
260
263
259
270
242
268
267
232
259
226
265
251
253
257
221
245
243
224
256
245
288
252
254
261
220
243
272
247
275
262
255
278
259
236
254
254
253
272
281
245
250
260
264
314
262
297
293
283
265
258
271
244
254
257
271
227
235
276
255
255
251
265
245
247
220
240
230
236
264
245
274
231
244
217
239
242
259
223
256
214
272
225
220
248
240
243
274
249
221
261
226
226
231
243
233
250
208
236
259
222
236
232
255
253
228
230
247
247
238
253
241
231
257
225
247
260
244
245
261
268
258
282
341
316
365
374
392
337
425
395
409
373
378
345
324
300
289
259
274
231
223
235
237
243
251
223
242
237
239
244
223
251
240
252
236
242
246
202
230
220
245
237
221
235
238
230
224
226
233
197
225
236
224
234
229
235
238
206
215
199
231
242
229
206
214
222
251
243
220
216
239
238
234
227
229
238
227
237
227
214
246
210
208
251
205
228
236
224
199
198
235
191
256
231
227
211
209
259
215
210
225
208
240
211
215
217
230
226
238
210
232
210
201
243
213
202
212
206
219
235
236
216
204
214
237
224
192
213
230
207
205
211
191
232
247
239
220
226
227
225
226
193
206
206
234
202
223
248
251
227
240
247
214
208
252
195
229
206
211
252
221
207
221
218
208
216
226
187
205
225
180
203
203
223
203
212
188
213
234
227
215
204
228
192
205
222
168
206
219
211
201
200
185
193
188
192
218
226
181
212
191
198
213
199
198
211
204
222
211
204
215
213
188
217
213
211
228
219
204
215
213
205
208
265
225
229
254
220
221
210
207
217
214
213
207
216
183
204
194
203
190
216
229
197
216
199
207
218
226
223
246
196
218
246
252
239
247
224
247
247
253
257
214
235
208
201
242
210
197
217
207
203
217
180
176
182
211
186
198
200
175
186
180
206
195
216
173
210
162
178
211
168
174
195
201
198
201
199
199
203
179
196
227
203
196
195
204
177
180
189
214
200
214
194
168
181
203
178
194
177
177
201
200
192
222
238
192
187
202
171
188
196
205
216
231
206
188
222
183
169
223
193
223
190
208
215
188
184
209
223
206
242
246
272
344
465
531
797
1066
1591
2113
2783
3778
4708
5633
6896
7643
8260
9079
9158
8848
8424
7650
6792
5611
4513
3651
2613
1957
1402
927
697
456
327
283
222
180
176
177
185
161
163
192
184
154
145
160
172
157
152
172
182
168
187
176
181
182
188
186
164
163
183
173
176
168
187
195
177
196
184
194
193
196
221
256
204
203
194
220
207
178
188
186
172
167
210
192
157
195
188
171
168
164
145
165
158
159
154
145
146
184
185
154
154
155
165
163
149
190
163
164
189
147
142
152
130
152
151
147
159
168
158
169
163
128
180
158
168
149
164
159
168
164
149
165
181
170
145
144
187
149
162
173
167
144
164
158
168
158
168
143
150
161
167
174
160
158
171
167
171
169
136
163
165
169
170
149
149
146
162
149
163
164
157
158
162
162
165
182
190
188
187
198
199
225
239
241
276
345
344
373
363
429
428
417
442
377
427
380
355
274
266
221
203
198
171
166
176
148
161
133
170
170
175
144
151
164
158
156
151
164
168
160
121
146
163
140
145
144
152
163
150
187
147
151
148
156
151
150
151
157
155
148
137
168
139
128
164
130
150
125
132
163
164
140
157
149
132
152
169
153
137
165
150
135
147
139
156
153
141
143
153
151
147
156
143
160
165
150
155
152
156
142
157
133
151
168
133
148
177
135
137
137
143
148
150
139
130
163
148
137
144
157
157
153
135
159
129
155
142
155
141
129
150
187
151
150
172
149
150
144
163
146
158
165
158
145
179
158
167
173
144
163
141
145
172
137
177
124
170
134
132
143
156
161
135
170
134
149
147
158
151
129
142
131
144
131
127
141
162
147
129
137
141
128
146
162
144
143
127
141
133
157
147
152
123
151
143
132
124
156
137
133
138
147
160
160
127
142
150
126
138
146
145
127
138
124
144
139
139
151
168
142
135
132
146
147
138
155
132
171
141
137
141
132
143
152
131
125
138
128
150
140
145
132
135
146
148
128
135
132
139
130
147
161
140
143
117
126
135
136
126
135
123
128
139
148
132
137
151
147
147
140
129
136
139
154
133
122
131
136
132
142
118
161
136
135
130
121
132
154
134
163
146
144
135
129
131
130
133
117
138
126
123
148
128
133
152
147
151
117
144
137
144
128
137
147
132
145
156
135
130
149
154
176
189
192
242
259
292
383
412
491
581
668
693
725
750
772
751
696
649
544
510
417
337
295
275
191
163
167
136
133
142
120
148
139
157
135
142
128
130
127
143
151
118
167
159
132
163
135
150
163
165
161
163
164
169
144
156
155
135
144
150
104
115
129
117
134
117
127
157
133
130
141
133
145
136
146
120
122
135
133
131
126
130
132
131
114
142
142
110
121
131
106
135
120
119
133
144
118
143
133
135
124
118
123
128
131
128
108
120
123
112
113
112
119
145
130
116
124
138
138
118
126
149
107
149
129
109
132
142
139
131
135
122
115
130
119
133
119
115
120
156
137
132
126
109
124
118
147
133
127
133
112
136
132
122
111
115
118
126
127
116
143
117
115
124
115
130
115
114
110
139
125
128
126
106
113
105
121
119
135
147
127
121
124
139
124
136
134
111
120
111
136
119
144
129
144
121
121
119
123
133
120
113
146
138
97
131
134
115
133
134
122
129
123
113
135
115
117
135
129
116
127
119
131
128
133
122
136
118
142
126
119
120
121
123
121
116
120
125
122
124
119
141
130
143
148
174
179
221
237
293
355
454
506
570
686
809
845
920
941
900
853
868
759
660
598
526
396
345
283
228
194
180
144
152
116
119
112
123
140
134
119
109
115
127
123
120
122
127
124
126
134
133
122
113
115
129
134
135
123
111
123
111
124
100
110
110
125
117
141
118
118
104
119
116
121
116
106
115
127
124
132
128
121
105
100
108
106
116
91
104
127
102
133
141
98
110
136
125
104
114
127
114
117
114
108
115
133
123
115
130
104
117
124
121
127
133
116
116
104
127
136
112
115
134
121
114
118
116
106
102
126
124
121
112
101
108
121
116
122
121
124
112
119
104
124
119
104
113
112
113
109
94
112
113
111
137
128
104
109
126
112
125
134
140
150
109
120
134
131
122
112
96
114
127
99
122
122
108
118
128
123
111
108
118
117
125
134
109
110
117
114
118
95
109
106
128
128
137
98
129
118
120
115
122
127
125
101
105
114
143
134
113
125
112
150
141
112
108
112
126
103
123
127
129
114
95
123
129
100
111
117
121
110
104
102
119
113
125
109
108
99
130
97
120
123
127
114
112
115
107
102
125
101
125
126
109
130
119
134
119
124
107
113
106
130
131
104
116
118
102
96
110
121
124
112
133
105
96
118
110
125
115
110
98
114
110
129
141
101
101
119
114
129
101
125
113
120
99
120
125
99
120
121
131
123
120
120
120
133
104
129
117
127
114
124
121
124
102
123
124
106
123
115
116
113
132
112
109
105
101
119
119
121
130
105
118
116
125
126
117
119
129
129
135
148
155
194
168
154
205
192
218
195
202
209
186
183
174
175
133
125
148
137
116
116
123
95
115
125
127
114
114
117
127
140
109
129
124
124
114
117
121
113
132
133
134
120
124
121
114
118
134
131
150
125
121
109
115
118
102
109
103
121
118
126
112
107
107
112
128
107
100
122
97
112
127
110
120
129
104
113
103
109
125
98
95
112
139
112
121
117
124
112
105
127
116
115
106
96
106
97
108
110
122
122
92
102
113
121
99
110
141
102
119
121
120
114
138
139
146
165
130
127
147
148
157
154
119
145
134
141
122
123
119
107
114
87
109
137
112
120
102
115
122
130
128
122
97
104
101
118
96
116
98
116
117
126
115
133
115
122
125
118
123
109
151
140
146
143
147
162
149
159
170
175
187
164
159
178
176
167
180
170
156
150
154
139
156
165
126
125
125
133
129
109
116
137
123
114
117
133
108
126
114
108
116
104
111
91
104
106
105
96
114
112
111
116
110
105
123
124
123
106
84
124
81
109
114
124
104
128
117
98
109
106
125
119
116
111
93
114
100
133
116
123
127
127
120
118
128
112
128
111
119
134
117
97
104
112
121
92
119
98
113
108
109
118
102
122
104
119
127
120
115
101
136
125
115
106
121
97
113
114
110
112
100
103
106
97
102
109
120
115
122
98
105
118
127
120
135
111
137
111
114
108
135
95
108
107
114
116
111
100
103
117
117
99
119
131
100
108
117
85
124
112
100
124
101
104
101
108
129
102
100
105
120
90
121
95
103
118
117
111
108
101
106
104
124
123
110
131
122
119
116
117
110
123
110
131
115
99
120
112
108
106
111
109
113
102
105
126
98
115
137
102
94
99
106
101
108
134
114
101
97
108
111
104
104
112
121
112
104
116
115
101
98
114
107
114
106
100
118
103
106
103
119
115
107
99
109
121
126
105
107
88
106
108
120
109
117
120
119
107
123
107
115
123
101
116
124
92
109
115
108
108
122
108
89
119
113
115
128
113
98
137
126
95
103
96
116
108
104
91
120
94
108
106
102
109
131
113
105
110
116
111
100
103
101
99
108
92
94
98
91
106
105
109
119
99
127
101
100
114
100
101
122
105
112
110
88
130
113
100
100
105
113
118
98
119
120
108
131
90
115
114
109
120
119
107
101
113
103
96
130
110
107
118
106
102
116
113
122
130
115
106
117
108
111
126
132
105
116
103
107
112
129
78
84
114
95
112
129
106
114
126
101
95
108
116
89
112
114
111
120
102
124
112
122
112
112
120
100
121
115
144
114
165
143
156
192
198
181
196
193
206
207
204
182
223
197
164
148
174
157
145
128
124
127
117
142
143
132
138
149
130
142
146
140
123
131
125
131
117
122
104
121
119
97
115
130
90
115
112
100
117
110
112
117
111
120
116
103
110
115
111
100
127
108
96
104
126
99
112
115
112
107
137
88
117
112
137
106
129
117
126
93
105
99
105
111
116
113
103
99
108
114
109
129
114
106
110
113
125
106
115
100
137
132
108
109
102
110
96
130
119
105
111
119
99
103
101
111
100
114
112
102
119
113
100
128
112
101
108
95
111
114
115
113
98
127
96
104
116
104
96
102
110
101
123
107
116
123
123
138
147
140
136
166
148
154
125
147
140
130
121
130
106
122
110
125
149
138
110
132
175
156
169
195
181
204
210
206
197
183
181
147
162
141
121
135
122
136
114
130
105
110
95
113
96
103
88
91
96
91
107
107
109
102
110
85
104
102
107
106
94
100
101
122
98
97
105
108
81
111
96
109
102
105
98
106
108
103
110
107
99
104
83
102
100
90
78
85
95
103
117
104
110
97
98
84
92
110
95
102
87
110
102
84
105
117
112
77
110
82
113
91
109
98
92
96
110
95
116
108
82
120
115
87
97
69
100
109
115
106
78
81
86
106
78
99
79
114
88
111
100
82
131
89
115
95
98
85
89
76
97
101
90
99
84
104
98
83
87
99
109
91
99
94
89
118
94
102
79
76
89
75
89
94
91
100
95
93
85
74
96
99
98
98
103
114
102
113
117
118
122
127
149
164
151
170
216
181
189
212
200
183
181
148
145
146
116
117
88
109
92
104
112
95
95
106
79
97
104
91
85
94
98
77
80
85
102
84
82
90
93
90
91
108
89
90
85
99
97
95
105
95
105
94
107
91
80
100
91
91
102
105
70
94
94
80
94
75
83
110
87
93
120
95
99
77
97
101
90
101
93
80
99
101
106
102
103
83
85
119
97
94
79
111
81
81
90
88
92
99
93
97
86
81
75
78
89
99
92
84
94
97
90
78
71
90
75
86
83
87
84
85
102
103
94
90
83
111
103
101
81
85
82
89
102
93
97
87
71
87
102
116
96
97
82
88
95
93
81
86
94
88
79
97
94
89
91
95
96
97
89
100
95
101
85
83
100
72
81
79
116
79
87
95
96
97
103
85
100
81
104
97
91
90
74
85
77
73
85
100
101
80
92
72
88
105
75
75
80
81
76
87
87
88
75
101
82
90
83
80
86
85
89
72
91
93
107
83
99
96
94
90
86
85
84
106
117
97
75
79
85
89
84
102
92
100
93
85
90
90
98
83
85
92
87
81
99
86
83
89
85
70
90
87
91
91
88
86
89
79
80
85
96
86
86
103
105
102
88
75
93
89
113
76
87
74
77
89
90
71
75
107
80
83
91
95
96
88
84
81
87
94
84
106
84
82
92
84
85
73
85
96
82
83
95
92
101
62
71
98
87
85
82
82
108
84
92
93
93
97
99
85
100
85
83
98
89
94
71
103
89
88
99
83
74
91
99
83
74
84
77
89
84
85
76
91
82
108
90
96
89
85
95
105
100
104
91
111
95
120
111
105
111
116
96
96
115
105
120
92
104
98
90
81
94
102
82
84
86
91
85
92
69
98
96
96
93
94
99
83
72
84
86
84
76
78
83
77
86
107
80
81
89
93
80
101
91
97
82
84
83
66
89
85
87
67
95
88
93
70
82
103
111
91
70
85
91
95
93
96
98
80
78
104
73
85
83
90
87
95
66
101
80
94
89
96
83
94
74
76
86
84
89
87
95
85
79
93
79
84
88
89
83
71
99
68
101
75
98
86
83
88
93
78
76
88
86
82
89
81
77
105
88
90
81
99
82
95
103
102
103
98
107
127
95
85
125
133
113
116
101
99
84
99
102
93
95
77
101
97
84
78
81
107
111
90
103
110
110
142
151
155
157
165
151
152
167
169
171
150
130
148
131
111
125
103
86
94
94
89
81
76
68
81
75
85
83
92
67
88
87
102
87
92
82
78
81
84
75
82
84
92
97
83
90
91
80
89
81
85
63
66
70
89
81
75
77
92
83
101
79
92
86
98
89
90
100
97
97
112
135
121
165
139
173
186
174
207
212
219
234
227
206
211
226
203
144
146
143
114
104
128
88
93
90
94
70
78
98
89
97
77
77
66
92
78
82
92
75
77
91
90
81
74
99
70
76
79
73
67
91
80
73
71
75
68
77
78
65
83
83
80
79
72
100
74
89
73
80
69
98
88
88
72
82
107
79
92
73
63
78
69
82
66
85
71
72
92
83
86
85
91
83
86
98
96
74
113
69
81
92
79
97
89
78
85
72
73
87
75
88
78
87
92
74
84
87
91
83
94
84
76
90
86
81
73
92
69
96
92
82
100
86
91
81
77
75
82
91
77
78
89
98
91
73
88
95
80
79
69
76
83
84
86
80
76
89
82
78
83
85
62
77
99
77
78
72
94
101
85
83
76
89
89
80
79
87
75
88
83
103
83
92
121
92
82
87
107
108
82
102
87
102
95
88
121
105
83
85
77
86
94
90
87
92
94
80
85
98
94
77
91
81
75
83
80
87
64
77
67
77
72
86
82
77
81
76
81
78
77
99
104
105
117
115
144
132
148
127
126
157
141
110
129
119
118
130
97
109
93
86
97
80
112
89
74
88
92
73
100
92
94
91
89
95
99
98
90
75
100
110
92
91
88
106
87
91
100
98
114
80
94
104
89
88
79
73
82
94
92
87
85
95
90
91
82
108
107
99
106
91
87
86
85
90
91
78
102
74
91
82
77
90
79
82
77
81
87
100
90
88
87
85
70
78
80
88
79
83
81
93
83
85
78
79
91
74
70
77
87
79
80
62
84
80
88
83
83
85
72
78
88
86
83
95
103
89
81
84
97
67
97
86
84
85
80
85
73
87
84
81
80
63
102
89
102
68
79
87
96
78
85
82
97
71
85
87
80
84
89
85
87
94
80
82
86
76
78
100
97
88
65
98
101
101
89
99
77
96
86
89
91
69
79
81
87
85
76
77
81
92
88
80
95
86
79
68
83
75
79
69
100
93
79
85
87
81
81
73
75
78
77
85
78
83
83
93
81
80
78
77
81
96
76
91
86
83
78
82
78
90
84
92
92
95
89
87
79
74
85
86
88
90
96
105
95
106
86
91
103
78
86
80
66
84
100
91
84
93
90
82
83
95
91
85
92
96
84
90
84
86
104
87
92
94
87
102
102
109
74
91
101
88
106
107
97
103
84
107
97
100
94
101
87
86
104
90
81
91
79
103
88
66
84
86
101
70
65
106
73
78
89
93
85
78
92
85
82
96
86
84
86
76
79
87
83
77
84
83
97
82
87
83
77
82
82
83
79
83
92
91
93
86
111
118
97
117
106
111
118
131
98
119
123
102
112
116
105
110
99
97
108
108
112
96
97
101
79
82
100
72
88
79
75
109
112
80
101
120
105
101
103
98
93
110
86
87
73
94
77
82
84
66
82
80
66
80
79
80
85
74
84
96
73
64
75
88
73
63
62
76
90
80
78
73
75
77
69
67
85
79
90
76
82
77
59
80
84
106
77
76
86
80
109
97
128
122
148
167
210
257
357
411
505
620
778
958
1163
1398
1502
1758
1874
1908
2069
2117
2004
1875
1674
1621
1416
1228
1035
847
696
549
418
331
274
202
146
129
101
106
88
83
75
58
66
81
64
62
76
84
70
70
75
66
64
82
68
89
81
69
67
92
68
67
69
53
98
58
86
71
63
64
98
66
65
89
78
87
74
68
74
76
71
81
62
74
61
74
69
66
73
77
72
76
75
76
49
69
73
71
66
78
80
66
68
61
66
70
68
72
54
67
72
76
77
73
70
87
87
75
64
75
69
75
64
69
74
75
70
81
77
78
84
71
75
72
81
69
91
74
76
74
99
88
94
85
81
72
81
75
77
77
61
65
84
73
68
75
73
97
75
65
85
80
57
74
67
68
74
68
76
70
71
70
77
66
69
71
63
64
62
71
72
83
87
73
75
79
61
65
72
73
63
65
96
64
68
54
61
77
76
60
77
81
68
81
71
63
82
67
69
76
74
66
60
63
76
72
73
65
87
72
63
72
83
81
79
81
72
71
83
71
56
63
82
65
69
84
71
79
75
66
76
78
85
76
89
81
93
100
113
92
112
121
125
106
107
121
111
115
124
107
118
102
76
93
90
69
95
74
70
68
83
70
76
82
78
77
73
79
72
75
58
77
68
77
61
65
60
71
84
72
61
70
77
75
67
75
64
88
64
77
73
86
86
78
67
51
75
71
76
56
86
65
65
75
70
79
70
64
76
71
78
70
63
80
78
68
54
68
52
69
80
80
68
64
59
67
69
63
61
72
58
79
60
73
76
67
73
69
69
82
66
73
86
64
82
67
60
66
61
60
72
83
60
69
68
80
63
73
60
67
69
69
63
66
87
71
73
70
73
69
76
58
72
60
75
56
67
58
57
67
74
66
69
75
58
57
69
50
64
72
67
78
65
79
76
61
71
79
72
70
60
56
73
58
65
83
59
68
70
70
81
54
65
69
69
75
79
70
51
77
74
66
65
74
79
65
84
65
73
48
66
78
76
81
90
61
69
66
57
74
75
71
64
71
66
75
58
75
66
70
58
62
71
75
68
85
73
88
62
94
75
82
60
88
67
75
67
79
70
87
86
83
68
96
91
96
99
85
89
91
99
93
95
83
92
77
91
85
66
77
78
69
63
62
66
66
58
69
73
66
75
66
73
80
60
80
57
65
63
78
66
72
53
50
79
59
67
83
64
64
45
74
75
72
78
56
64
65
75
69
62
69
88
67
57
59
76
70
73
65
83
72
65
77
78
75
76
67
56
67
67
64
75
84
61
68
78
62
67
71
81
76
66
61
64
58
81
72
57
52
79
71
68
82
74
72
73
74
77
74
65
78
72
67
71
87
80
76
74
73
68
65
75
53
75
69
73
76
66
74
71
59
65
79
71
78
77
67
75
54
82
75
78
71
75
65
76
63
67
81
65
86
76
70
62
87
92
73
72
79
88
68
95
80
61
73
78
76
63
57
83
73
64
74
69
68
67
92
77
78
82
105
93
109
115
117
149
174
176
229
269
336
390
406
457
540
598
610
622
613
641
594
577
553
441
484
362
328
276
251
201
171
117
116
99
95
91
89
67
66
74
68
73
74
76
74
63
63
82
62
54
70
65
72
78
74
82
77
81
85
74
76
71
79
79
82
78
76
78
79
80
71
72
75
61
74
90
88
69
69
68
58
84
74
76
57
67
73
77
52
65
67
47
77
61
66
80
73
73
71
66
80
82
61
73
56
72
81
63
53
76
69
70
54
80
68
64
63
62
64
88
65
83
64
85
71
59
72
82
71
66
65
65
87
64
61
58
71
67
55
77
77
75
50
71
73
58
84
54
63
86
60
63
78
44
81
47
75
80
72
65
73
69
68
64
63
65
64
54
68
71
66
60
78
49
65
54
63
61
79
57
51
55
50
68
74
77
62
66
72
74
73
66
54
59
67
57
53
65
59
77
63
56
66
59
59
65
60
48
64
60
53
70
67
58
53
67
60
76
84
37
64
57
55
63
66
50
66
63
76
71
81
76
94
58
61
56
65
65
81
66
69
70
64
75
72
81
75
67
59
66
64
57
63
62
70
55
67
66
68
71
60
72
55
63
64
87
64
74
55
91
71
53
81
68
68
66
80
64
57
64
68
66
74
54
52
62
53
76
50
47
59
56
57
70
64
62
67
50
64
74
67
63
58
52
49
59
57
57
54
46
74
69
55
66
64
45
57
58
69
67
50
62
54
60
58
68
54
49
54
47
71
63
68
62
56
71
77
70
72
72
75
79
85
89
93
101
101
89
95
74
89
88
76
77
61
60
71
54
66
57
63
53
55
52
50
52
52
46
61
55
53
53
55
59
39
52
50
41
49
55
51
42
52
36
47
61
54
60
46
51
61
43
68
55
64
64
67
81
97
92
80
90
113
116
119
103
105
101
100
72
99
102
76
54
80
66
56
59
60
44
56
49
42
48
57
37
59
46
45
47
50
41
39
44
47
41
59
50
49
58
40
58
52
59
50
52
74
53
65
72
76
57
77
90
74
96
76
81
75
81
81
75
97
78
75
57
68
60
58
52
47
58
52
51
52
51
41
54
53
67
51
63
57
50
60
51
63
61
74
69
58
53
51
60
60
64
61
51
50
50
37
49
37
45
55
49
66
41
57
57
46
55
55
38
48
49
48
62
51
55
57
45
38
53
63
50
50
51
55
40
43
36
49
50
48
54
38
46
40
52
53
43
43
49
40
52
41
51
44
45
48
54
59
31
53
53
50
48
38
37
31
60
34
43
49
44
50
34
30
48
52
58
38
38
45
44
39
38
51
45
40
37
57
57
47
45
44
41
41
47
44
42
50
54
41
43
42
56
44
35
37
50
58
40
51
41
32
46
59
46
48
60
46
47
52
61
46
44
41
44
27
39
39
45
47
55
41
37
38
42
44
41
40
50
41
46
56
46
43
50
45
38
52
40
41
53
63
58
51
40
48
32
39
47
46
36
46
45
43
31
48
48
39
38
51
56
53
47
35
37
44
41
61
47
43
51
42
46
41
45
34
43
39
39
41
48
49
36
58
57
66
43
54
50
38
31
49
36
46
53
46
56
60
48
54
49
48
42
47
57
48
52
60
54
44
48
60
68
74
71
94
105
128
144
185
239
286
361
498
566
672
822
912
1116
1297
1432
1530
1672
1727
1848
1829
1807
1802
1658
1510
1349
1132
937
903
751
554
447
327
250
213
146
118
96
58
54
62
49
59
63
43
49
52
50
52
44
54
65
56
70
63
61
54
59
86
76
59
53
54
55
62
48
42
45
27
44
48
39
38
49
43
43
44
42
51
34
32
42
40
36
38
41
36
40
39
36
37
53
39
44
44
34
38
32
40
45
31
35
38
48
26
41
42
38
37
34
34
35
34
41
32
38
45
46
39
36
35
46
36
37
34
33
39
36
38
38
31
36
47
46
28
38
37
42
38
48
33
39
35
43
45
44
40
50
30
32
32
27
34
47
32
36
35
45
29
36
39
51
39
37
44
36
42
44
28
38
49
39
28
36
31
41
31
38
34
33
41
25
49
43
37
38
45
31
45
32
30
36
40
38
27
44
50
45
38
38
36
32
40
37
41
35
29
36
42
38
41
39
33
50
41
42
35
40
39
41
34
45
43
47
25
37
32
29
34
36
25
45
38
42
35
33
28
31
47
37
35
48
39
41
42
29
31
40
33
37
36
37
41
39
50
29
48
39
41
52
46
47
45
47
55
47
45
36
37
38
46
33
35
48
33
22
49
48
35
46
42
44
40
38
39
36
35
38
44
30
33
38
41
53
36
34
44
26
38
44
32
32
43
44
41
32
38
39
53
47
51
57
56
61
65
79
77
71
93
110
106
119
104
117
124
104
143
135
134
112
109
90
107
92
71
94
83
53
59
47
50
47
37
42
46
38
32
32
29
42
43
34
37
25
23
31
29
30
41
40
39
30
37
46
30
41
40
41
33
38
40
28
33
41
30
38
34
36
40
29
36
36
34
31
36
36
31
29
42
37
35
36
29
35
31
39
34
46
34
40
34
40
32
36
33
39
39
23
38
29
33
33
43
35
29
36
29
33
23
33
29
39
32
43
37
42
36
38
33
34
26
30
24
37
34
37
43
29
24
30
31
27
36
31
48
38
26
33
33
29
40
40
33
32
31
25
46
37
42
39
38
41
32
32
35
22
51
33
45
21
43
33
38
30
29
28
28
32
36
32
19
38
34
23
43
28
22
34
24
35
34
35
36
38
29
41
40
35
38
34
30
31
39
25
34
37
38
33
27
46
35
37
38
34
39
36
32
38
42
29
35
41
30
32
38
26
25
32
41
30
29
31
38
30
33
48
30
38
23
28
39
23
31
28
27
41
33
18
34
27
30
34
35
27
28
35
34
22
38
29
33
41
34
33
32
36
31
28
32
29
42
33
27
20
40
30
34
35
31
29
38
29
30
33
27
35
35
30
47
26
25
33
26
33
36
32
37
34
25
33
34
31
28
23
32
33
34
32
41
30
30
37
25
32
31
33
32
35
24
27
25
37
33
26
29
38
30
41
27
34
32
31
27
35
32
38
34
35
35
35
34
33
29
32
38
31
36
22
30
52
31
32
39
35
28
31
32
32
27
34
33
37
38
34
27
28
32
20
25
40
30
47
32
31
27
36
32
28
34
45
37
40
33
20
28
32
46
34
35
29
26
39
42
33
34
31
28
35
32
33
29
31
26
33
44
36
40
35
28
41
30
24
31
37
48
23
31
28
32
34
37
37
38
38
38
33
25
35
45
39
28
36
45
35
32
32
32
34
39
37
28
34
25
39
30
30
41
36
25
22
38
34
36
30
29
33
27
42
25
25
36
36
33
30
32
44
36
33
38
37
31
32
27
32
36
23
36
29
24
28
28
39
35
36
40
29
39
40
23
35
28
31
38
43
40
38
32
33
38
33
35
32
46
39
39
39
32
38
36
38
43
25
31
42
37
31
33
31
22
36
34
41
36
29
34
38
29
28
47
28
36
26
23
29
38
30
27
32
33
27
30
45
25
41
23
45
28
40
28
31
34
35
47
35
27
31
28
33
34
35
30
37
32
58
42
32
41
33
35
25
34
37
39
31
28
32
34
42
34
24
34
35
31
31
43
33
31
34
31
30
30
35
44
42
43
45
41
41
36
29
40
28
35
47
44
45
66
63
76
86
94
98
110
145
171
221
235
299
386
489
549
618
720
763
937
1006
1020
1144
1111
1144
1124
1084
1014
954
846
743
681
597
472
411
294
258
231
181
156
144
112
117
120
137
126
142
171
171
192
187
231
209
251
229
226
211
196
167
157
139
131
99
102
95
65
59
41
62
44
47
33
37
33
32
33
25
40
32
27
35
25
34
32
36
34
28
22
31
32
40
34
26
25
34
20
34
26
29
35
21
34
40
27
36
46
36
29
40
35
31
31
30
31
37
39
31
31
26
29
23
25
44
29
34
38
18
37
38
44
35
34
29
36
27
42
35
32
27
34
40
35
28
35
33
43
39
33
34
27
30
25
33
39
30
36
28
33
29
37
38
29
32
40
28
38
25
30
31
34
33
37
37
32
27
31
27
21
28
39
41
31
32
22
46
40
41
35
50
52
57
64
50
67
61
73
82
73
104
91
102
139
174
154
206
252
277
360
426
485
587
705
792
951
1028
1188
1293
1382
1438
1433
1479
1468
1410
1375
1252
1074
918
812
729
609
498
383
316
239
197
128
115
83
85
66
54
50
53
37
42
26
26
36
38
29
29
31
37
36
37
27
37
30
40
29
49
34
35
35
37
46
34
32
48
37
38
30
46
60
53
43
55
51
72
72
64
69
71
67
74
53
66
50
60
64
51
54
54
42
37
52
36
37
53
43
51
57
49
35
53
40
35
45
39
51
50
33
43
40
45
34
40
34
34
34
36
43
34
46
36
38
29
34
48
36
39
38
35
40
50
31
33
38
28
32
30
33
29
38
32
22
34
43
37
31
22
26
22
39
43
30
31
38
40
39
33
28
29
34
37
38
37
34
41
32
37
31
46
44
35
41
26
35
37
32
35
39
36
19
27
30
24
29
47
38
34
29
33
43
33
42
26
39
35
31
28
32
26
42
33
32
27
37
40
31
39
28
32
33
34
32
33
23
36
30
27
30
33
27
36
41
29
36
38
31
42
29
32
37
36
35
35
35
35
27
46
23
32
31
36
30
38
27
47
42
43
27
22
30
31
34
26
40
32
36
24
40
34
34
26
28
37
38
27
39
47
30
29
47
42
36
47
32
38
37
30
42
44
21
38
36
29
33
35
34
40
49
35
46
38
29
36
21
38
36
42
38
40
30
38
50
29
37
45
44
42
38
47
54
41
53
44
46
41
43
41
55
60
39
50
45
39
40
36
39
41
39
55
36
43
37
41
34
43
38
29
47
42
43
32
35
42
39
36
38
46
38
32
54
37
37
34
48
43
51
40
35
38
34
28
28
31
38
40
45
53
52
28
34
38
39
29
41
23
41
23
32
42
34
29
47
32
32
40
39
22
48
35
35
41
31
29
30
28
29
34
36
29
40
38
44
39
38
56
34
34
34
39
41
29
41
31
32
25
37
28
32
42
37
27
39
38
34
31
42
41
27
40
38
41
29
37
36
34
34
39
35
36
30
43
30
32
39
34
29
48
33
43
34
35
36
39
50
34
38
29
33
41
28
39
33
44
33
43
43
35
46
44
34
47
46
44
33
46
43
32
44
40
31
39
43
34
32
39
35
46
38
47
44
29
49
34
37
40
38
31
43
30
31
38
46
38
36
40
30
38
40
36
31
33
38
36
36
38
47
33
39
36
38
50
39
30
39
26
34
36
23
32
42
35
45
38
34
37
36
36
35
28
35
45
36
42
37
42
41
40
42
28
41
37
29
33
30
33
31
34
41
42
36
35
43
23
49
38
41
31
34
45
26
35
33
29
50
35
38
43
37
42
32
38
36
39
32
33
31
35
38
28
41
33
27
35
33
41
45
33
33
32
33
28
35
32
33
32
35
22
28
31
42
31
23
31
35
25
29
39
16
37
27
29
22
34
33
35
32
33
43
23
30
29
37
23
31
32
32
31
22
22
29
35
29
25
34
30
32
25
21
35
22
23
20
22
30
26
31
27
27
18
28
36
28
25
28
38
25
30
32
29
35
32
33
38
13
21
33
23
20
32
18
27
40
29
24
26
39
23
31
31
23
25
27
20
17
31
23
29
29
27
18
21
25
23
27
27
22
24
30
21
35
32
25
39
16
32
24
28
34
22
20
29
25
19
29
26
35
32
36
17
29
30
26
28
23
24
22
26
25
29
23
27
27
37
34
28
22
31
27
23
28
43
38
38
35
42
69
54
65
79
75
80
108
140
96
139
148
153
157
168
128
165
160
130
121
111
99
101
79
68
73
58
40
45
40
43
36
37
28
26
27
26
31
29
28
25
29
23
23
19
31
34
24
17
21
25
42
23
21
22
29
29
26
30
25
24
30
21
33
25
20
20
18
22
21
27
28
31
22
22
14
27
29
24
22
22
30
29
27
19
23
28
22
21
20
25
21
25
26
23
22
18
18
22
22
20
23
21
20
27
23
18
24
25
19
22
29
17
17
23
17
22
21
27
25
24
20
21
24
24
25
14
28
23
24
27
25
23
22
23
16
25
26
11
25
24
22
21
25
25
20
22
27
28
20
23
32
25
26
36
29
22
28
25
23
25
18
31
32
26
32
27
20
34
33
31
33
32
35
25
22
32
24
29
23
16
34
17
21
28
27
23
18
18
24
24
29
27
27
33
20
26
25
30
38
32
34
38
40
35
30
33
31
40
40
20
19
22
22
27
32
28
18
24
25
26
22
28
27
22
18
15
18
29
19
28
20
22
21
16
24
19
18
25
24
21
22
25
24
18
33
17
23
22
20
15
20
23
18
17
19
20
19
21
22
26
19
16
20
20
21
31
21
13
23
23
18
17
16
33
15
24
21
21
27
31
25
27
38
23
36
35
31
42
36
43
29
40
29
40
36
32
27
27
31
34
19
28
19
24
23
25
17
23
20
21
22
18
16
26
19
23
17
16
22
18
21
16
20
17
20
19
13
12
15
17
18
23
19
19
21
11
20
11
19
12
25
20
11
23
28
18
21
17
13
20
16
12
21
24
26
13
19
22
18
14
16
24
12
9
20
18
20
20
16
24
19
15
21
19
24
17
17
19
23
24
29
15
19
13
19
16
23
11
19
22
13
17
11
12
13
12
18
21
20
18
17
14
20
14
19
15
25
16
20
21
13
20
19
13
16
14
14
21
18
19
10
6
18
14
18
17
15
18
15
18
16
13
12
28
15
16
13
15
9
13
23
17
11
16
14
20
20
22
13
14
15
19
20
21
17
12
16
16
14
12
15
18
27
21
27
31
20
25
30
33
31
34
33
34
19
29
29
28
25
27
26
19
16
24
23
16
19
13
22
21
10
20
11
14
16
14
14
14
11
20
13
16
14
12
10
15
9
9
15
17
12
15
19
20
20
15
22
14
12
11
26
14
19
17
19
17
13
22
24
19
18
20
20
16
12
19
18
10
12
17
23
18
9
14
19
15
15
11
12
22
19
9
8
3
8
10
11
11
14
18
13
9
18
16
16
9
9
13
12
13
16
15
8
13
16
12
10
9
9
7
17
17
12
11
12
13
16
14
13
23
11
12
13
20
14
11
12
12
16
9
10
22
15
14
13
13
28
24
29
20
22
20
14
18
25
17
19
12
14
18
9
12
15
19
11
16
16
8
19
12
10
16
14
18
20
15
26
20
23
16
28
30
27
31
56
56
62
69
92
95
98
130
102
131
161
156
151
160
154
139
159
126
106
118
104
83
79
63
65
52
44
33
35
17
22
15
10
19
11
8
9
7
15
10
5
12
17
7
15
13
10
11
11
12
7
10
11
10
10
7
14
11
4
12
12
11
12
8
11
10
11
14
10
13
12
9
5
10
15
8
8
13
6
3
16
9
11
9
11
9
10
13
5
10
11
9
8
9
10
9
12
7
7
11
15
10
9
9
12
17
5
17
8
11
9
13
3
8
9
8
8
12
10
14
9
7
5
9
10
8
9
11
11
16
12
10
10
14
10
10
10
11
5
7
8
11
11
15
5
5
5
5
12
19
11
10
12
4
9
6
9
5
5
12
7
13
10
13
13
8
5
8
5
13
5
7
12
8
9
9
5
11
12
13
11
4
10
14
10
7
7
9
9
12
9
14
7
9
10
8
12
9
3
11
9
8
6
10
12
9
14
11
8
13
7
6
9
3
8
8
8
11
8
9
8
6
11
8
9
9
7
10
12
8
8
9
5
17
5
8
12
6
10
4
12
7
6
11
5
11
5
8
8
7
8
13
5
7
9
9
7
13
12
4
5
6
8
3
8
13
11
7
9
7
12
9
8
7
10
7
14
5
4
10
9
7
9
8
10
8
7
4
13
9
5
9
5
13
11
9
8
9
7
6
11
2
6
13
13
2
10
6
6
8
5
15
8
7
8
6
3
2
9
5
10
5
6
9
6
9
12
4
11
8
9
5
9
7
14
11
10
5
15
8
8
3
9
12
9
4
2
11
6
7
8
5
7
8
6
7
9
9
6
6
8
9
6
6
10
8
5
4
7
6
8
10
9
6
8
8
10
11
11
12
7
4
5
6
8
8
10
6
11
4
7
11
6
6
6
11
9
7
10
4
3
14
10
10
3
7
4
7
5
7
3
12
10
5
6
5
5
11
6
12
10
10
6
5
8
7
9
7
3
3
4
9
10
5
9
4
3
3
10
4
8
5
8
5
8
9
6
4
4
8
11
4
6
10
5
13
5
10
9
11
3
6
6
11
9
7
9
5
5
5
4
9
4
10
7
9
7
3
6
7
10
6
4
10
6
6
6
3
6
10
7
10
6
7
5
10
5
13
11
10
10
13
8
7
6
4
10
12
11
10
7
4
2
3
11
5
6
6
7
4
8
6
7
12
8
5
9
9
7
9
4
6
8
9
7
10
8
2
6
8
4
9
5
9
1
8
5
7
6
5
6
4
6
4
5
9
4
4
9
2
3
9
6
4
3
9
6
7
4
8
7
6
6
4
11
7
9
2
5
9
11
9
7
12
10
11
7
6
10
6
10
14
14
11
19
18
15
13
5
6
9
15
16
15
9
9
13
15
17
14
5
11
10
6
9
6
7
5
6
6
4
5
4
6
10
13
5
7
8
6
5
7
1
7
2
5
3
5
8
4
6
7
5
4
11
5
7
9
3
5
6
1
5
9
9
9
15
5
6
12
5
7
7
7
8
7
4
13
10
6
6
4
8
3
5
5
4
11
7
10
4
6
6
4
8
4
4
6
8
7
5
3
8
10
8
5
6
5
6
8
8
7
8
6
13
8
8
3
8
1
7
6
11
4
7
7
3
7
7
4
2
15
8
5
2
7
11
5
7
8
7
7
8
4
4
4
8
5
12
7
5
6
6
6
7
8
12
5
2
10
5
9
5
7
9
5
6
10
6
6
5
6
7
6
8
11
8
8
8
6
8
8
11
5
14
11
14
12
9
14
6
12
11
15
18
14
12
11
10
10
19
13
17
16
17
14
18
32
22
29
38
42
51
70
75
77
113
129
157
221
227
311
338
404
468
549
758
798
951
1068
1186
1299
1421
1490
1681
1615
1674
1653
1638
1609
1479
1415
1294
1112
999
882
755
630
517
386
318
241
192
135
123
71
55
37
41
23
16
18
15
10
8
7
6
7
6
3
7
5
4
1
5
2
5
4
4
1
5
8
1
5
3
4
9
4
7
5
4
9
4
6
3
4
6
7
2
1
7
3
3
9
3
3
5
6
6
3
2
4
2
3
4
6
6
2
4
6
5
3
1
4
2
4
3
2
2
3
7
4
4
7
4
7
3
2
2
2
3
7
8
3
3
3
4
3
2
3
6
3
3
7
2
4
3
4
5
5
3
3
4
4
1
8
7
3
6
9
4
6
5
5
5
7
2
4
4
3
5
4
3
4
6
4
5
2
2
5
5
5
3
4
2
7
5
1
3
2
4
2
4
2
5
5
1
4
4
2
6
2
2
3
2
1
1
7
2
3
1
4
7
3
2
4
7
8
12
6
4
7
4
5
4
6
4
7
4
2
2
5
5
6
4
5
3
5
4
8
4
8
3
3
5
6
6
5
4
5
7
4
5
1
4
1
6
6
2
0
2
6
4
4
6
4
3
5
3
5
5
5
5
2
2
5
6
4
2
4
7
5
6
2
5
3
3
2
5
5
5
2
4
6
6
7
3
3
2
3
4
6
6
8
12
6
7
9
6
6
5
7
10
9
14
12
10
11
11
26
14
17
22
15
14
16
18
20
18
16
14
11
9
11
11
10
7
7
4
12
1
2
5
4
3
7
3
3
5
7
5
6
4
8
9
8
5
3
7
7
7
8
12
12
3
8
5
5
6
10
7
11
6
11
9
7
11
10
12
10
13
10
11
14
16
18
17
20
27
22
23
40
35
43
38
35
39
40
53
45
51
54
42
42
42
51
57
59
64
47
63
78
107
95
126
141
132
138
166
167
189
177
187
175
170
135
139
112
111
91
86
63
51
50
37
26
17
18
19
17
7
6
6
3
4
1
3
5
4
5
1
4
3
0
3
2
2
2
2
6
3
3
3
1
6
3
2
1
0
3
1
1
1
1
1
0
1
4
4
2
3
1
1
1
5
2
0
2
0
5
2
3
3
7
1
4
0
4
4
6
4
3
2
3
5
1
0
5
1
4
6
4
1
5
0
1
2
2
2
1
2
3
2
2
5
0
2
2
3
0
5
5
1
0
2
2
2
4
1
2
1
4
2
1
1
5
3
3
4
2
1
2
3
3
3
4
4
1
3
2
2
3
1
5
2
7
2
3
3
1
4
4
2
1
2
1
5
0
2
2
3
1
2
0
3
6
3
3
2
4
0
3
3
2
6
3
1
3
1
3
2
2
0
2
2
2
3
2
3
1
4
2
5
4
2
0
2
2
4
1
2
2
2
3
2
4
0
4
5
4
0
4
0
2
1
3
1
2
3
0
2
2
4
3
3
0
5
3
3
2
1
4
4
0
1
6
3
3
3
2
5
3
1
5
0
3
3
0
1
0
1
1
4
6
6
4
1
4
5
2
3
5
2
9
7
3
3
3
3
4
1
0
7
1
2
4
3
3
3
1
3
2
2
1
5
1
3
1
1
3
4
2
3
3
4
1
2
1
2
2
3
1
3
2
3
2
7
1
3
4
4
3
1
7
0
2
3
5
1
3
2
7
3
3
1
1
4
2
3
3
5
2
2
1
1
4
3
1
2
1
4
5
0
2
2
1
7
4
2
5
4
6
5
2
4
2
5
2
5
7
3
7
3
7
13
10
5
2
6
3
6
6
3
1
3
3
2
1
2
2
4
1
4
3
3
3
3
4
3
1
1
4
3
0
5
6
7
3
2
2
4
3
1
1
3
5
1
2
5
2
5
0
2
6
2
2
1
1
1
6
5
1
3
4
2
3
2
3
7
2
2
2
3
0
0
3
5
1
1
2
5
2
2
4
2
1
3
2
3
2
1
1
2
3
0
3
1
1
3
2
2
1
0
3
2
2
3
4
1
2
3
3
1
0
2
3
3
2
4
4
4
5
5
2
6
6
6
3
7
9
6
8
11
18
13
15
19
17
19
18
19
19
23
31
32
25
22
31
17
32
28
39
30
23
23
31
13
12
19
16
16
12
9
13
9
3
4
8
4
3
2
10
1
2
3
0
2
1
0
4
2
0
1
2
1
0
0
3
1
0
1
1
5
2
3
1
1
4
1
1
2
2
0
4
4
2
2
0
0
5
1
3
3
5
1
3
2
2
5
0
4
1
5
5
4
3
3
2
1
4
2
1
1
0
3
2
2
2
3
2
0
3
2
1
6
0
2
3
1
1
2
2
2
2
2
5
0
1
2
4
5
5
2
0
2
2
2
2
1
4
1
2
3
1
0
1
2
2
0
0
3
1
1
3
0
4
1
3
1
0
2
1
0
3
1
4
1
1
1
1
3
2
1
3
2
2
2
0
0
1
1
3
5
0
1
1
1
2
0
1
2
1
4
3
6
5
2
0
2
0
1
1
0
2
3
2
2
0
0
2
2
3
1
2
2
0
1
2
0
1
5
1
3
4
3
1
1
2
3
0
4
2
1
1
2
1
4
1
3
0
2
1
3
2
1
1
4
1
1
1
4
2
0
1
2
0
4
2
0
3
0
2
0
2
3
1
2
3
2
2
1
1
1
1
1
2
3
4
1
5
1
1
3
3
3
2
1
0
2
2
4
2
0
2
4
1
4
1
4
0
2
5
2
3
0
2
1
3
3
1
3
1
1
2
3
1
2
1
3
1
1
1
1
1
0
0
0
1
0
2
1
1
1
2
1
1
0
3
1
2
4
2
1
3
1
2
4
2
3
0
6
3
5
6
2
2
1
1
2
4
2
0
4
2
2
1
1
2
2
2
1
2
1
3
1
3
4
3
1
1
0
1
1
1
5
1
0
0
0
1
3
5
2
2
6
4
1
2
3
0
1
1
0
1
2
2
5
6
6
3
5
2
3
7
1
2
4
1
1
3
1
1
3
1
2
1
3
3
2
5
4
5
2
5
7
2
1
1
2
4
6
0
3
3
2
1
1
2
5
2
1
2
4
3
4
4
3
3
7
7
5
5
6
12
5
9
4
5
6
0
3
7
5
3
4
3
1
2
2
2
4
4
6
4
2
5
6
3
7
3
4
6
4
6
6
6
7
8
5
4
1
6
6
6
5
4
2
7
5
6
7
4
8
13
7
12
18
17
16
15
11
18
22
17
20
19
12
13
14
11
10
9
10
5
8
9
8
8
4
4
2
1
2
3
2
5
4
3
2
3
2
5
3
3
2
3
2
1
4
1
0
2
0
2
2
2
2
1
1
2
0
4
0
1
0
2
2
1
0
4
2
1
0
5
0
1
2
0
4
1
1
2
5
1
5
2
0
0
4
1
2
1
2
0
2
0
3
1
1
3
1
2
4
1
2
1
5
2
0
3
6
1
1
1
2
2
1
3
0
2
1
3
1
3
2
1
2
3
2
1
4
1
3
1
1
1
0
2
1
2
4
3
1
1
0
2
3
2
4
0
2
2
2
2
2
0
1
0
0
0
3
0
1
0
1
2
2
2
2
2
1
1
4
2
2
3
0
2
5
0
5
3
2
3
0
0
1
2
3
5
2
3
2
4
4
2
3
2
3
3
6
1
4
2
2
2
3
5
1
5
1
3
2
1
4
2
2
0
1
0
1
5
2
2
2
3
3
5
1
1
2
2
3
1
2
1
1
1
3
4
0
2
1
3
2
1
1
2
3
0
1
1
1
2
0
4
1
1
0
6
2
2
2
2
1
4
0
6
5
14
2
1
7
1
2
3
2
6
6
0
1
2
0
2
0
3
0
1
3
1
0
0
1
1
0
0
0
2
2
0
5
1
1
2
3
2
4
1
5
2
4
0
3
1
2
2
3
3
4
2
6
0
1
2
2
1
0
3
2
1
1
1
3
1
0
1
2
0
5
2
0
2
1
1
4
3
2
2
2
1
1
1
2
0
0
3
3
3
2
2
5
4
0
4
1
5
2
2
2
3
2
3
2
2
2
1
4
0
2
2
0
0
1
0
1
1
3
2
0
2
2
4
2
1
1
3
1
0
0
2
0
1
1
2
2
2
0
0
3
2
2
2
2
2
4
2
0
1
2
1
3
4
0
3
3
2
0
0
0
1
0
2
0
1
0
3
0
1
0
1
2
1
1
1
2
1
1
1
2
1
0
0
1
1
0
1
1
1
2
0
2
1
3
0
1
1
3
2
2
1
0
0
2
0
0
1
1
2
1
2
2
0
1
2
3
5
3
5
0
4
2
2
2
5
4
5
2
3
4
4
4
5
2
4
3
3
6
1
4
0
7
2
2
0
0
2
1
1
0
1
3
0
2
3
1
3
1
0
1
1
1
1
1
2
3
2
2
2
0
2
1
1
0
2
0
2
1
0
4
1
2
1
2
1
1
1
2
1
1
1
1
2
4
2
1
0
0
2
0
0
1
0
0
1
3
0
1
1
4
2
0
0
3
2
1
1
2
3
0
2
2
3
3
1
3
2
2
1
1
2
1
1
0
1
2
4
1
2
2
3
2
1
0
1
0
1
1
1
1
2
1
1
2
1
0
1
0
3
2
0
1
2
1
1
1
2
0
1
1
0
2
1
2
1
1
2
1
1
1
1
0
0
0
0
0
6
1
5
1
1
2
3
2
5
1
2
3
3
0
2
1
1
0
0
0
2
2
3
3
2
2
0
1
1
2
1
3
0
1
4
2
3
1
0
0
2
0
3
0
1
2
3
2
0
2
0
1
0
4
0
0
0
1
2
1
2
3
2
4
1
2
3
4
0
1
2
0
1
4
3
1
3
1
3
3
1
1
2
1
4
1
3
0
1
0
0
2
0
1
1
5
1
2
1
0
2
2
3
1
0
2
1
2
2
1
3
1
0
1
0
1
1
0
4
2
0
0
3
0
2
0
0
2
0
1
0
3
0
1
0
2
2
0
0
0
0
2
2
2
2
1
1
0
0
2
1
0
1
0
2
0
1
3
2
0
0
0
1
0
0
2
3
1
0
1
3
1
3
1
1
0
0
1
0
0
1
3
2
2
1
0
1
4
1
1
0
2
0
1
0
3
2
1
0
3
1
1
0
5
2
1
0
0
1
2
1
1
2
0
0
1
1
0
3
2
1
2
1
2
0
1
0
1
0
1
0
1
1
2
2
3
0
0
1
2
2
0
0
0
2
3
0
0
1
2
1
1
1
0
1
0
1
0
4
1
0
2
0
1
2
0
2
1
0
0
0
0
0
0
2
2
3
0
0
2
1
3
5
1
1
3
1
1
2
0
1
0
2
0
1
1
0
2
1
0
0
0
2
3
1
1
2
1
2
0
1
1
1
1
1
0
2
0
2
2
5
5
0
3
0
0
3
1
0
1
0
2
4
2
1
2
0
2
1
4
2
3
3
3
2
11
5
4
5
2
4
4
4
4
9
8
7
2
10
7
2
9
6
1
3
4
1
2
0
3
1
2
2
1
1
2
1
0
0
1
0
1
1
2
1
2
3
1
1
1
5
2
2
2
0
0
2
1
1
0
1
0
0
1
0
0
1
1
2
3
0
0
0
2
0
2
0
1
1
0
1
2
1
1
1
0
1
0
0
2
3
2
1
0
1
1
1
0
3
1
1
1
1
1
0
2
1
1
2
2
0
1
1
2
0
3
1
1
0
1
1
4
2
1
1
2
0
1
3
2
1
1
1
0
2
3
0
1
0
0
2
0
0
1
0
1
2
1
1
1
1
1
2
1
1
3
3
3
1
1
3
1
1
1
1
2
1
3
3
0
1
0
1
0
1
2
4
0
2
1
0
1
0
0
2
1
1
2
3
1
2
1
1
0
0
1
1
1
0
0
2
0
1
1
1
0
1
1
0
2
1
1
0
1
1
1
1
1
1
0
2
0
1
2
0
0
4
1
0
1
0
1
2
1
1
1
0
5
3
0
2
1
2
0
1
4
1
4
1
0
0
0
2
1
4
4
1
1
10
8
14
16
9
13
7
14
15
22
21
30
17
32
40
24
35
34
32
21
24
24
20
23
18
15
13
13
13
5
13
8
12
4
3
3
4
4
2
1
1
3
2
2
2
3
3
0
2
2
2
3
3
2
2
3
0
0
2
0
1
1
3
3
0
1
0
1
0
0
0
1
1
0
3
2
0
1
1
0
1
0
2
1
0
1
1
1
0
0
1
0
2
1
0
2
0
0
1
1
2
0
0
1
1
2
0
1
3
0
0
0
2
0
2
1
2
0
1
4
1
3
0
2
0
1
2
0
2
1
0
0
0
0
2
2
3
1
0
1
1
2
1
2
1
0
0
1
1
0
3
2
3
2
0
0
1
1
1
0
1
1
0
0
0
1
2
1
0
0
0
1
1
0
0
3
0
0
2
1
1
1
0
0
0
1
1
0
1
0
0
2
1
1
3
0
0
1
2
2
1
2
0
3
2
0
1
0
0
1
0
1
2
1
2
2
2
0
0
0
3
1
1
3
2
0
0
2
1
0
0
1
2
2
1
0
0
1
0
1
1
0
2
2
0
0
3
1
1
3
3
0
2
0
0
2
0
1
1
0
4
0
1
1
1
1
0
1
0
0
0
0
0
0
0
1
0
4
1
0
2
1
0
1
1
0
2
0
1
0
1
0
0
0
2
1
1
1
0
0
0
0
0
1
1
1
1
1
1
2
1
2
1
0
0
1
1
1
2
0
3
0
0
1
1
0
3
0
3
1
0
0
1
1
1
0
1
0
2
0
1
3
0
0
1
1
0
0
1
1
0
2
0
0
1
2
0
0
1
1
2
3
4
0
0
2
0
1
2
1
0
0
1
2
1
0
0
1
1
3
1
1
0
1
0
4
1
1
2
4
1
1
0
3
0
1
1
0
0
0
4
1
1
1
0
2
1
3
0
0
0
2
1
0
3
1
1
1
2
0
2
0
0
1
1
1
0
2
1
0
4
0
0
1
0
1
4
1
4
2
2
0
0
2
3
0
0
0
0
1
1
0
0
1
0
2
0
1
3
0
3
2
1
1
2
1
1
3
0
1
3
0
1
0
0
1
0
1
1
3
1
1
0
0
2
0
4
1
1
0
2
1
0
2
1
3
5
0
1
1
0
0
0
0
2
2
1
2
3
1
1
0
3
1
1
1
1
2
2
1
0
1
2
1
2
2
1
0
2
0
2
1
3
1
1
1
1
3
1
0
1
1
1
0
2
0
1
1
2
0
4
0
1
1
1
2
1
1
1
1
2
1
0
1
1
0
2
2
4
2
2
0
0
1
1
1
0
2
3
4
0
0
2
2
0
0
0
3
1
0
1
2
0
2
1
0
2
1
2
0
1
0
2
0
0
1
0
3
0
2
0
3
2
1
2
1
0
0
3
2
1
2
5
1
0
2
3
5
4
2
3
0
4
3
4
4
6
2
9
7
4
5
4
4
2
2
0
0
2
3
1
1
2
0
1
1
0
1
0
1
0
1
2
0
1
1
0
3
0
1
3
0
1
2
0
1
2
0
0
0
1
2
3
0
1
1
2
1
1
0
2
1
2
1
0
1
0
4
2
1
1
0
2
2
0
1
4
1
2
0
1
2
0
1
0
0
3
0
1
0
1
1
0
2
1
0
0
0
1
1
1
0
1
1
2
1
1
2
1
0
0
0
1
0
1
1
0
1
0
0
2
3
0
3
3
1
0
1
1
1
3
4
1
2
0
4
1
1
1
0
0
1
0
0
0
2
1
2
0
1
0
2
0
2
1
0
0
4
2
0
2
1
2
2
0
3
1
0
2
1
1
1
1
1
3
0
3
1
1
3
1
2
0
1
0
2
1
0
0
2
2
2
3
2
1
2
0
0
2
0
3
3
4
2
2
3
0
1
2
0
0
0
2
2
3
0
0
0
0
2
1
1
0
1
1
0
0
0
2
0
1
1
1
1
1
0
1
1
1
0
2
0
1
1
0
1
1
0
1
1
0
0
0
1
1
0
2
0
0
2
0
0
0
0
2
1
1
2
0
1
2
0
1
0
0
2
0
1
0
3
1
0
1
1
0
2
2
1
1
2
0
4
1
0
1
0
1
2
0
0
1
1
2
1
0
2
3
2
0
0
2
0
1
0
2
0
1
1
1
1
0
0
1
0
0
0
1
1
2
2
2
1
1
1
2
3
0
1
1
0
1
1
2
2
0
3
0
1
2
0
1
1
1
1
2
0
1
0
1
0
1
1
1
3
1
1
1
2
0
1
0
1
1
2
0
3
1
3
1
0
1
1
1
1
0
0
1
1
0
0
2
0
0
0
0
0
3
0
3
2
0
1
0
0
1
1
1
2
2
0
2
0
0
4
0
2
1
1
0
0
1
0
2
2
2
0
0
2
1
1
2
0
3
0
0
2
0
1
0
1
1
3
2
1
1
1
0
0
2
1
0
0
0
0
0
1
0
2
0
0
1
2
1
1
0
1
2
1
0
1
1
0
0
0
0
0
1
0
0
0
0
0
0
1
2
0
3
0
1
2
0
1
2
1
2
0
0
1
2
1
0
1
0
0
1
2
1
2
0
4
1
0
2
1
1
2
1
0
2
3
0
0
0
3
3
3
0
2
1
0
0
1
0
0
0
1
0
2
2
0
0
4
1
1
0
1
0
1
1
1
0
4
0
0
1
1
1
0
1
1
0
3
1
1
0
1
0
0
1
2
2
0
3
3
2
0
0
5
1
0
2
1
1
1
4
1
1
1
2
0
1
0
1
0
1
0
3
2
1
1
0
1
2
0
2
2
2
5
2
3
0
0
1
0
0
0
0
0
1
0
0
0
0
2
0
3
3
0
0
3
2
2
2
2
1
1
0
0
0
1
1
1
2
3
0
1
2
0
0
3
2
2
1
1
2
2
1
4
2
3
2
0
2
0
0
1
0
6
1
1
1
2
0
0
1
2
0
0
0
0
1
0
0
2
1
2
1
0
1
1
0
2
1
0
1
1
0
2
1
0
3
1
1
2
2
0
2
2
0
2
1
1
2
1
0
1
2
1
2
2
0
0
0
1
0
1
3
0
0
0
0
1
2
2
4
1
0
0
1
3
0
1
2
0
4
2
2
1
1
1
0
0
0
1
0
0
1
0
1
0
0
1
0
2
0
0
0
2
1
2
0
0
2
2
0
0
0
0
1
0
2
1
2
1
0
1
1
0
2
0
2
1
0
1
2
1
1
1
1
2
0
0
2
1
3
0
3
1
2
4
0
0
0
1
1
0
1
0
0
0
1
1
0
1
2
0
3
1
0
0
1
1
0
0
1
2
0
1
0
3
0
1
0
0
2
0
2
0
2
1
0
1
3
1
0
0
0
2
0
0
0
1
0
1
0
1
1
1
0
1
0
0
2
1
0
1
1
0
0
0
2
1
0
2
0
1
0
1
1
0
0
3
2
1
2
1
0
0
0
1
1
0
0
1
0
1
1
2
1
1
1
0
1
2
1
1
0
0
1
1
0
2
4
1
1
1
1
1
0
1
0
0
2
1
0
2
0
1
0
1
0
0
1
2
0
1
0
1
0
0
0
0
2
1
1
3
1
1
0
1
3
0
0
2
0
1
3
2
2
3
0
0
1
0
1
0
2
0
0
0
0
0
1
0
0
0
1
0
0
1
3
1
1
0
1
2
2
0
1
0
1
2
0
0
1
0
0
1
1
0
1
0
0
0
2
0
0
0
2
0
2
1
0
0
0
0
1
1
0
2
0
1
1
1
2
0
1
0
0
0
2
1
3
2
2
0
1
4
4
2
2
1
1
1
0
0
1
1
0
0
0
3
1
2
1
0
2
0
0
0
0
0
1
2
0
2
1
1
0
0
1
0
1
1
0
2
1
0
1
1
1
1
0
1
2
1
2
2
3
3
0
1
1
0
1
1
0
1
0
1
1
0
1
0
0
0
2
0
0
1
0
1
0
2
0
3
0
1
1
0
0
1
1
2
1
1
0
0
1
1
1
1
1
0
1
0
0
1
0
1
0
0
1
0
2
2
1
0
1
0
2
1
3
0
0
1
0
1
1
0
2
0
0
1
3
1
0
0
2
1
2
0
0
0
0
0
2
0
1
0
1
2
2
1
1
0
3
1
1
0
0
2
1
3
1
0
2
0
0
1
1
0
1
0
0
0
1
0
2
4
2
1
1
1
1
1
0
2
1
0
0
1
2
0
1
3
4
2
0
0
0
1
2
0
2
1
2
1
2
0
1
1
0
0
1
0
0
1
1
0
1
0
0
1
0
0
2
1
0
0
2
1
1
3
0
4
1
1
0
0
1
0
0
0
0
1
0
1
2
0
1
0
0
1
0
1
0
0
1
3
0
2
1
0
2
1
1
0
3
1
1
0
0
0
1
1
1
1
0
0
1
0
1
1
1
2
1
0
1
0
0
1
1
0
2
0
0
0
0
0
1
2
0
1
0
0
1
2
0
3
1
0
1
0
0
0
1
0
2
1
1
0
1
3
1
1
1
0
0
0
2
3
0
2
1
2
2
0
1
0
0
0
0
1
1
0
2
1
0
1
0
1
1
1
0
1
2
2
1
1
0
2
1
0
1
1
3
1
3
1
1
1
1
1
1
2
2
0
1
0
1
0
2
0
2
1
0
0
0
1
0
2
1
0
1
1
0
0
0
0
3
0
0
1
3
1
0
0
0
1
0
1
1
1
0
0
0
2
0
1
2
1
1
3
0
0
0
1
1
0
1
1
1
1
3
1
1
0
0
1
2
0
1
0
1
2
1
0
0
1
0
0
2
2
1
1
1
0
3
1
1
1
2
0
0
1
2
1
1
0
2
1
2
0
2
3
3
0
1
1
0
2
2
1
0
2
0
0
1
0
0
2
2
0
1
1
2
1
0
0
0
2
0
2
0
1
0
1
0
0
1
0
0
0
0
0
1
1
1
1
2
1
0
0
0
0
1
0
0
1
2
1
1
1
0
0
0
3
1
3
0
1
0
0
0
1
0
0
1
1
1
1
1
0
1
2
1
1
0
1
0
0
3
1
1
0
0
1
0
0
1
3
0
1
1
0
1
3
1
2
0
1
0
1
0
0
0
0
3
1
0
1
2
0
1
1
0
2
1
0
1
2
1
1
1
0
2
2
3
2
0
2
0
1
0
0
0
0
0
0
2
0
1
0
1
1
0
1
2
1
2
0
1
0
0
0
2
0
1
0
1
0
0
1
3
1
1
0
1
0
1
2
0
2
0
0
1
0
1
0
0
2
1
0
1
0
0
2
0
0
0
1
3
0
0
1
2
1
0
1
0
1
1
0
1
1
1
0
1
0
0
0
0
1
2
1
0
0
0
1
2
1
1
1
1
0
0
2
1
1
0
1
0
0
0
0
1
1
1
0
0
1
0
0
1
1
0
0
0
0
0
3
0
0
1
2
3
0
0
0
1
1
1
0
1
3
1
0
2
2
3
1
2
2
0
2
1
0
1
1
0
0
1
3
1
1
0
0
2
2
2
1
1
3
3
1
0
1
3
1
0
0
0
1
2
3
1
1
2
0
1
3
1
0
0
1
0
1
0
1
0
1
1
1
0
0
0
0
0
1
1
2
1
2
1
2
1
1
1
3
0
1
1
1
1
1
1
1
1
1
3
0
0
0
0
1
1
1
1
1
1
0
0
1
2
0
3
2
1
1
0
1
1
3
3
1
2
2
1
1
4
4
2
1
4
3
1
2
2
6
6
2
5
4
4
4
7
5
4
4
5
7
6
1
3
3
8
3
7
3
3
4
2
5
3
0
3
2
2
1
1
2
1
2
0
1
0
1
0
0
3
2
0
0
0
1
0
2
0
0
1
1
0
0
2
1
0
1
0
2
1
3
1
1
0
0
1
0
0
1
0
0
1
1
0
1
2
0
2
0
0
0
1
2
0
1
1
1
1
0
0
2
2
1
0
1
2
2
1
0
1
1
1
1
4
2
1
0
3
0
1
0
1
3
7
2
1
2
2
2
1
3
4
5
0
2
3
1
3
5
1
2
2
2
0
3
1
2
2
1
1
0
0
0
2
1
0
0
1
2
1
1
1
3
2
0
1
1
1
1
1
2
1
0
1
1
2
0
1
0
1
1
1
2
1
1
1
0
3
1
1
0
0
2
3
1
0
0
1
0
0
1
1
0
0
1
1
0
1
2
1
1
0
1
0
1
1
0
2
0
1
0
2
2
1
1
0
0
0
0
0
0
2
0
1
0
0
1
0
0
2
0
1
1
0
1
1
1
1
1
1
0
1
0
1
0
0
3
1
0
0
4
1
1
1
1
3
4
0
0
1
2
0
1
3
0
0
2
1
1
2
2
1
0
1
3
1
2
0
0
1
0
0
1
1
2
1
1
1
0
1
1
2
0
1
1
1
1
1
1
1
0
0
0
2
1
0
0
1
2
0
2
0
1
1
0
0
0
1
0
0
2
0
1
0
3
3
1
0
0
0
1
0
0
0
1
1
0
2
0
3
2
0
0
1
0
1
1
0
3
1
1
0
3
1
1
3
2
1
1
1
1
1
1
1
1
0
2
0
3
1
0
0
2
1
1
0
1
3
2
1
0
1
0
2
1
1
1
0
0
1
2
2
1
1
2
2
0
1
1
2
1
0
0
2
2
0
0
0
0
0
0
1
0
1
1
0
0
1
1
2
2
1
0
1
0
1
2
3
0
0
1
1
1
0
1
1
1
1
1
0
1
0
1
0
0
1
0
0
1
0
0
0
1
0
2
0
0
0
0
0
2
1
0
0
0
2
1
2
1
1
0
2
0
1
0
0
0
0
1
1
0
1
1
0
2
0
2
0
0
0
2
0
0
1
0
0
0
2
2
1
0
0
1
2
4
0
3
1
1
0
1
0
0
0
1
0
1
1
0
0
1
1
1
0
1
0
1
1
2
0
1
2
0
0
1
0
1
1
0
2
0
0
0
0
1
0
1
0
2
0
1
0
2
3
0
0
1
3
0
0
0
1
2
0
2
1
1
2
1
0
1
0
0
0
1
2
2
0
2
0
0
1
1
0
0
1
1
0
0
0
1
1
2
1
0
2
0
1
3
2
0
0
2
0
2
0
0
0
1
0
0
2
1
0
2
2
1
0
0
0
0
0
0
2
0
2
1
0
0
1
1
0
1
0
1
1
1
2
1
0
0
0
1
1
1
0
0
4
2
2
0
0
1
2
0
2
1
2
1
3
1
1
2
0
2
1
5
1
1
0
0
1
0
1
1
1
1
0
0
1
1
2
1
1
0
0
0
2
1
0
0
1
0
1
2
2
0
1
2
0
1
0
0
0
1
1
0
0
1
1
1
1
0
2
3
0
0
0
4
0
0
1
1
3
1
1
1
0
0
1
0
1
0
3
1
3
1
2
1
0
2
4
3
2
4
4
3
5
7
5
8
9
4
3
9
4
5
7
7
5
8
11
7
10
12
5
7
3
7
6
7
2
6
3
5
1
3
1
1
2
4
1
0
0
2
1
2
1
2
1
1
1
1
0
0
1
3
2
0
1
2
1
0
0
1
1
0
0
2
1
2
2
0
2
2
1
2
2
0
1
3
0
1
0
0
2
1
2
0
0
1
0
2
1
1
0
0
1
0
0
3
0
0
1
0
1
0
2
2
0
0
0
0
0
0
0
1
0
0
2
1
0
0
1
1
1
1
1
0
2
0
1
1
0
1
1
0
0
0
0
1
1
0
1
0
1
0
0
0
0
1
2
2
0
1
0
1
0
2
1
1
2
0
3
1
0
2
1
1
1
1
0
1
1
0
0
2
1
2
0
0
0
0
0
0
1
0
0
2
0
0
0
1
2
1
1
1
1
1
0
0
3
0
1
1
1
1
0
1
0
0
1
1
0
0
0
1
3
0
2
0
1
0
0
0
0
1
0
0
1
0
1
2
0
1
1
0
1
0
2
0
1
0
2
0
1
1
0
1
2
0
1
0
1
2
1
0
1
2
3
1
4
0
0
0
1
1
0
2
0
0
1
0
1
0
1
0
1
2
0
0
2
3
0
0
0
2
0
0
1
2
1
3
1
2
0
0
0
1
3
1
0
0
1
1
1
2
1
1
1
1
0
2
1
1
0
2
0
1
0
1
0
0
3
0
1
3
1
0
2
0
1
0
1
1
1
2
0
0
0
1
0
2
2
1
1
2
0
0
0
0
2
2
3
0
2
0
1
1
1
0
2
0
0
1
2
0
0
1
0
0
0
1
1
0
0
0
0
0
1
1
0
0
0
1
1
1
1
0
1
2
1
1
3
1
1
0
2
1
0
0
2
1
0
0
2
3
0
1
1
1
1
2
1
2
0
3
0
2
1
2
1
0
0
1
1
1
1
1
1
0
1
1
0
1
0
1
1
1
1
0
0
0
0
1
1
0
1
0
0
0
0
0
2
0
1
0
0
0
1
0
1
0
1
3
0
0
2
0
1
1
0
0
0
2
3
1
0
0
1
0
1
1
1
2
1
0
0
1
0
2
2
2
1
1
1
0
0
0
1
2
0
0
1
0
2
1
0
1
0
2
0
0
0
3
2
1
0
0
1
1
0
0
0
1
1
1
1
0
3
0
1
0
1
2
0
0
0
0
0
1
0
0
0
1
0
0
1
0
2
1
2
1
3
0
1
1
2
2
0
1
1
0
1
1
2
1
0
1
1
1
3
1
0
1
0
4
0
1
1
1
1
1
2
0
1
2
1
0
0
2
0
0
0
0
4
0
2
0
1
1
0
0
0
0
0
3
1
0
0
0
1
1
1
0
1
1
0
2
1
0
0
0
0
1
2
1
1
0
1
0
0
3
1
1
1
1
0
1
1
1
2
0
1
0
0
0
0
0
1
1
0
3
1
2
0
1
1
2
1
1
0
1
1
0
0
0
0
2
2
3
1
3
1
2
0
0
0
2
1
1
1
2
2
0
1
2
2
2
2
0
1
2
0
0
1
0
3
1
1
2
2
0
2
0
0
1
0
0
0
1
0
0
1
0
2
0
2
1
0
1
0
2
1
2
1
1
1
0
0
0
1
0
1
2
2
0
1
0
0
0
1
2
0
2
1
0
0
0
2
1
0
1
1
0
1
0
2
0
2
2
0
0
3
0
1
1
3
1
0
1
1
0
2
0
2
0
2
0
0
0
2
1
0
0
1
1
0
3
3
1
0
0
2
2
3
0
0
1
1
2
1
1
1
0
0
1
3
0
0
3
0
1
0
0
0
2
1
2
2
0
1
1
2
0
1
0
0
2
0
0
1
0
0
0
0
0
2
1
1
1
1
0
2
1
1
1
1
0
2
0
2
2
0
1
0
1
2
1
2
1
0
0
0
1
0
1
0
0
0
3
0
0
0
2
1
0
0
0
1
0
1
1
1
0
1
2
2
0
0
2
1
2
0
2
1
0
0
2
1
1
0
2
1
0
2
0
0
0
0
0
1
0
3
0
1
1
1
1
1
1
0
1
0
0
1
1
5
1
1
0
0
3
2
1
0
0
2
2
2
1
0
0
1
0
0
1
1
0
1
1
1
0
0
1
2
1
3
0
1
0
1
1
0
1
1
0
0
0
1
1
1
2
0
3
0
0
2
1
3
2
0
1
0
0
2
1
1
0
1
1
0
2
0
0
2
2
0
1
0
1
1
3
1
1
1
1
1
1
1
0
0
2
0
0
1
1
1
1
1
1
0
0
2
0
1
0
3
2
1
1
0
2
1
0
1
0
0
1
0
1
2
1
1
2
0
2
1
1
1
2
0
1
0
0
2
0
0
0
1
1
4
2
1
0
0
1
0
0
2
2
0
3
0
0
2
0
1
1
1
0
0
1
1
1
4
0
1
3
1
1
1
3
3
3
0
1
0
0
1
2
5
0
0
1
2
2
0
0
2
2
0
1
0
2
0
0
1
0
0
0
2
1
1
0
0
0
3
1
2
1
2
1
0
1
2
0
0
3
0
2
0
2
1
0
0
0
0
1
0
1
1
0
3
1
0
2
0
1
2
0
1
0
0
2
1
1
0
0
0
1
1
0
1
1
1
2
2
0
1
0
1
0
0
2
2
1
0
2
2
2
1
2
0
1
1
0
1
1
0
2
0
0
4
3
0
0
1
0
2
2
1
0
1
2
2
0
1
4
1
1
0
1
1
0
1
0
3
0
1
3
2
1
3
2
0
0
1
0
1
1
1
1
0
0
0
2
0
1
2
0
0
1
1
2
1
1
2
0
4
2
1
2
1
2
2
1
0
1
1
1
0
1
0
0
2
3
0
1
1
0
0
0
0
0
1
0
0
1
1
3
1
1
1
1
1
1
0
2
2
0
2
0
0
1
0
2
3
3
2
1
0
2
1
0
0
3
1
1
0
0
3
1
2
2
0
1
2
0
0
0
1
1
2
1
0
2
2
0
1
2
0
0
0
0
0
1
1
2
1
1
0
0
1
1
0
0
1
0
1
1
0
0
1
1
1
2
1
0
1
1
0
1
1
1
2
1
1
1
0
0
0
1
0
1
0
0
1
0
2
0
1
2
0
0
0
1
1
3
1
2
2
2
0
1
1
1
1
1
0
0
1
0
1
3
0
2
2
0
0
0
0
0
1
1
0
1
2
1
1
1
0
1
1
0
3
1
0
0
0
1
2
0
1
1
0
0
0
0
0
1
1
2
1
0
0
1
1
1
0
0
1
0
0
0
1
0
0
1
0
0
2
0
0
0
0
2
2
0
0
0
0
1
0
3
0
0
0
1
0
0
0
0
0
0
3
1
3
0
1
1
1
1
0
0
1
0
1
0
2
1
1
4
0
0
1
2
1
0
1
0
0
0
0
1
0
1
1
1
0
0
1
1
3
0
1
1
0
0
0
0
1
1
1
1
1
1
1
0
0
2
0
0
2
2
0
1
0
0
1
0
1
0
0
0
0
0
1
1
1
0
3
0
0
0
1
0
1
1
0
1
0
1
0
1
1
1
2
0
2
2
0
0
1
0
2
0
0
0
1
1
2
0
0
0
1
1
0
1
0
0
0
0
1
0
1
1
1
0
1
0
4
1
0
0
0
0
2
1
1
0
0
2
1
0
1
0
0
2
3
2
1
1
1
0
1
1
1
0
0
1
0
1
2
1
2
0
1
0
0
1
1
0
2
2
1
2
0
0
0
0
1
0
0
0
0
0
0
0
1
1
0
0
2
0
1
0
1
2
0
0
0
0
0
0
0
3
0
0
0
1
1
1
0
1
0
0
0
0
1
0
0
0
1
0
0
1
0
0
1
1
2
0
0
0
0
1
0
2
4
0
0
2
1
1
1
0
1
0
0
1
0
2
0
0
2
1
3
0
1
1
2
0
0
0
2
0
2
0
2
0
0
0
0
0
1
1
0
1
1
0
0
1
0
1
1
0
0
1
1
0
0
0
0
0
1
0
0
2
1
0
1
0
1
1
0
0
0
0
0
1
0
0
0
0
1
1
0
0
1
1
0
0
0
0
1
0
0
2
0
1
0
1
0
1
5
0
1
2
1
1
4
3
3
2
1
2
3
1
5
4
1
3
3
2
5
4
6
1
3
2
2
6
1
0
4
0
1
0
0
0
1
1
1
0
0
1
0
0
1
0
1
1
2
1
0
2
1
0
1
0
0
0
0
1
4
0
0
0
1
1
2
1
0
0
1
1
1
0
0
1
0
0
0
0
0
0
1
0
2
1
2
2
1
1
2
3
2
0
2
1
0
1
0
0
0
0
0
0
2
0
1
1
0
1
1
0
0
1
0
1
0
0
2
0
0
0
2
1
0
0
0
0
2
3
0
2
1
1
0
2
0
0
0
0
0
0
0
0
0
0
0
0
0
1
0
1
0
0
0
0
0
0
1
1
0
0
1
0
1
2
0
0
0
0
0
0
0
0
0
0
0
1
1
0
0
0
0
0
0
0
0
2
1
1
1
0
0
1
1
0
0
0
1
1
1
0
1
0
1
1
0
0
0
1
0
0
0
1
0
1
0
0
1
0
0
0
1
0
1
0
0
0
0
0
3
0
1
0
1
0
0
0
0
1
0
0
0
1
0
1
1
0
0
1
0
3
0
0
0
0
0
0
0
1
0
1
1
1
1
1
0
0
0
0
0
0
0
1
0
1
0
1
0
0
0
1
1
1
0
1
0
0
0
0
0
0
0
0
1
0
2
0
0
1
1
0
1
1
0
1
2
0
0
0
1
1
0
1
1
0
0
0
0
1
0
1
0
0
0
0
0
0
0
0
0
0
1
2
1
1
0
0
0
1
0
0
1
0
0
0
2
1
1
1
0
0
1
0
0
1
0
1
1
0
1
0
0
0
1
1
0
0
0
0
0
1
1
0
0
1
0
1
1
1
0
1
0
0
0
0
1
0
0
0
0
0
0
0
0
0
0
0
1
0
0
1
0
1
0
1
0
0
0
0
1
1
0
0
0
1
1
0
0
0
0
0
0
1
0
0
0
0
0
0
1
0
0
1
0
1
1
0
0
1
1
1
0
0
1
0
0
0
1
0
0
0
0
1
0
0
0
1
0
0
0
0
0
0
1
0
0
0
0
0
1
0
0
1
0
0
0
2
0
0
1
0
0
0
0
0
1
0
1
0
0
2
0
0
1
1
0
1
0
0
0
1
0
0
0
0
0
0
0
0
0
0
1
0
0
0
0
0
0
1
0
0
1
0
0
0
1
0
0
0
0
0
0
0
1
0
0
1
0
0
0
0
0
0
0
0
0
0
1
0
0
1
0
0
0
0
1
0
0
1
1
0
0
0
1
1
2
1
0
1
1
0
1
0
1
3
0
1
0
0
0
1
0
0
0
1
1
1
0
0
0
0
0
1
0
0
0
0
1
0
0
1
0
2
0
1
0
0
0
0
0
0
0
1
0
1
1
0
0
0
1
0
2
0
1
0
0
0
0
1
0
0
0
1
0
0
0
0
1
0
0
0
0
0
1
1
0
0
1
0
1
1
0
0
0
0
0
1
0
1
0
1
0
1
0
1
1
1
0
0
0
0
2
0
0
0
1
0
0
0
1
1
0
1
0
0
0
0
1
1
0
0
0
0
0
1
0
0
1
0
0
3
1
0
0
1
1
0
1
0
1
0
0
0
0
0
0
0
1
0
0
1
1
0
0
1
0
0
0
0
0
0
0
0
0
2
0
0
0
0
0
0
1
1
0
0
1
1
0
0
1
0
0
0
0
0
0
1
0
0
0
0
0
0
0
0
0
1
1
2
0
0
1
1
0
0
0
0
0
1
0
0
0
0
0
1
2
2
1
0
1
0
0
0
0
0
0
1
0
0
0
0
1
0
0
0
0
0
0
2
0
1
0
1
0
0
0
0
0
0
1
1
0
0
0
0
0
0
0
0
0
1
0
0
0
0
1
0
0
0
0
1
0
0
2
1
1
0
0
1
0
1
0
0
0
0
0
1
0
1
0
0
0
1
0
1
0
0
1
0
0
0
0
0
0
0
0
0
0
0
0
0
0
0
0
0
0
0
1
0
0
0
0
1
0
0
0
1
0
0
0
0
0
0
0
0
0
0
1
2
0
0
0
0
1
1
0
0
2
1
0
0
0
0
1
0
0
0
1
0
1
0
0
1
0
0
0
0
0
0
0
0
1
1
0
0
0
0
1
0
0
0
1
0
0
1
0
0
0
0
0
0
0
1
1
0
0
0
0
0
1
0
1
1
0
0
0
1
0
1
0
0
0
0
0
1
0
0
0
0
1
0
0
0
0
0
0
0
0
1
1
0
0
0
1
0
0
2
0
0
0
1
0
0
0
0
0
1
0
0
0
0
0
1
1
0
0
0
0
0
0
0
0
1
1
0
0
0
0
1
0
0
0
0
0
0
0
0
0
0
0
0
0
0
0
0
0
0
0
0
0
1
0
0
0
0
0
0
0
0
1
0
0
1
0
0
1
0
1
0
0
0
0
0
0
0
0
0
0
1
0
0
0
0
0
2
0
0
0
0
0
1
1
0
1
1
0
0
0
0
0
0
0
0
0
0
0
0
0
0
0
0
0
0
0
0
0
0
0
0
0
0
0
1
0
0
0
2
0
1
0
0
0
0
0
1
0
1
1
0
0
0
0
0
0
0
0
1
0
0
1
1
0
1
1
0
1
0
0
0
1
0
0
0
0
0
1
0
0
1
0
0
0
0
0
0
0
0
1
0
0
1
1
0
0
0
1
0
1
0
1
0
0
0
0
2
0
0
0
2
0
0
0
0
0
1
1
0
1
0
1
0
2
0
2
1
0
3
0
3
3
3
2
0
1
3
5
4
1
7
5
6
6
7
12
14
16
18
21
18
17
17
24
28
37
32
31
19
22
38
30
34
29
29
34
27
47
28
30
31
34
19
16
15
14
11
9
9
7
6
10
9
6
7
2
3
2
1
2
1
3
1
0
0
0
0
1
0
0
0
0
0
0
1
0
0
0
0
0
0
0
0
0
1
0
0
0
2
0
0
0
0
0
0
0
1
0
0
0
0
0
1
0
0
0
1
0
0
0
0
0
0
0
0
0
0
0
0
1
0
0
0
0
0
0
0
0
1
0
0
0
0
0
1
0
0
0
0
0
0
0
0
0
0
0
0
0
0
0
0
0
0
0
1
0
0
0
0
0
0
0
0
0
0
0
0
0
0
0
0
0
0
0
0
0
0
0
0
0
0
0
0
0
0
0
0
0
0
0
0
0
0
0
0
0
0
0
1
0
0
0
0
1
0
0
0
0
0
0
0
0
0
0
1
1
0
0
1
0
0
0
0
0
0
0
0
1
0
0
0
0
0
0
0
0
0
0
0
0
1
1
0
1
0
0
0
0
0
0
0
0
0
0
0
0
0
0
0
0
1
0
0
0
0
0
0
0
0
0
1
0
0
0
0
0
0
0
0
0
0
0
0
0
0
0
0
0
0
0
0
0
0
0
1
0
0
0
0
0
0
0
0
0
0
0
0
0
0
0
0
0
0
0
0
0
0
0
1
0
0
0
0
0
0
0
0
0
0
0
0
0
0
0
0
0
0
0
0
0
0
0
0
0
0
0
0
0
0
0
0
0
0
1
1
0
0
0
0
1
0
0
0
0
0
0
0
1
1
0
0
0
0
0
0
0
0
0
0
0
0
0
0
0
0
1
1
0
1
0
0
0
0
0
0
1
0
0
0
0
0
0
0
0
1
0
0
0
0
0
1
1
0
0
0
0
0
0
0
0
0
0
0
0
0
1
0
0
0
0
0
0
0
0
0
0
0
0
0
0
0
0
0
0
0
0
0
1
0
0
0
0
0
0
0
0
0
1
0
0
0
0
0
0
0
0
0
0
0
0
0
0
0
0
0
0
0
0
0
0
0
0
1
0
0
0
1
0
0
0
0
0
0
0
0
0
0
0
0
0
0
0
0
0
0
0
0
0
0
0
0
0
0
0
0
0
0
0
1
0
0
0
0
1
0
0
0
0
0
0
0
0
0
1
0
0
1
0
0
0
0
0
0
0
0
0
1
0
0
0
0
0
0
0
0
0
0
0
0
0
1
0
0
0
0
0
0
0
0
0
1
1
0
0
0
0
0
0
1
0
1
1
1
0
0
0
0
0
0
0
0
0
0
0
0
0
0
0
0
0
0
0
0
0
0
0
0
0
0
0
0
0
0
0
0
0
0
0
0
0
0
0
0
0
0
0
0
0
0
0
0
1
0
0
0
0
2
0
0
0
0
1
0
0
0
0
0
0
0
0
0
0
0
0
0
0
0
0
0
0
1
1
0
0
0
1
0
0
0
1
0
0
0
0
0
0
0
0
0
0
0
0
0
0
0
0
0
0
0
1
0
0
0
0
0
0
0
0
0
0
0
0
0
0
0
0
0
0
0
1
0
0
0
0
0
0
0
0
0
0
0
0
0
0
0
0
0
0
1
0
0
1
0
0
0
0
1
0
0
0
0
0
0
0
0
0
0
0
0
0
1
0
0
0
0
0
0
0
0
0
0
0
0
0
0
0
0
0
1
1
0
0
0
0
0
0
0
0
0
0
0
0
0
0
0
0
0
0
0
0
0
0
0
0
0
0
0
0
0
1
0
0
0
0
0
0
1
0
0
0
0
0
0
0
0
0
0
0
0
0
0
0
0
0
0
0
0
0
0
0
0
0
0
0
0
0
0
0
1
0
0
0
0
0
0
0
0
0
0
0
0
0
1
0
0
0
0
0
0
0
0
0
0
0
0
0
0
2
0
0
1
0
0
0
0
0
0
0
1
1
0
0
0
0
0
0
0
0
0
0
0
0
0
0
1
0
0
0
0
0
0
0
0
0
0
0
0
0
0
0
0
0
2
0
0
0
0
0
0
1
0
0
1
0
0
0
0
0
0
0
0
0
0
0
1
0
0
0
0
0
0
0
0
0
0
0
0
0
0
1
0
0
1
0
0
0
0
0
0
0
0
0
0
0
0
0
0
0
0
0
0
2
0
0
0
0
0
0
0
0
0
0
0
0
0
1
0
0
0
0
0
0
0
0
0
0
0
0
0
0
0
0
0
0
0
0
0
0
0
0
0
0
0
0
0
0
0
0
1
0
0
0
0
0
0
0
0
0
1
0
0
0
0
0
0
0
0
0
1
0
0
1
0
0
0
0
0
0
0
0
0
0
0
0
0
0
0
0
0
0
0
0
0
1
0
0
0
0
0
1
0
0
1
0
0
0
0
0
0
0
0
0
0
0
0
0
0
0
0
0
0
0
1
0
0
0
0
0
0
0
0
0
0
0
0
0
0
0
0
0
0
1
0
0
0
0
0
0
0
0
0
0
0
0
1
0
0
0
0
0
0
0
0
0
0
0
0
1
0
0
0
0
0
0
0
0
0
0
0
0
0
0
0
0
0
0
0
0
1
0
0
0
0
0
0
0
0
0
0
0
0
0
0
1
0
0
0
0
0
0
0
0
0
0
0
0
0
1
0
0
0
1
1
0
1
0
1
0
1
0
0
1
0
0
1
0
0
0
0
0
0
0
0
0
0
0
0
0
0
0
0
0
0
0
0
0
0
0
0
0
0
1
0
0
0
1
1
1
0
0
0
0
0
0
0
0
0
1
0
0
0
0
0
0
0
0
0
0
0
0
0
0
0
1
1
0
0
0
0
0
0
0
1
0
0
0
0
0
0
0
0
0
0
0
1
2
0
0
0
0
0
0
0
0
1
0
0
0
1
0
0
0
0
0
0
0
0
0
0
0
1
0
0
0
0
0
1
0
1
1
0
0
0
0
0
1
0
0
0
0
0
0
0
0
0
0
0
0
0
0
0
0
1
1
0
0
0
0
0
0
0
0
0
0
0
0
0
0
0
0
0
0
0
0
0
0
0
0
0
1
0
0
0
0
0
0
0
0
0
0
1
0
0
0
0
0
0
0
1
0
0
0
0
0
0
0
0
0
0
0
0
0
0
0
0
0
0
1
0
0
0
0
0
1
0
0
0
0
0
0
0
0
1
0
0
0
0
1
0
0
0
0
0
0
0
0
0
0
0
1
1
0
0
0
1
0
0
0
1
0
0
0
0
0
0
0
0
0
0
0
1
1
0
0
0
0
1
0
0
0
0
1
0
0
0
1
0
1
0
0
0
0
0
0
0
0
0
0
0
0
0
0
0
0
0
0
0
0
0
0
0
1
0
0
0
0
0
0
0
0
1
0
0
0
0
0
0
0
1
0
0
0
0
0
0
0
0
0
0
0
0
0
0
0
0
0
0
0
0
0
1
0
1
0
0
0
0
0
0
0
1
0
1
0
0
1
0
0
0
0
1
0
0
0
0
0
0
0
0
0
0
0
0
0
1
0
0
0
1
0
0
0
0
0
0
0
0
0
0
0
0
0
0
0
0
0
0
0
0
0
0
0
0
1
0
0
0
0
0
0
0
0
0
0
0
0
0
1
1
0
0
0
0
0
0
0
0
0
0
0
0
0
0
0
0
0
0
0
0
0
1
0
0
1
1
0
0
0
0
0
0
0
0
0
0
0
0
0
1
0
0
0
0
0
0
0
0
0
0
0
0
0
0
0
0
0
0
0
0
0
0
0
0
0
0
0
0
0
0
0
0
0
0
0
0
0
0
0
0
0
0
1
0
0
0
0
0
0
0
0
0
1
0
0
0
0
0
0
0
0
0
0
0
0
0
0
0
0
1
0
0
0
0
0
0
0
0
0
0
0
0
0
0
1
0
0
0
0
0
1
0
0
0
0
0
0
0
0
0
0
0
0
0
0
0
0
0
0
0
0
0
0
0
0
0
0
0
0
0
0
0
0
0
0
0
0
0
0
1
0
0
0
0
0
0
0
0
0
0
0
0
1
0
1
0
0
0
0
0
0
0
0
0
0
0
0
0
0
0
0
0
0
0
0
0
0
0
0
1
0
0
0
0
0
0
0
0
0
0
0
1
0
0
0
0
0
0
0
0
1
1
0
0
0
0
0
0
0
1
0
0
0
0
0
0
0
0
0
0
1
0
0
0
0
0
0
0
0
0
1
0
0
0
0
0
0
0
0
0
0
0
0
0
1
0
0
0
0
0
0
0
0
1
0
0
0
0
0
0
0
0
0
0
0
0
0
0
0
1
0
0
0
0
1
0
0
1
0
0
0
0
0
0
1
1
0
0
0
0
0
0
0
0
0
0
0
0
0
0
0
0
0
0
0
0
0
0
0
0
0
0
0
1
0
0
0
0
0
0
0
0
0
0
0
0
0
0
0
0
0
0
0
0
1
0
0
0
0
0
0
0
0
1
0
0
0
0
0
0
0
0
0
0
0
2
0
0
0
0
0
0
0
0
0
0
0
0
0
1
0
0
1
0
0
0
0
0
0
0
0
0
0
0
1
0
0
0
0
0
0
0
0
0
0
1
1
0
0
0
0
0
0
0
0
0
0
0
1
0
0
0
0
0
0
0
0
0
0
0
0
0
0
0
0
0
0
0
0
0
0
0
0
0
0
0
0
0
0
0
0
0
0
1
0
2
0
0
0
0
0
0
0
0
0
0
0
1
0
0
0
0
0
0
0
0
0
0
0
0
0
0
0
0
0
0
0
0
0
0
0
0
0
1
0
0
0
0
0
1
0
1
0
0
0
0
0
0
0
0
0
0
0
0
0
0
0
0
0
0
0
0
0
0
0
1
0
0
0
0
0
0
0
0
0
0
0
0
0
0
0
0
0
0
0
0
1
0
0
0
0
0
1
0
0
0
0
0
0
0
0
0
0
0
0
0
0
0
0
0
0
0
0
0
0
0
0
0
0
0
0
0
0
0
0
0
0
0
0
0
0
0
0
0
0
0
1
0
0
0
0
0
0
0
0
0
0
0
0
0
0
0
0
1
0
0
0
0
0
0
0
0
1
1
0
0
0
0
0
0
0
0
0
0
0
0
0
0
1
0
0
1
0
0
0
0
0
0
0
0
0
0
0
0
0
0
0
0
0
0
0
0
0
0
0
0
0
0
0
0
0
0
0
0
0
0
0
0
1
0
0
0
0
1
0
0
0
0
0
0
0
0
0
0
1
0
0
0
0
1
0
0
0
0
0
0
0
0
0
0
0
0
0
0
0
0
0
0
0
1
0
0
0
0
0
0
1
0
0
0
0
0
0
1
0
0
0
0
0
1
0
0
0
0
0
0
0
1
0
0
0
0
0
1
0
0
0
0
0
0
0
0
0
0
1
0
0
1
0
0
0
0
0
0
0
0
0
0
0
0
0
0
0
0
1
0
0
0
0
1
1
0
0
0
0
0
0
0
0
0
0
0
0
0
0
0
0
1
0
0
1
0
0
0
0
2
0
0
0
0
0
0
0
0
0
0
0
0
0
0
0
1
0
0
0
0
0
0
0
0
0
0
0
0
0
0
0
0
0
0
0
0
1
0
0
0
0
0
0
0
0
0
0
0
0
0
0
0
0
0
0
0
0
0
0
0
0
0
0
0
0
0
0
0
0
0
0
0
0
0
0
0
0
0
0
0
0
0
0
0
0
0
0
1
0
0
1
0
0
0
0
0
0
0
0
0
0
1
0
0
0
0
0
0
0
0
0
0
0
0
0
0
1
0
0
0
0
0
0
0
0
0
0
1
0
0
0
0
0
0
0
0
0
0
0
0
0
0
0
1
0
0
0
0
0
1
0
0
0
0
0
0
0
0
0
0
0
0
0
0
0
0
1
0
0
0
0
1
0
0
0
0
0
0
0
1
0
0
1
0
0
0
1
0
0
0
0
0
0
0
0
0
0
0
0
1
1
0
0
0
0
0
0
0
0
0
0
0
0
0
0
0
0
0
0
0
0
0
0
1
0
0
0
1
0
0
0
0
1
0
0
0
0
0
0
0
0
0
0
0
0
0
0
0
1
0
0
0
0
0
0
0
0
0
0
0
0
0
0
0
0
0
0
0
0
0
0
0
0
0
0
0
0
0
0
0
0
0
0
0
0
0
0
0
0
0
0
0
0
0
0
0
0
0
0
0
1
0
1
1
0
0
0
0
0
0
0
0
0
0
0
0
0
0
0
0
0
0
1
0
0
0
0
0
0
1
0
0
0
0
0
0
0
0
0
0
2
0
0
0
0
0
0
0
0
0
0
0
0
0
0
0
0
0
0
1
0
0
0
0
0
0
0
0
0
1
0
0
0
0
0
0
0
0
0
0
0
0
0
0
0
0
0
0
0
0
0
0
0
0
0
0
0
0
0
0
0
0
0
0
0
0
0
0
0
0
1
0
1
0
0
0
0
0
0
0
0
0
0
0
0
0
0
0
0
0
0
0
0
0
0
0
0
0
0
0
1
0
0
0
0
0
0
0
0
0
0
0
0
0
1
0
0
0
0
0
0
0
0
1
0
0
0
0
0
0
0
0
0
0
0
1
0
0
0
0
0
0
0
0
0
0
0
1
0
0
0
0
0
1
0
0
0
0
0
0
0
0
0
0
1
0
0
0
0
0
0
0
0
1
0
0
0
0
0
0
0
0
0
0
0
0
0
0
0
0
1
0
1
0
0
0
0
0
0
0
0
0
0
1
0
0
0
0
0
0
0
0
0
0
0
0
0
0
0
0
0
0
0
0
0
0
0
0
0
0
0
0
0
0
0
0
0
0
0
0
0
0
0
0
0
0
0
0
1
0
0
0
0
0
0
0
0
0
0
0
0
0
0
0
0
0
0
0
0
0
0
0
0
0
0
0
0
0
0
0
0
1
0
0
0
1
0
0
0
0
0
0
0
0
0
0
0
0
0
0
0
0
0
0
0
0
0
0
0
0
0
1
0
0
0
0
0
0
0
0
0
1
0
0
0
0
0
1
0
0
0
0
1
0
0
0
0
0
1
0
0
0
0
0
0
1
0
1
0
0
0
0
0
0
1
0
0
0
0
0
0
0
0
0
0
0
0
0
0
0
0
0
0
0
0
0
0
0
0
0
0
0
0
0
0
0
0
0
0
0
0
1
0
0
0
0
0
0
0
0
0
0
0
0
0
0
0
0
0
0
0
0
0
0
0
0
0
0
0
0
0
0
0
0
0
0
0
0
0
0
1
1
0
0
1
1
0
0
0
0
0
0
0
0
0
0
0
0
0
0
0
0
0
0
0
0
0
0
0
0
0
0
0
0
0
0
0
1
0
0
0
0
0
0
0
0
0
0
0
0
0
0
0
0
0
1
0
0
0
0
0
1
0
1
0
0
1
0
0
1
0
0
0
0
0
0
0
0
0
0
0
0
1
0
0
0
0
0
0
1
0
0
0
0
0
0
0
0
0
0
0
0
1
0
0
0
0
0
0
0
0
0
0
0
0
0
1
0
0
0
0
0
0
0
0
0
1
0
0
0
0
0
0
0
1
0
0
0
0
0
0
0
0
0
0
0
0
0
0
0
0
0
0
0
0
0
0
0
0
0
0
0
1
0
0
0
0
0
0
0
0
0
0
0
0
1
0
0
0
0
0
0
0
0
0
0
0
0
1
1
0
0
0
0
0
0
0
0
0
0
0
1
0
0
0
1
0
0
0
0
0
0
0
0
0
0
0
0
0
0
0
0
0
1
0
0
0
0
0
0
0
0
0
0
0
0
0
1
0
0
0
0
0
0
0
0
0
0
0
0
1
0
0
0
0
0
0
0
0
0
0
0
0
1
0
0
0
0
0
0
0
0
0
0
0
0
0
1
0
0
0
0
0
0
0
0
0
0
0
0
0
0
0
0
0
0
0
0
0
0
0
0
0
0
0
0
1
0
0
0
0
0
0
0
0
0
0
0
0
0
0
0
0
1
0
0
0
0
0
0
0
0
0
0
0
0
0
0
0
0
0
0
0
0
0
0
0
0
0
0
0
0
0
0
0
0
0
1
1
0
0
0
0
0
0
0
0
0
0
0
0
0
0
0
0
0
0
0
0
0
0
0
0
0
0
0
0
0
0
1
0
0
0
0
1
0
0
0
0
0
0
0
0
0
0
0
0
0
0
0
0
0
0
0
0
0
0
0
0
1
1
0
0
0
0
0
0
0
0
1
0
0
0
1
0
0
0
0
0
0
0
0
0
0
0
0
0
0
0
0
0
0
0
0
0
0
0
0
0
0
0
0
1
0
0
0
1
0
0
0
0
0
0
0
0
0
0
0
0
0
0
0
0
0
0
0
0
0
0
1
0
0
0
1
1
0
0
0
0
0
0
0
0
0
0
0
0
0
0
0
0
0
0
0
0
0
0
0
0
0
1
0
0
0
0
0
0
0
0
1
0
0
0
0
0
0
0
0
0
0
0
0
0
0
0
0
0
1
0
0
0
0
0
1
0
0
0
0
0
0
0
0
0
0
0
0
0
0
0
0
0
0
0
0
1
0
0
0
0
0
1
0
0
0
0
1
1
0
0
0
0
0
0
0
0
0
0
0
0
0
0
0
0
0
0
0
0
0
0
0
0
0
0
0
0
0
0
0
0
1
0
0
0
0
0
0
0
0
0
0
0
0
0
0
0
0
0
1
0
0
0
0
0
0
0
0
0
0
0
0
0
1
0
0
0
0
0
1
0
0
0
0
0
1
0
0
0
1
0
0
0
0
0
0
1
0
0
0
0
0
0
0
0
0
0
0
0
0
0
0
0
0
0
0
0
0
1
0
0
0
0
0
0
0
0
1
0
0
0
0
0
0
0
2
0
0
0
0
0
0
0
0
0
0
0
0
0
0
0
1
2
0
0
0
0
1
0
0
0
0
0
0
0
0
0
0
0
0
0
0
0
0
0
0
0
0
0
0
0
0
1
0
0
0
0
0
0
0
1
0
0
0
0
0
0
0
0
0
0
0
0
0
0
0
1
0
0
1
0
0
0
0
0
0
0
0
1
0
0
0
0
0
0
0
0
0
0
0
0
0
0
0
0
0
0
0
0
0
0
0
0
0
0
0
0
1
0
1
0
0
0
1
0
0
0
0
0
0
1
0
0
0
0
0
0
0
0
0
0
0
0
0
0
0
0
0
0
0
0
0
0
0
0
0
0
0
1
0
0
0
0
0
0
0
0
0
0
0
0
0
0
0
0
0
0
0
0
0
0
0
0
0
0
0
0
0
0
0
0
1
0
1
0
2
0
0
0
0
0
1
0
0
0
0
0
0
1
0
0
0
0
0
0
0
0
0
0
0
0
0
0
0
0
0
0
0
0
0
0
0
0
0
0
0
0
0
0
0
0
0
0
0
1
0
0
0
0
0
0
0
0
0
0
0
0
0
0
0
0
0
0
0
0
0
0
0
0
0
0
0
0
0
0
0
0
0
0
0
0
0
0
0
0
0
0
0
0
0
0
0
0
0
0
1
0
0
0
0
0
0
0
0
0
0
0
0
0
0
0
0
0
0
0
0
0
0
1
0
0
0
0
0
0
0
0
0
0
0
0
1
0
0
0
0
0
1
0
0
0
0
0
0
1
0
0
0
0
0
0
1
0
0
0
0
0
0
0
1
0
0
0
0
0
0
0
0
2
0
0
0
0
0
0
0
0
0
0
0
1
0
0
1
0
0
0
1
0
1
0
0
0
0
0
0
0
0
0
0
0
0
0
0
0
0
0
0
0
0
0
0
1
0
0
0
0
0
0
0
0
0
1
0
0
0
0
0
0
0
0
0
0
0
0
0
0
0
0
0
0
0
0
0
0
0
0
0
0
1
0
0
0
0
1
0
0
0
0
0
0
0
0
1
0
0
0
1
0
0
1
0
0
0
0
0
0
0
1
0
0
0
0
0
0
0
0
0
0
0
0
0
1
0
0
0
0
0
0
0
0
0
0
0
0
0
1
0
0
0
0
0
0
0
0
0
0
0
0
0
0
0
0
0
1
0
0
0
0
0
0
0
0
1
0
1
1
0
0
0
0
0
0
0
0
0
0
0
0
0
0
0
0
0
0
0
0
0
0
0
0
0
0
0
0
0
0
0
0
0
0
0
1
0
0
0
0
0
0
0
0
0
0
0
0
0
0
0
0
0
0
0
0
0
0
0
0
0
0
0
0
0
0
0
0
0
0
0
0
0
0
1
0
0
1
0
0
0
0
0
0
0
0
1
0
0
0
0
0
1
0
0
0
0
1
0
0
0
0
0
0
1
0
0
0
0
0
0
1
0
0
0
0
0
0
0
0
0
0
0
0
0
0
0
0
0
0
1
0
0
0
0
1
0
0
0
0
0
0
0
0
0
0
0
0
0
0
0
1
0
0
0
0
0
0
0
0
0
0
0
0
0
0
0
0
0
1
0
0
0
0
0
0
0
0
0
0
0
0
0
0
0
0
0
0
0
0
0
0
0
0
0
0
0
0
0
0
1
0
0
0
0
0
0
0
0
0
0
0
0
0
0
0
1
0
0
0
0
1
0
0
0
1
0
0
0
0
0
0
0
0
0
0
0
0
0
0
0
0
0
0
0
0
0
0
0
0
0
0
0
0
0
0
0
0
0
0
0
1
0
0
0
0
0
0
0
0
0
1
0
0
0
0
0
0
0
0
0
0
0
0
0
0
0
0
0
0
0
0
0
0
0
0
0
0
0
0
0
0
0
0
0
0
0
0
0
0
0
0
0
0
0
0
0
0
0
0
0
0
0
0
0
0
0
0
0
0
0
0
0
0
0
0
0
0
0
0
0
0
0
0
0
0
0
0
0
0
0
0
0
0
0
0
0
0
0
0
0
0
0
0
0
0
0
0
0
0
0
0
0
0
0
0
0
0
0
0
0
0
0
0
0
0
1
0
0
0
0
0
0
0
0
1
0
0
0
0
0
0
0
0
0
0
0
0
1
0
0
0
0
0
0
0
0
0
0
0
0
0
0
0
0
0
2
0
0
0
0
0
0
0
0
0
0
0
0
0
0
0
0
0
0
1
0
0
0
0
0
0
0
0
0
0
1
0
1
0
0
0
0
0
0
0
0
0
0
0
0
0
0
0
0
0
0
0
0
0
0
0
0
0
0
0
0
0
0
0
0
0
0
0
0
0
0
0
0
0
0
0
0
0
0
0
0
0
0
0
0
0
0
0
0
0
0
0
0
0
0
0
0
0
0
0
0
0
0
0
0
0
1
0
0
0
0
0
0
0
1
0
1
0
0
0
0
0
0
0
0
1
0
0
0
0
0
0
0
0
0
0
0
0
0
0
0
0
0
0
0
0
0
0
0
3
0
0
0
0
0
0
0
0
0
0
0
0
0
0
0
0
0
0
0
0
0
0
0
0
0
0
0
0
0
0
0
0
0
0
0
1
0
0
0
0
0
0
0
1
0
0
0
0
0
0
1
0
0
0
0
0
0
0
0
0
0
0
0
0
0
0
0
0
1
0
0
0
1
0
0
1
0
0
0
0
0
0
0
0
0
0
0
0
0
0
0
0
0
0
0
0
0
0
0
0
0
0
0
0
0
0
1
0
0
1
0
0
0
0
0
0
0
0
0
0
0
0
0
0
0
0
0
0
0
0
0
0
0
0
0
0
0
0
0
0
1
0
1
0
0
0
0
0
0
0
0
0
0
0
0
0
0
0
0
0
0
1
1
0
0
0
0
0
0
0
0
0
0
0
0
0
0
0
0
0
0
1
0
1
0
0
0
0
0
0
0
0
2
0
0
0
0
1
0
0
0
0
0
0
0
0
0
0
0
0
0
0
0
0
0
0
0
1
0
0
0
0
0
0
0
0
0
0
0
0
0
0
0
0
0
0
0
0
0
0
0
0
0
0
0
0
0
0
0
1
0
0
0
1
0
0
0
0
0
0
0
0
0
0
0
0
0
0
0
0
0
0
0
0
0
0
0
0
0
0
0
0
0
0
0
0
0
0
0
0
0
0
0
0
0
0
0
0
0
0
0
0
0
0
0
0
0
0
0
0
0
0
0
0
0
0
2
0
0
0
0
0
0
0
0
0
0
0
0
0
0
0
1
0
0
0
0
0
0
0
0
0
0
0
0
0
0
0
0
0
0
0
0
0
0
0
0
0
0
0
0
0
0
0
0
0
0
0
0
0
0
0
0
0
0
0
0
0
0
0
0
0
0
0
0
0
0
0
0
0
0
0
0
0
0
0
0
0
1
0
0
1
0
0
0
0
1
0
0
0
0
0
0
0
0
0
0
0
0
0
0
0
1
0
0
0
0
0
0
1
0
0
0
0
0
0
0
0
0
0
1
0
0
0
1
0
0
0
0
0
0
0
0
0
0
0
0
0
0
1
0
0
0
0
0
0
0
0
0
0
0
0
0
0
1
0
0
1
0
0
0
1
0
0
0
0
0
0
1
0
0
0
0
0
0
0
0
0
0
0
0
0
0
0
0
1
0
0
0
1
0
0
0
0
0
0
0
1
0
0
0
0
0
0
0
0
0
1
0
0
0
0
0
0
0
0
0
0
0
0
0
0
0
0
1
0
0
0
0
0
0
0
0
0
0
0
0
0
0
0
0
0
0
0
0
0
0
0
1
0
1
0
0
0
0
0
0
0
0
0
0
1
0
0
0
0
0
0
0
0
1
0
0
0
0
0
0
0
0
0
0
0
0
0
0
0
0
0
0
0
0
0
0
0
0
0
0
0
0
0
0
0
0
0
0
0
0
0
0
0
0
0
0
0
0
0
0
0
0
0
0
0
0
0
0
1
0
0
0
0
0
0
0
0
0
0
0
0
0
0
0
0
0
0
0
0
0
0
0
0
0
0
0
0
0
0
0
0
0
0
0
0
0
0
0
0
0
0
0
1
0
0
1
0
0
1
0
0
1
0
0
0
0
0
0
0
0
0
0
0
0
0
0
0
0
0
1
0
0
0
0
0
0
0
0
0
1
1
0
0
0
0
0
0
0
0
0
0
0
1
0
0
0
0
0
0
0
0
0
0
0
2
0
0
0
0
0
0
0
0
0
1
1
0
0
0
0
0
0
0
0
0
0
0
0
0
0
0
0
0
0
0
0
0
0
0
0
0
0
0
0
0
0
0
0
0
1
0
1
0
0
0
0
0
0
0
0
0
0
0
0
0
0
0
0
0
0
0
0
0
0
0
0
0
1
0
0
0
0
0
0
0
0
0
0
0
0
0
0
0
0
0
1
0
0
0
0
0
1
0
0
0
0
0
0
0
0
0
0
0
0
0
0
0
0
0
0
0
0
0
0
0
0
0
0
0
0
0
0
0
0
0
0
0
0
0
0
0
0
0
0
0
0
0
0
0
0
0
0
0
0
0
0
0
1
0
0
0
0
0
0
0
0
0
0
0
0
0
0
0
0
1
0
0
0
0
0
0
0
0
0
0
0
0
0
0
0
0
0
0
0
0
0
1
0
0
0
1
0
0
0
0
0
0
0
0
0
0
0
0
0
0
0
0
1
0
0
0
0
0
0
0
0
0
0
0
0
0
0
0
0
0
0
0
0
0
0
0
0
0
0
0
0
0
0
0
0
0
0
0
0
0
0
0
0
0
0
0
0
0
0
0
0
0
1
0
0
1
0
0
0
1
0
0
0
0
0
0
0
0
0
0
0
0
0
0
1
0
0
0
0
0
0
0
0
0
0
0
0
0
0
0
0
0
0
0
0
0
0
0
0
0
0
0
0
0
0
0
0
0
0
0
0
0
0
0
0
0
0
0
0
0
0
0
0
0
0
0
0
0
0
0
0
0
0
0
0
0
0
0
0
0
0
0
0
0
0
0
0
0
0
0
0
0
0
0
0
0
0
0
0
0
0
0
0
0
0
0
0
1
0
0
0
0
0
0
0
0
0
0
0
0
0
0
0
0
0
0
0
0
0
0
0
0
0
0
0
0
0
0
1
0
0
0
0
0
0
0
0
0
0
1
0
0
0
0
0
0
0
0
0
0
0
0
0
1
0
0
0
0
0
0
0
0
0
0
0
0
0
1
0
0
0
0
1
0
0
1
0
0
0
0
0
0
0
0
0
0
0
0
0
0
0
0
0
0
0
0
0
0
0
0
0
0
0
0
0
0
0
0
0
0
0
0
0
0
0
0
0
0
0
0
0
1
0
0
0
0
0
0
0
1
0
0
0
0
0
0
0
0
0
0
0
0
0
0
0
1
0
0
0
0
0
0
0
0
0
0
0
0
0
0
0
0
0
0
0
0
1
0
0
0
0
0
0
0
0
0
0
0
0
0
1
0
0
0
0
0
0
2
0
0
0
0
0
0
0
0
0
0
0
0
0
0
0
0
0
1
0
0
0
0
0
0
0
0
0
0
0
0
0
0
0
0
0
0
0
0
0
0
0
0
0
0
0
0
0
0
0
0
0
0
0
0
0
0
0
0
0
0
0
0
0
0
0
0
0
0
0
0
1
0
0
0
0
0
0
0
0
0
0
0
0
0
0
0
0
0
0
0
0
0
0
0
0
0
0
0
0
0
0
0
0
0
0
0
0
0
0
0
0
0
0
0
0
0
0
0
1
0
0
0
0
0
0
0
0
1
0
0
1
0
0
0
0
0
0
0
0
0
1
0
0
0
0
0
0
0
0
0
0
0
0
0
0
0
0
0
0
0
0
0
0
0
0
0
0
0
1
0
0
0
0
0
0
0
0
0
0
0
0
0
0
3
1
0
0
0
0
0
0
0
0
0
0
0
0
0
0
0
0
0
0
0
0
0
0
0
0
0
0
0
0
0
0
0
0
0
0
0
0
1
0
0
0
0
0
0
1
0
0
0
0
0
0
0
0
0
0
0
0
0
0
0
0
0
0
0
0
0
0
0
0
0
0
0
0
0
0
0
0
0
0
0
0
0
0
0
0
0
0
0
0
0
0
0
0
0
1
0
1
0
0
0
0
0
0
0
0
0
0
0
0
0
0
0
0
0
1
0
0
1
0
0
0
0
0
0
0
0
0
0
0
0
0
0
0
0
0
0
0
0
0
0
0
0
0
0
0
0
0
0
0
0
0
0
0
0
0
0
0
0
0
1
0
0
0
1
0
0
0
0
1
0
0
0
1
1
0
0
0
0
1
0
0
0
0
0
0
0
1
0
0
0
1
0
0
0
0
0
0
0
0
0
0
0
0
0
0
0
0
0
0
0
0
0
0
0
0
0
0
0
1
0
0
0
0
0
0
0
0
0
0
0
0
0
0
0
0
1
0
0
0
0
0
1
0
0
0
0
0
0
0
0
0
0
0
0
1
0
0
0
1
0
0
0
0
0
0
0
0
0
0
0
0
0
0
0
0
0
0
0
0
0
0
0
0
0
0
0
0
1
0
0
0
0
1
0
0
0
0
0
0
0
0
0
0
0
0
0
0
0
0
0
0
0
0
0
0
0
0
0
0
0
0
0
0
0
0
0
1
0
0
0
0
0
1
0
0
0
0
0
0
0
0
0
0
0
0
0
0
0
1
0
0
0
0
0
0
0
0
0
0
1
0
0
0
0
0
0
0
0
0
0
0
0
0
0
0
0
0
0
0
0
0
0
0
0
0
0
0
0
0
0
0
0
0
0
0
0
0
0
0
1
0
0
0
0
0
0
0
0
0
0
0
0
0
0
0
0
0
0
0
0
0
0
0
0
0
0
1
0
0
0
0
1
0
0
0
0
0
0
1
0
0
0
0
0
0
0
0
0
0
1
0
0
0
0
0
0
1
0
0
0
0
0
0
0
0
0
0
0
0
0
0
0
1
0
1
0
0
0
1
0
0
0
0
0
0
0
1
1
0
0
0
0
0
0
0
0
0
0
0
0
0
0
0
0
0
0
0
0
0
0
0
0
0
0
0
0
0
0
0
0
0
0
0
1
0
0
0
0
0
0
0
1
0
0
0
0
0
0
0
0
0
0
0
0
0
0
0
1
0
0
0
0
0
0
0
0
0
0
0
0
0
0
0
0
0
0
0
0
0
0
0
0
0
0
0
1
0
0
0
0
0
0
0
0
0
0
0
0
0
0
0
0
0
0
0
0
0
0
0
0
0
0
0
0
0
0
0
0
1
0
0
0
0
0
0
0
0
0
0
0
0
0
0
0
0
0
0
0
0
0
1
0
0
0
0
0
0
0
0
0
0
0
0
0
0
0
0
0
0
0
0
0
0
0
0
0
0
0
0
0
0
0
0
0
0
0
0
0
0
0
0
0
0
0
1
0
0
0
0
0
0
1
0
0
0
1
0
0
0
0
0
0
1
0
0
0
0
0
0
0
0
0
0
0
0
0
0
0
1
0
0
0
0
0
0
0
0
0
0
0
0
0
0
1
1
0
0
0
0
0
0
0
0
1
1
0
0
0
0
0
0
0
0
0
0
0
0
0
0
0
0
0
0
0
0
0
0
0
0
0
0
0
0
0
0
1
0
0
0
0
0
0
0
0
0
0
0
0
0
0
0
0
0
0
0
0
0
1
0
0
0
0
0
0
0
0
1
0
0
1
0
0
0
0
0
0
0
0
1
0
0
0
0
0
0
0
0
0
0
0
0
0
0
0
0
0
0
0
1
0
0
0
0
0
0
0
0
0
0
0
0
0
0
0
0
0
0
0
0
0
0
0
0
0
0
0
0
0
0
0
0
0
0
0
0
0
0
0
1
0
0
0
0
0
0
0
0
0
0
1
0
0
0
0
0
0
0
0
0
1
0
0
0
0
0
0
0
0
0
0
0
0
0
0
0
1
1
0
0
0
0
0
0
0
0
0
0
0
0
0
0
0
0
0
0
0
0
0
0
0
0
0
0
0
0
1
0
0
0
1
0
0
0
0
0
0
0
0
0
0
0
1
0
1
0
0
0
0
0
0
0
1
0
0
0
0
0
0
1
0
0
0
0
0
0
0
0
0
0
0
0
0
0
0
1
0
0
0
0
0
2
0
0
0
0
0
0
0
0
0
1
0
0
0
0
0
0
0
0
0
0
0
0
0
0
0
0
0
0
0
0
0
0
0
0
1
0
1
0
0
0
0
0
1
0
0
0
0
0
1
0
0
0
0
0
0
0
0
0
0
0
0
1
0
0
0
0
0
0
0
0
0
1
0
0
0
0
0
0
0
0
0
0
0
0
0
0
1
0
0
0
0
0
0
0
0
0
0
0
0
0
0
0
0
0
0
1
0
0
0
1
0
0
0
0
0
0
0
0
1
0
0
0
0
0
0
0
0
0
0
0
0
0
0
0
0
0
0
1
0
0
0
0
0
0
0
0
0
0
0
0
0
0
0
0
0
0
0
0
0
0
1
0
0
0
0
0
0
1
0
1
0
0
0
0
0
0
0
0
0
0
0
0
1
0
0
0
0
0
0
0
0
0
0
0
0
0
0
0
0
0
0
0
0
0
0
0
0
0
0
0
0
0
0
0
1
0
0
0
0
0
0
0
0
0
0
1
0
0
0
0
0
0
0
0
0
0
0
0
0
0
1
0
0
0
0
0
0
0
0
0
0
0
0
0
0
0
0
0
0
0
0
0
0
0
0
0
0
0
0
0
0
0
0
0
0
0
0
0
0
0
0
0
0
0
0
0
0
0
0
0
0
0
0
0
0
0
0
0
0
0
0
0
0
0
0
0
0
0
0
0
0
0
0
1
0
0
0
0
0
0
1
0
1
0
0
0
0
0
0
0
0
0
0
0
0
0
0
0
0
0
0
0
0
1
0
0
0
0
0
0
0
0
0
0
0
0
0
0
0
0
0
0
0
0
0
0
0
0
0
0
0
0
0
0
0
0
0
0
0
0
0
0
0
0
0
0
0
0
0
0
0
0
0
0
0
0
0
0
0
0
0
0
0
0
0
0
0
0
0
0
0
0
0
0
0
0
0
0
0
0
0
1
0
0
0
0
0
0
0
0
0
0
0
1
0
0
0
1
0
0
0
0
1
0
0
0
0
0
0
0
0
0
0
0
0
0
0
0
0
0
0
0
0
0
0
0
1
0
0
0
0
0
0
0
0
0
0
0
0
0
0
0
0
0
0
0
0
0
0
0
0
0
0
0
0
0
0
0
0
0
0
0
0
0
0
0
0
0
0
0
0
0
0
0
0
0
0
0
0
0
0
0
0
1
2
0
0
0
0
0
1
0
0
0
0
0
0
0
0
0
0
0
0
0
0
1
0
0
0
0
0
0
0
0
0
0
0
0
0
0
0
0
0
0
0
0
0
0
0
0
0
0
0
1
0
0
0
0
0
1
0
0
0
0
0
0
0
0
0
0
0
0
0
0
0
0
1
0
1
0
0
0
0
0
0
0
0
0
0
0
0
0
0
0
0
0
0
0
0
0
0
0
0
0
0
0
0
0
0
0
0
0
1
0
0
0
0
0
0
0
0
0
0
0
0
0
0
0
0
0
0
0
0
0
0
1
0
0
1
0
0
0
0
0
0
0
0
0
0
1
0
0
1
0
1
0
0
0
0
0
0
0
0
0
0
0
0
0
0
0
0
0
0
0
0
0
0
0
0
0
1
1
0
0
0
0
0
0
1
0
0
0
0
0
0
0
0
0
0
0
0
0
0
0
0
0
0
0
0
0
0
0
0
0
0
0
0
0
1
0
0
0
0
0
0
0
0
0
0
0
0
0
0
0
1
0
0
0
0
0
0
0
0
0
0
0
0
0
0
1
1
0
0
0
0
0
0
0
0
0
0
0
0
0
0
0
0
0
0
0
0
0
0
0
0
0
0
0
1
0
0
0
1
0
0
0
0
1
0
1
0
0
0
0
0
0
0
0
0
0
1
0
0
0
0
0
0
0
0
0
0
0
0
0
0
0
0
0
1
0
0
0
0
0
0
0
0
0
0
0
0
0
0
0
0
0
0
0
0
0
0
0
0
1
0
0
0
1
1
1
0
0
0
0
0
0
0
0
1
0
0
0
0
0
0
0
0
0
0
0
0
0
0
0
0
0
1
0
0
0
0
1
0
0
0
0
0
0
0
1
0
0
0
0
0
0
0
0
0
0
0
0
0
0
0
0
0
0
0
0
0
0
0
0
0
0
0
0
0
0
0
0
0
1
0
0
0
0
0
0
0
0
0
0
0
0
0
0
0
1
0
0
0
0
0
1
1
0
0
0
0
0
0
0
0
0
0
0
0
0
0
0
0
0
0
0
0
0
0
0
0
0
0
0
0
0
0
0
0
0
0
0
0
0
0
0
0
0
0
0
0
0
0
0
0
0
0
0
0
1
0
0
0
0
0
0
0
0
0
0
0
0
0
0
0
0
0
0
0
0
0
0
0
0
0
0
0
0
0
0
0
0
0
0
0
0
0
0
0
0
0
0
0
0
0
0
0
0
0
0
0
1
0
1
0
0
0
0
0
0
0
0
0
0
0
0
0
0
0
0
0
0
0
0
0
0
0
1
0
0
0
0
0
0
0
0
0
0
1
0
0
0
0
0
0
0
0
0
0
0
0
0
0
0
0
0
0
0
0
0
0
0
0
1
0
0
0
0
0
0
0
0
0
0
0
0
0
0
0
0
0
0
0
0
0
0
0
0
0
0
0
0
0
0
0
0
0
0
1
0
0
0
0
0
0
0
0
1
0
0
0
0
0
0
0
0
0
0
0
0
0
0
0
0
0
0
0
0
0
0
1
0
0
0
0
0
0
0
0
0
0
0
0
0
1
0
0
0
0
1
0
0
0
0
0
0
0
0
0
1
0
1
0
0
0
0
0
0
0
0
0
0
0
0
0
0
0
0
0
0
0
0
0
0
0
0
0
0
0
0
0
0
0
0
0
0
0
0
0
0
0
0
0
0
0
0
0
0
0
0
0
1
0
0
0
0
0
0
0
0
0
0
0
0
0
0
0
0
1
0
0
0
0
0
0
0
0
0
0
0
1
0
0
0
1
0
0
0
0
0
0
0
0
0
0
0
0
0
0
0
0
0
1
0
0
0
0
0
0
0
0
0
0
0
0
0
0
0
0
0
1
0
0
0
0
0
0
0
0
0
0
0
0
0
0
0
0
0
0
0
1
0
0
0
0
0
0
0
0
0
0
0
0
0
0
0
0
0
0
0
0
0
0
0
0
0
0
0
0
0
0
0
0
0
1
0
0
0
0
0
1
0
0
0
0
0
0
0
1
0
0
0
0
0
0
0
0
0
0
0
0
0
0
0
0
0
0
0
0
0
0
0
0
0
0
0
0
0
0
0
0
0
0
0
0
0
0
0
0
0
0
0
0
0
0
0
0
0
0
0
0
0
0
0
0
0
0
0
0
0
0
0
0
0
0
0
0
0
0
0
0
0
0
0
0
0
0
0
0
1
0
0
0
0
0
0
0
0
0
0
1
0
0
0
1
0
0
0
0
0
1
0
0
0
0
0
0
0
0
0
0
0
0
0
0
0
0
0
0
0
0
1
0
0
0
0
0
0
0
0
0
0
0
0
0
0
0
0
0
0
0
1
0
0
0
0
0
0
1
0
0
1
0
1
0
0
0
1
0
0
0
0
0
0
0
0
0
0
0
0
0
0
0
0
0
0
0
0
0
0
0
0
0
0
0
0
0
0
0
0
0
0
0
0
0
0
0
0
0
1
1
0
0
0
0
0
0
0
0
0
0
2
0
0
0
0
0
0
0
0
0
0
0
0
0
0
0
0
0
0
0
1
0
0
0
0
0
0
0
0
0
1
0
0
0
0
0
0
0
0
0
0
0
0
0
0
0
0
0
0
0
0
0
0
0
0
0
0
0
0
0
0
0
0
0
0
0
0
0
0
0
0
0
0
0
0
0
0
0
0
0
0
0
0
0
0
0
0
0
0
0
0
0
0
0
0
0
0
0
0
0
0
0
0
0
0
0
0
0
0
0
0
0
0
0
0
0
0
0
0
1
0
0
0
0
1
0
0
0
0
0
0
0
0
1
0
0
0
0
0
0
0
0
0
0
0
0
0
1
0
0
0
0
0
0
0
0
0
0
0
1
0
0
0
0
0
0
0
0
0
0
0
0
0
0
0
0
0
0
0
0
0
0
0
0
0
0
0
0
0
1
0
0
0
0
0
0
0
0
0
0
0
0
0
0
0
0
0
1
0
0
0
1
2
0
0
0
0
0
0
0
0
0
0
0
0
0
0
0
0
0
0
0
0
0
0
0
0
0
0
0
0
0
0
0
0
0
0
0
0
0
0
1
0
0
0
0
0
0
0
0
0
0
0
0
0
1
0
0
0
1
0
0
0
0
0
0
0
0
0
0
0
0
1
0
0
0
0
0
0
0
0
0
1
0
0
0
0
0
0
0
0
0
0
0
0
0
0
0
0
1
0
0
0
0
0
0
0
0
0
0
0
0
0
0
0
0
0
0
0
0
0
0
0
0
0
0
1
0
0
0
0
0
0
0
0
0
0
0
0
0
0
0
0
0
0
0
0
0
0
0
0
0
0
0
0
0
0
0
0
0
0
0
0
0
0
0
0
0
0
0
0
0
0
0
0
0
0
0
0
0
1
0
0
0
0
0
0
0
0
0
1
0
0
0
0
0
0
0
0
0
0
0
0
0
0
0
0
1
0
0
0
0
0
0
0
0
0
0
0
0
0
0
0
0
1
0
1
0
0
0
0
0
0
0
0
0
0
0
0
0
0
0
1
0
0
1
1
0
0
1
0
0
0
0
0
0
0
0
0
0
0
0
1
0
0
0
0
0
0
0
0
0
0
0
0
0
0
0
0
0
0
0
0
0
0
0
0
0
0
0
1
0
0
0
0
0
0
0
0
0
0
0
0
0
0
0
0
0
1
1
0
0
0
0
0
0
0
0
0
0
0
0
0
0
0
0
0
0
0
0
0
0
0
0
0
0
0
0
0
0
0
0
0
0
0
0
0
0
1
0
0
0
0
1
0
0
0
0
0
0
0
0
0
0
0
0
0
0
0
0
0
0
0
0
0
0
0
0
0
0
0
0
0
0
0
0
0
0
0
0
0
0
1
0
0
0
0
0
0
2
0
0
0
0
0
0
1
0
0
0
0
0
0
1
1
1
0
0
0
0
0
0
0
0
0
1
0
1
0
1
0
0
0
0
0
0
0
0
0
0
0
0
0
0
0
0
0
0
0
0
0
0
0
0
0
0
1
0
0
0
0
0
0
0
0
0
0
0
0
1
0
1
1
3
11
12
43
94
167
308
569
968
1472
2240
3153
4198
5331
6218
6993
7621
7590
7183
6524
5634
4600
3519
2598
1850
1177
750
454
246
149
70
32
18
4
6
1
2
2
1
1
2
2
0
1
0
0
2
1
1
1
2
1
2
2
3
2
0
0
2
1
0
1
0
0
1
1
0
0
1
1
0
0
0
1
2
2
2
1
1
4
2
3
0
0
2
1
1
1
1
1
0
1
1
1
0
1
1
0
0
0
1
0
0
0
2
2
2
1
1
1
1
2
1
0
1
0
0
0
1
0
0
1
0
0
1
0
2
1
1
3
1
0
0
1
1
0
0
1
0
0
0
1
1
2
0
2
2
1
1
0
0
0
0
2
1
0
0
1
0
2
1
2
0
0
0
0
1
0
2
0
1
3
1
1
1
0
0
1
0
2
3
4
0
2
0
0
1
0
1
2
0
0
1
1
0
1
0
0
0
0
0
1
0
4
0
1
0
0
0
2
1
2
1
1
1
0
0
1
0
0
1
1
1
0
0
0
0
0
1
3
1
0
2
0
1
5
0
0
0
0
0
1
2
2
1
1
0
2
2
0
1
0
0
1
0
0
2
0
0
0
0
1
3
1
2
0
0
0
0
0
0
2
1
0
0
1
0
0
1
1
2
1
1
1
0
0
1
1
0
1
1
0
1
2
0
1
1
0
0
2
1
0
0
0
0
1
2
0
0
0
1
1
0
1
0
0
1
0
3
1
2
1
0
0
0
0
0
0
0
1
0
0
0
0
2
0
0
0
1
1
0
1
1
1
0
1
1
0
1
1
2
0
0
2
0
0
0
0
0
1
0
2
0
1
1
0
2
0
1
1
2
0
1
0
0
0
0
0
1
0
1
1
0
0
0
0
0
0
1
0
0
1
0
1
0
0
0
0
0
0
0
2
1
0
1
0
1
0
2
0
1
0
0
0
2
0
0
0
0
1
0
0
0
0
0
0
0
0
0
0
0
0
1
0
0
0
2
0
0
1
1
0
0
0
1
0
0
0
0
0
0
0
0
1
0
0
0
0
0
1
0
0
0
2
1
0
0
0
0
0
1
0
0
0
0
0
0
0
0
0
0
0
0
0
1
0
0
3
0
0
0
1
1
0
0
0
0
0
0
1
0
1
0
1
1
0
3
1
0
0
0
0
0
0
0
0
1
0
1
0
0
0
1
0
1
0
2
0
0
1
1
0
0
0
0
0
0
0
0
0
0
0
0
0
0
0
0
0
0
0
1
1
0
1
1
0
2
1
0
1
0
0
0
1
1
1
0
0
0
1
1
0
1
0
0
0
0
0
1
0
1
0
1
0
1
0
0
0
0
0
1
0
0
0
0
0
0
0
0
0
0
0
0
0
0
0
0
0
0
0
0
0
0
0
0
0
1
0
0
1
0
0
0
0
0
0
0
0
0
0
0
0
0
0
1
0
0
0
0
0
1
0
0
0
0
0
1
0
0
1
0
0
0
0
0
0
0
1
1
0
0
0
0
0
0
0
0
0
1
0
0
1
1
1
0
0
0
0
0
2
0
0
0
0
0
1
0
1
1
0
0
2
0
0
1
0
0
0
0
0
0
1
0
0
0
0
0
0
0
0
0
0
0
0
0
0
0
0
0
0
1
0
0
0
1
0
0
0
1
0
0
0
0
0
0
0
0
0
1
1
0
1
1
0
0
0
1
0
1
0
0
1
0
0
0
0
0
0
0
0
1
0
0
0
0
1
0
0
0
0
0
0
0
0
1
0
0
0
0
1
0
0
0
0
0
0
0
0
1
0
1
0
0
0
0
0
0
0
0
0
2
0
0
1
0
0
0
0
0
0
1
1
0
0
0
0
0
0
0
0
0
0
0
0
0
0
0
0
0
0
0
0
0
0
0
0
0
0
1
0
0
0
0
0
0
0
1
0
1
0
1
1
1
0
0
0
0
0
1
0
0
1
0
0
0
1
0
0
0
0
0
0
1
0
1
0
0
0
0
1
1
0
0
0
0
0
0
0
1
0
0
0
0
0
0
2
0
0
1
0
1
0
0
0
0
0
0
0
0
0
0
0
1
0
1
0
0
0
0
0
0
0
2
0
0
0
0
0
0
1
0
0
1
0
0
0
0
0
0
0
0
0
0
0
0
0
0
0
0
0
0
0
0
0
0
0
0
0
0
0
0
0
0
0
0
0
0
0
0
1
1
0
0
0
0
0
0
1
0
0
0
0
1
0
0
0
0
0
0
0
0
1
0
0
0
0
0
0
0
0
0
0
0
0
0
0
0
0
0
0
1
0
0
0
0
0
0
0
0
0
0
1
0
0
0
1
0
1
0
0
0
0
0
0
0
1
0
0
0
0
0
0
0
0
0
0
0
0
1
0
0
0
0
0
0
0
0
0
0
0
0
0
0
0
0
1
0
1
0
0
0
0
0
0
0
0
0
0
0
1
0
0
0
0
0
0
0
0
0
0
0
0
0
1
1
0
0
0
0
0
0
0
1
0
1
0
0
0
0
0
0
0
0
0
0
1
0
0
0
0
0
0
2
0
0
0
0
0
0
0
0
0
1
1
0
0
0
0
0
0
0
0
0
0
0
0
0
0
0
0
0
0
0
1
0
0
0
0
0
0
0
0
0
0
0
0
0
0
0
0
0
0
0
0
0
0
0
0
0
0
0
0
1
0
0
1
0
0
0
0
0
0
0
0
0
0
0
0
0
0
0
0
0
0
0
0
1
1
0
0
0
0
0
0
0
0
0
0
0
0
0
1
0
0
0
0
0
0
0
0
0
0
0
0
0
0
0
0
0
0
1
0
0
0
0
1
0
0
0
0
0
0
0
0
0
0
0
0
0
0
0
0
1
0
0
0
1
0
1
0
0
0
0
0
0
0
0
0
0
0
0
0
0
0
0
0
0
0
0
0
0
0
0
0
0
0
0
0
0
0
0
0
0
0
0
0
0
1
0
0
0
0
0
0
0
0
0
0
0
0
0
0
0
0
0
0
0
0
0
0
0
1
0
0
0
0
1
0
0
0
0
0
0
0
0
0
0
0
0
0
0
0
0
0
0
0
0
2
0
0
0
0
0
1
0
0
0
0
0
1
0
0
0
1
0
0
0
0
0
0
0
0
0
0
0
0
0
0
0
0
0
0
0
0
0
0
0
0
0
0
0
1
0
0
0
0
0
0
0
0
0
0
0
0
0
0
1
0
0
0
0
0
0
0
0
1
0
0
0
0
0
0
0
0
0
0
0
0
0
0
0
0
0
0
0
0
0
0
0
0
0
0
1
0
0
0
0
1
0
0
0
0
0
0
0
0
0
0
0
1
0
0
0
0
0
1
1
0
0
0
0
0
0
0
0
1
1
0
0
1
1
0
0
1
0
0
0
0
0
0
0
0
0
0
0
0
0
0
2
0
0
0
0
0
0
0
0
2
0
0
0
0
0
0
0
0
0
0
0
1
1
0
0
0
0
0
0
1
0
0
0
0
0
0
0
0
0
0
0
0
0
0
0
0
0
1
0
0
2
0
0
0
0
0
0
0
0
0
0
0
0
0
0
0
0
1
0
0
0
0
0
0
0
0
0
1
0
0
0
0
0
1
0
0
0
0
0
0
0
0
0
0
0
0
0
0
0
0
0
0
0
0
0
2
1
0
0
0
1
0
0
0
0
0
1
0
0
0
0
0
0
0
0
0
0
0
0
0
0
0
0
0
0
0
0
0
0
0
0
0
0
0
0
0
0
0
0
0
0
0
0
1
0
0
0
1
0
0
0
0
1
0
0
0
0
0
0
0
0
0
0
0
0
0
0
0
1
0
0
0
0
0
1
1
0
0
1
0
0
0
0
0
0
0
0
0
1
0
0
0
2
0
0
0
0
0
0
0
0
1
0
0
0
0
0
0
0
0
0
0
0
0
0
0
0
0
0
0
0
0
0
0
0
0
0
0
0
0
0
0
1
0
0
1
0
0
0
0
0
0
1
0
0
1
0
0
0
0
1
0
0
0
0
2
0
0
0
0
0
0
0
0
0
0
0
0
0
0
0
0
0
0
0
1
0
0
0
0
0
0
0
0
0
0
1
1
0
1
1
0
0
0
0
0
0
0
0
0
0
0
0
0
0
0
0
0
0
0
0
0
0
0
0
1
0
0
1
0
0
0
0
0
1
0
0
0
0
0
0
0
0
0
0
0
0
0
0
0
0
0
0
0
0
0
0
0
0
0
0
0
0
0
0
0
0
0
0
0
0
0
0
0
0
0
0
0
0
1
0
0
0
0
0
0
0
0
0
0
0
0
0
1
0
0
0
0
0
0
0
1
0
0
0
0
0
0
0
0
0
0
0
1
0
0
0
0
0
0
0
0
0
0
0
0
0
0
0
0
0
0
0
0
0
0
0
0
0
0
0
0
0
0
0
0
0
1
0
0
0
0
0
0
0
1
0
0
0
0
0
0
0
0
0
0
0
0
0
0
0
0
0
0
0
1
0
0
0
0
0
0
0
0
0
0
0
1
0
0
0
1
0
0
0
0
0
0
0
0
0
0
0
0
0
0
0
0
0
0
0
0
1
0
1
0
0
0
0
0
0
0
0
0
0
0
0
0
0
0
1
0
0
0
0
0
0
0
0
0
0
0
0
0
0
0
0
0
0
0
0
0
0
0
0
0
1
0
0
0
0
0
0
0
0
0
0
0
0
0
0
0
0
0
0
0
0
0
0
0
0
0
0
0
0
0
0
0
0
0
0
0
0
0
0
0
0
0
0
0
0
0
0
0
0
0
0
0
0
0
0
0
0
0
0
1
0
0
0
0
0
0
0
0
0
0
0
0
0
0
0
0
0
0
0
0
0
0
0
0
0
0
1
1
0
0
0
0
0
0
0
0
0
1
0
0
0
0
0
0
0
1
0
0
0
0
0
1
0
0
0
1
0
0
0
0
0
0
0
0
0
0
0
0
0
0
0
0
0
1
0
0
0
0
0
0
0
0
0
0
0
0
0
0
0
0
0
0
0
0
0
0
0
0
0
0
0
0
0
0
0
0
0
0
0
1
0
0
0
0
0
0
0
0
0
0
0
0
0
0
0
0
0
0
1
0
0
0
0
0
0
0
0
1
0
0
0
0
0
0
0
0
0
0
0
0
0
0
0
0
0
0
0
0
0
0
0
0
0
0
0
0
0
0
0
0
0
0
0
0
0
0
0
1
0
0
0
0
0
0
1
0
0
0
0
0
0
1
0
0
0
0
1
0
0
0
0
0
0
1
1
0
0
0
0
0
0
0
0
0
1
0
0
0
0
0
0
0
0
0
0
0
0
0
0
0
0
0
0
0
0
0
0
0
0
0
0
0
0
1
0
0
0
0
1
0
0
0
0
0
0
1
0
0
0
0
0
0
0
0
0
0
0
0
0
1
0
0
1
0
0
0
0
0
0
0
0
1
0
0
0
0
1
0
0
0
0
0
0
0
0
0
0
0
0
1
0
0
0
0
0
0
0
0
1
0
0
0
0
0
0
0
0
0
0
0
0
0
0
0
1
0
0
1
0
0
0
0
0
0
0
0
0
0
0
0
0
0
0
0
0
0
0
0
0
1
0
0
0
0
0
1
0
0
0
0
0
1
0
0
0
0
0
0
0
0
0
0
0
0
0
0
1
0
0
0
0
0
1
0
0
0
1
0
0
0
0
0
0
0
2
1
0
0
0
0
0
0
0
0
0
1
1
0
0
1
0
0
1
0
0
0
0
0
0
0
0
0
0
0
0
0
0
0
0
0
0
0
0
0
1
0
0
0
0
0
0
0
0
0
0
0
0
0
0
0
0
0
0
0
0
0
0
0
1
0
0
0
1
0
0
0
0
0
0
0
0
0
0
0
0
0
0
0
0
0
1
0
1
0
0
0
0
0
0
1
0
0
0
1
0
0
0
0
0
0
0
0
0
0
0
0
0
0
0
0
0
0
0
0
0
0
0
0
0
1
0
0
0
0
0
0
1
0
1
0
0
0
0
0
0
0
0
0
0
0
0
0
0
0
0
1
0
0
0
0
1
0
0
0
0
0
0
0
0
0
0
0
1
0
0
0
0
0
0
0
0
0
0
0
0
0
1
0
0
0
0
0
0
0
0
0
0
0
0
0
0
0
0
0
2
0
0
0
0
0
0
0
0
0
0
1
0
0
0
0
0
0
0
0
0
0
0
0
0
0
0
0
0
0
0
0
0
0
0
0
0
0
0
1
0
0
0
0
0
0
0
0
0
0
0
0
0
0
0
0
0
0
0
0
0
0
0
0
1
0
0
0
0
0
0
0
0
0
0
0
0
0
0
0
0
0
0
0
0
0
0
0
0
0
0
0
0
1
0
0
0
0
0
0
0
0
0
1
0
1
0
0
1
0
0
0
0
0
0
0
0
0
0
1
0
1
1
0
0
1
0
0
0
0
0
0
0
1
0
0
0
0
0
0
0
0
0
0
0
0
0
0
1
0
0
0
0
0
0
0
0
0
0
0
0
0
0
0
0
0
0
0
0
0
0
0
0
0
0
0
0
0
0
0
0
0
0
0
0
0
0
0
0
0
0
0
0
0
0
1
1
0
0
0
0
0
0
0
0
0
0
1
0
0
0
0
0
0
0
0
0
0
2
0
0
0
0
0
0
0
0
0
0
0
0
0
0
0
0
0
0
0
0
0
0
0
0
1
0
0
0
0
0
0
0
0
0
0
0
0
0
0
0
0
0
0
0
0
0
1
0
0
0
0
0
0
1
0
1
0
0
0
0
0
0
0
0
0
0
0
0
0
0
0
0
0
0
1
0
0
0
0
0
0
0
0
0
0
0
0
0
0
1
0
0
0
0
0
0
0
0
0
0
0
0
0
1
0
0
0
0
0
0
0
0
0
1
0
0
0
0
0
0
0
1
0
1
0
0
0
0
0
0
0
0
1
0
1
0
0
0
0
0
1
0
0
0
0
0
0
0
0
0
0
0
0
0
0
0
0
0
0
0
0
0
1
0
0
0
0
0
0
0
0
0
0
0
0
0
0
0
0
0
0
1
0
0
0
0
0
0
1
0
0
0
0
0
0
0
0
1
0
0
0
0
0
0
0
0
0
0
0
0
0
0
0
0
0
1
0
0
0
0
0
0
0
0
0
0
0
0
0
0
0
0
0
0
0
0
0
0
0
0
0
0
0
0
0
1
0
1
1
1
0
1
0
0
0
0
0
1
0
0
0
0
0
0
0
0
0
0
0
0
0
0
0
0
0
0
0
0
0
0
0
0
0
0
0
0
0
1
0
0
0
0
0
0
0
0
0
0
0
0
0
0
0
0
0
0
0
0
0
0
0
0
0
0
0
0
0
0
0
0
0
1
0
0
0
0
0
0
0
0
0
0
0
0
1
0
0
0
0
0
0
0
0
0
0
0
0
0
0
0
0
0
0
0
0
0
0
0
0
1
0
2
0
1
0
0
1
0
0
0
0
0
1
0
0
0
0
0
0
0
0
0
0
0
0
0
1
0
0
0
0
0
0
0
0
0
0
0
0
0
0
0
0
0
0
0
0
0
1
0
0
0
0
0
0
0
0
0
0
0
0
1
0
0
0
0
0
0
0
0
0
0
0
0
0
0
0
0
0
0
0
0
0
0
0
0
0
0
0
0
0
1
0
0
0
0
0
0
0
0
1
0
0
0
0
0
0
0
0
0
0
0
0
0
0
0
0
0
0
0
0
0
0
0
0
0
0
0
0
0
0
0
1
0
0
0
0
0
0
0
0
0
0
1
1
0
1
0
0
0
0
0
0
0
0
0
0
1
0
0
0
0
0
0
0
0
0
0
0
0
0
0
0
0
0
0
0
0
0
0
0
0
0
0
2
5
3
0
1
3
0
1
1
6
4
5
2
1
2
3
2
1
5
1
0
0
1
1
1
6
5
0
0
1
3
2
3
9
3
3
1
5
3
3
3
5
7
2
2
4
0
0
5
2
3
4
8
1
1
1
16
1
5
1
2
3
0
3
8
4
3
3
3
4
5
4
4
2
4
6
3
3
3
6
0
2
0
8
1
2
0
5
2
2
5
7
1
0
