0
0
0
0
0
0
0
0
0
0
0
0
0
0
0
0
0
0
0
0
0
0
0
0
0
0
0
0
0
0
0
0
0
0
0
0
0
0
0
0
0
0
0
0
0
0
0
0
0
0
0
0
1
0
2
1
1
1
1
4
0
0
0
1
1
1
1
0
2
411
27985
224309
587753
910624
1.07942e+06
444396
27462
3388
1534
1068
962
943
990
1046
1177
1212
1315
1374
1421
1431
1391
1345
1324
1273
1183
1093
1001
968
949
1193
1200
937
749
656
642
630
613
622
543
601
576
507
582
533
506
491
555
466
465
486
464
492
437
468
491
440
445
430
448
424
436
418
446
372
397
431
398
359
397
343
373
386
367
372
338
377
351
306
357
335
372
317
351
308
314
330
325
334
310
270
315
335
308
305
302
281
290
315
265
287
290
276
261
284
296
273
263
280
267
255
282
249
274
259
253
216
255
238
232
251
231
257
237
269
242
243
224
202
229
214
216
216
223
191
214
207
195
197
213
188
236
170
199
193
198
174
158
217
176
181
186
175
161
182
177
185
162
153
157
156
140
174
175
162
158
161
175
162
146
163
149
156
146
185
138
150
141
134
138
132
145
132
142
147
129
139
117
145
148
150
154
133
144
126
136
129
132
117
109
128
112
121
114
126
120
106
123
97
130
104
108
108
113
97
109
123
118
97
123
105
85
110
92
104
111
118
110
122
92
106
103
94
98
104
96
91
110
75
85
85
83
104
81
88
89
84
91
103
81
92
91
75
88
94
82
78
75
74
82
77
77
80
81
94
76
80
86
85
68
80
92
79
72
84
63
88
85
72
78
76
75
70
68
71
72
82
71
77
67
77
81
73
67
57
72
114
76
62
66
69
56
58
67
80
60
59
56
81
57
43
65
66
66
61
52
53
52
54
56
61
49
74
61
50
62
65
61
40
56
64
52
65
56
49
42
63
59
49
59
51
70
50
65
46
57
61
66
48
61
41
60
51
53
43
60
51
48
55
58
65
51
56
78
80
55
44
43
50
57
54
39
50
50
48
48
61
57
55
56
49
54
39
50
50
37
38
64
56
45
50
60
45
36
36
60
47
51
44
42
39
29
42
59
64
45
60
69
61
44
51
48
40
55
50
55
35
40
48
38
41
32
42
29
40
37
47
46
46
37
32
36
40
42
36
37
29
26
48
41
55
67
68
80
44
51
36
41
45
27
32
39
41
29
40
41
40
41
43
38
33
25
45
43
23
33
39
36
30
36
42
44
36
38
36
29
39
35
35
31
37
31
36
44
39
34
42
45
31
36
37
41
42
33
37
43
27
34
30
30
31
33
32
31
37
29
42
40
29
27
42
30
35
35
27
33
35
33
26
34
39
30
34
36
34
49
27
22
23
36
34
21
33
33
27
35
37
24
27
24
32
31
22
23
28
25
33
25
31
34
44
36
26
23
33
36
32
37
29
24
23
19
22
26
27
26
21
31
28
35
23
27
24
29
32
30
41
26
23
30
32
30
24
31
21
21
28
20
28
26
34
24
27
29
27
30
29
32
20
18
27
25
30
33
25
33
19
31
29
22
21
25
21
21
23
20
22
26
25
19
30
18
26
28
28
24
31
23
29
17
17
23
24
30
31
37
26
24
22
24
29
30
26
29
16
27
26
26
26
16
26
26
21
32
24
25
19
25
27
21
24
27
21
17
22
24
26
28
12
26
26
19
22
24
14
26
24
23
22
21
25
19
21
27
20
19
18
21
34
23
16
25
26
23
28
19
15
25
22
16
19
27
24
29
21
17
20
23
23
22
16
20
15
20
24
14
20
21
18
22
19
17
14
21
20
19
22
17
27
26
22
19
15
20
14
21
25
19
18
21
14
17
27
16
14
21
16
24
23
27
25
14
12
13
19
15
20
18
24
19
17
24
20
27
23
19
27
25
20
21
22
10
28
19
13
17
17
22
24
26
16
21
13
22
17
20
25
12
15
22
14
16
20
17
20
11
14
20
15
17
24
26
20
19
22
13
27
17
19
29
28
21
13
18
14
24
23
24
23
14
15
16
14
19
24
26
14
20
18
18
20
20
19
16
15
18
19
14
21
14
18
18
24
18
12
13
21
18
18
24
21
10
17
22
17
15
21
16
14
17
26
19
7
21
27
36
36
16
14
18
20
15
20
18
9
13
16
22
15
10
25
17
18
17
18
19
12
21
16
10
24
12
7
18
22
17
13
18
18
19
12
12
16
13
15
17
15
10
19
22
12
26
6
19
19
9
18
25
16
15
12
11
11
15
18
14
14
9
21
14
11
19
27
16
15
19
17
17
13
14
11
19
14
6
15
12
21
14
14
10
16
18
14
13
11
16
15
16
18
8
18
15
19
22
28
12
13
10
15
14
15
16
15
12
13
13
11
12
13
15
6
11
13
16
14
18
16
13
12
19
19
14
11
11
18
12
22
14
16
9
15
17
9
15
9
17
9
10
16
17
14
13
11
22
12
11
9
22
15
14
9
8
11
11
17
8
9
16
16
10
15
15
14
8
6
7
26
19
16
13
19
12
11
9
11
11
21
22
11
22
24
18
12
13
13
14
10
12
11
12
9
11
8
12
7
15
9
15
17
13
13
15
15
7
26
8
15
8
12
9
12
11
19
16
17
12
13
9
8
5
3
11
11
14
11
16
12
10
7
13
9
10
10
14
10
10
10
9
8
8
17
4
11
9
7
8
13
15
11
11
13
12
10
16
11
13
7
7
14
7
8
11
10
6
7
7
16
11
9
9
12
15
10
9
13
10
12
15
9
23
17
16
14
10
12
15
11
5
17
9
14
6
14
13
13
12
12
12
9
8
7
10
8
12
10
9
10
7
22
18
9
9
7
13
10
10
11
5
9
11
13
9
8
10
13
11
10
12
8
11
19
11
8
13
8
11
5
10
16
17
8
8
8
8
13
13
12
12
10
8
8
15
6
16
11
8
17
12
15
10
6
13
9
5
11
11
9
7
11
9
9
12
10
7
9
14
7
11
11
12
12
7
8
9
7
12
10
9
4
7
9
11
11
12
9
17
7
11
8
7
8
6
15
13
5
11
10
6
5
6
12
7
11
8
14
13
6
11
4
8
10
10
8
7
5
8
11
9
9
10
4
10
10
9
8
8
11
11
8
13
14
7
22
28
47
33
32
11
8
11
10
13
7
12
9
6
11
10
7
6
8
10
11
7
8
8
13
10
2
11
6
6
7
11
5
8
6
6
10
8
6
11
6
9
8
7
8
10
8
14
6
12
6
7
8
10
17
11
18
6
9
12
7
9
7
6
4
5
2
8
8
7
13
7
6
4
6
8
14
7
12
24
15
14
6
7
10
7
4
4
10
4
8
10
10
7
7
5
6
9
5
5
7
8
6
6
10
8
3
7
9
3
5
5
6
9
7
8
5
2
7
6
12
6
7
12
11
4
5
6
7
6
9
10
7
13
8
9
9
11
3
12
5
5
10
8
7
5
7
6
9
6
5
5
3
12
7
6
13
8
9
12
8
3
5
5
11
7
10
9
4
10
3
8
5
7
2
5
9
8
11
6
2
7
7
9
8
7
4
4
4
8
8
5
11
11
4
6
2
3
8
5
11
3
9
9
11
9
11
5
4
7
5
3
5
3
10
10
7
10
10
5
3
6
6
4
5
5
4
6
10
5
5
4
10
4
4
6
2
8
5
9
8
3
7
11
5
3
4
10
10
8
3
7
7
6
5
6
5
6
7
10
9
5
5
7
8
9
5
6
5
4
4
4
5
5
5
3
6
7
3
5
6
6
2
8
4
5
6
8
5
9
7
5
3
10
5
12
4
9
7
3
2
10
9
4
9
2
9
8
1
3
5
8
9
5
5
2
7
11
9
6
6
4
6
5
5
5
6
1
3
8
9
9
6
9
10
5
6
3
5
7
6
7
4
11
7
4
7
9
7
5
9
11
3
5
0
3
5
5
7
10
7
6
7
4
7
5
4
4
4
5
6
6
4
2
10
3
6
4
4
9
7
5
8
9
2
6
8
6
7
7
5
4
5
11
1
7
6
8
3
9
6
2
5
4
10
3
5
5
8
2
3
11
3
7
4
3
1
2
7
6
8
5
6
5
6
4
3
3
5
7
7
8
2
6
3
5
6
7
5
5
4
3
11
7
6
4
6
7
8
5
7
6
4
7
10
6
3
4
4
3
6
6
2
4
12
4
5
0
8
4
7
10
9
6
6
3
7
7
5
2
6
3
4
3
4
3
4
10
3
5
5
7
2
7
10
5
5
4
2
7
5
5
4
6
2
8
4
4
3
4
4
1
5
7
5
3
6
5
4
4
4
7
5
4
3
5
3
3
6
1
5
7
5
3
4
9
5
4
2
7
6
4
4
3
2
4
4
6
4
3
5
6
6
4
3
6
4
4
3
4
8
5
2
8
1
6
6
6
4
6
5
4
5
2
9
4
5
4
8
7
3
1
6
4
2
2
2
3
5
4
4
5
2
2
8
5
3
5
8
5
2
6
5
2
5
6
1
2
4
7
7
3
4
1
5
2
4
5
3
2
6
4
2
5
3
6
3
8
2
3
0
3
7
3
5
4
4
3
4
4
2
4
7
6
4
4
4
5
5
1
4
4
4
6
7
7
1
0
5
2
3
4
5
0
6
2
6
6
1
3
4
3
1
6
2
5
4
1
3
5
3
5
1
4
3
1
3
4
6
3
1
9
5
3
3
3
5
3
5
5
2
5
5
5
3
6
2
3
1
5
4
4
4
4
1
3
1
2
2
2
7
5
4
4
8
3
5
2
3
3
8
6
5
6
2
4
3
4
7
1
1
6
0
4
4
6
4
7
2
6
5
4
11
4
1
4
6
3
0
4
2
1
6
1
3
2
5
2
3
3
3
1
3
4
6
6
6
2
6
6
3
2
6
5
3
5
5
8
4
10
6
5
4
5
3
3
2
5
2
3
2
4
6
6
4
6
3
5
3
4
6
3
9
5
5
9
6
6
3
3
5
4
2
6
4
3
2
3
7
2
4
5
3
4
4
8
5
3
7
1
7
8
9
7
6
3
1
2
3
1
2
2
2
5
2
3
3
4
7
3
3
1
1
6
1
3
5
3
5
0
5
6
3
2
1
5
3
1
2
7
1
4
5
5
5
5
2
4
1
5
3
3
6
4
4
4
5
5
6
5
2
2
6
5
3
3
4
5
4
2
5
4
5
3
4
3
5
3
5
3
1
4
3
1
2
2
2
6
1
6
3
2
4
1
4
4
6
1
8
2
8
5
2
6
2
3
2
2
4
4
2
2
4
2
3
2
1
4
4
4
5
5
1
3
5
6
1
5
6
4
3
2
2
4
4
5
6
3
3
4
6
6
3
1
7
1
3
3
7
5
1
2
1
4
5
6
3
3
6
5
1
2
3
1
2
2
6
2
5
2
4
3
2
3
6
1
3
5
3
10
4
5
5
2
3
1
2
3
7
6
3
1
5
0
1
4
3
6
5
3
3
0
4
0
0
3
4
2
0
2
1
1
2
3
3
1
5
5
3
2
6
6
5
1
3
0
4
3
2
9
2
5
1
2
3
5
3
6
2
6
2
1
4
3
3
5
1
2
2
4
1
2
3
4
5
6
0
1
3
2
1
2
3
3
2
4
4
4
1
4
1
2
3
3
3
2
2
2
5
2
3
0
2
2
3
3
4
3
7
4
6
4
5
2
2
5
2
4
3
6
3
5
3
5
4
2
3
3
6
4
4
2
1
1
3
4
3
3
5
2
4
2
3
3
2
1
2
4
0
1
1
4
3
3
1
3
1
2
2
1
4
1
1
6
5
8
3
3
6
5
5
4
7
3
2
3
5
4
2
3
6
1
6
1
7
2
2
4
2
2
1
2
2
4
2
3
2
3
1
2
4
0
2
4
2
3
3
4
1
2
4
3
1
3
4
1
0
6
2
4
2
2
1
4
2
2
2
6
3
5
2
1
0
1
5
2
3
2
6
5
1
3
2
5
1
3
7
4
1
3
1
5
3
2
1
3
3
3
2
4
0
4
5
1
3
5
4
2
2
2
6
2
0
1
1
2
3
2
5
4
3
3
3
2
0
2
4
4
5
7
4
1
2
1
2
4
2
1
1
4
0
3
2
1
2
4
1
7
0
2
2
5
5
6
7
3
1
2
0
4
2
3
4
5
7
1
1
4
3
2
5
3
3
0
4
2
3
2
3
3
1
4
4
3
4
5
3
4
2
2
2
5
1
6
1
4
4
1
2
4
2
0
3
1
3
2
1
1
2
0
3
2
1
1
2
0
2
0
3
1
3
1
1
2
2
1
4
2
3
0
3
7
4
0
3
2
1
4
1
5
3
4
2
2
6
3
0
1
2
2
3
2
1
1
3
4
3
5
1
1
1
4
6
3
0
1
2
2
1
1
2
4
2
2
0
1
6
0
1
1
0
3
0
1
1
1
1
1
6
0
6
4
4
4
2
0
2
3
4
1
2
3
4
4
3
5
1
4
1
3
2
3
2
1
3
2
3
5
3
2
5
1
2
1
1
2
3
2
4
0
6
2
1
2
3
2
3
1
7
0
3
3
2
8
1
4
1
5
1
0
1
1
2
2
1
5
2
3
2
3
1
4
4
1
3
0
1
0
2
3
5
1
2
2
2
1
1
1
6
3
1
2
4
5
3
1
2
4
4
1
4
2
3
2
0
4
1
1
2
1
3
1
1
1
1
4
2
4
0
5
1
1
0
2
0
0
0
0
1
2
1
4
2
0
2
7
4
5
2
1
2
1
0
0
1
1
0
2
4
3
3
1
4
2
0
3
1
1
2
1
3
3
1
2
1
4
1
2
3
3
3
2
2
2
1
3
1
4
7
5
3
2
0
1
3
2
2
2
2
4
1
2
2
3
2
1
4
1
3
3
1
4
4
3
0
2
0
2
1
2
6
2
1
3
3
3
2
3
1
1
2
0
0
2
2
2
0
3
0
2
1
1
5
4
2
0
2
2
4
3
2
2
5
0
1
3
2
1
1
3
2
4
2
3
3
1
4
1
1
3
3
1
3
4
3
2
3
3
1
2
3
1
3
1
2
1
1
3
3
3
3
1
1
2
2
2
3
0
3
4
2
5
2
0
4
6
0
4
2
2
1
1
2
3
0
4
2
3
0
1
2
2
3
1
2
2
1
1
0
8
1
1
1
2
3
0
1
3
1
1
2
2
1
0
4
1
5
1
2
0
2
2
1
1
2
2
2
1
3
3
1
2
2
0
3
3
1
1
0
5
2
1
3
1
4
4
2
3
2
0
1
1
2
1
0
2
1
1
3
4
1
0
1
3
0
4
1
1
1
3
2
1
1
2
1
3
3
0
1
4
3
2
0
1
1
2
0
4
4
1
0
2
1
1
5
1
3
2
2
2
0
1
0
1
1
2
2
2
1
2
1
4
1
0
3
1
1
1
1
2
3
2
3
4
4
0
1
3
2
1
4
2
3
1
1
2
2
2
2
2
5
1
3
3
2
0
2
1
4
0
3
2
3
2
4
6
4
3
4
1
2
2
0
4
1
3
3
5
3
3
2
0
2
1
0
3
1
0
3
2
1
0
1
4
3
6
1
0
3
4
1
3
1
1
1
2
1
0
1
1
4
1
3
2
1
1
0
4
3
4
2
3
5
1
1
3
3
3
1
2
3
1
4
1
1
1
2
5
4
1
2
2
2
3
1
2
1
2
0
1
1
2
2
3
0
3
2
2
6
1
1
1
3
0
1
2
1
1
3
1
1
4
4
0
4
1
1
2
2
1
2
2
0
2
2
1
1
4
0
0
0
2
1
3
3
1
3
0
0
0
3
1
1
3
1
3
1
0
1
4
6
1
2
0
5
2
2
1
1
2
2
1
2
1
1
3
1
2
1
0
2
1
0
3
1
0
4
0
3
1
2
4
3
2
0
3
1
1
2
1
1
4
1
3
2
2
0
1
0
1
2
0
4
2
2
0
1
3
0
4
3
2
4
2
2
1
3
1
1
0
3
1
3
0
2
0
2
0
2
1
4
1
1
4
2
3
0
2
1
0
1
2
0
0
2
2
1
2
0
2
1
0
3
2
6
1
2
5
1
2
0
1
0
1
2
1
0
2
1
0
2
2
2
4
0
2
6
3
4
1
1
1
4
1
2
2
3
1
4
3
2
1
1
1
1
4
1
0
2
1
1
0
0
1
1
1
3
1
0
1
0
1
2
1
1
2
2
2
1
1
1
0
2
1
3
0
2
6
2
2
1
2
1
0
4
1
1
1
1
4
2
1
1
3
0
0
0
2
0
3
3
3
2
4
2
1
0
1
1
3
0
0
2
1
1
0
1
1
2
1
0
2
2
1
0
3
1
1
1
2
2
3
1
1
0
2
1
0
1
0
1
1
1
3
1
1
3
1
0
1
2
1
1
0
0
0
0
1
0
2
0
0
1
1
1
2
2
3
2
3
1
1
5
1
1
3
2
3
2
2
2
2
3
2
4
3
0
2
0
1
1
2
1
2
2
1
0
1
2
1
0
1
0
1
0
2
2
0
0
1
3
0
0
1
2
1
5
0
2
2
3
2
2
2
1
2
2
2
0
1
2
1
1
2
3
6
4
0
0
1
1
1
1
1
1
0
2
0
0
1
1
2
0
0
1
1
1
2
2
0
0
2
0
1
2
0
2
1
3
2
1
1
1
2
0
0
3
0
0
1
1
3
3
2
1
3
1
3
1
0
2
1
0
1
0
2
0
1
1
0
1
3
4
0
1
2
2
3
3
2
0
1
0
1
0
0
1
0
2
0
1
0
1
1
1
2
1
0
0
0
2
1
3
1
2
2
0
1
3
0
1
0
2
0
0
0
0
1
2
0
0
1
0
1
1
3
2
1
0
0
0
1
1
0
1
0
2
1
1
1
0
0
2
1
2
0
1
1
2
0
0
2
0
2
2
1
2
0
0
2
0
2
0
4
2
3
3
2
0
2
1
2
0
2
0
0
0
0
0
1
1
0
2
3
0
2
4
0
4
1
2
3
0
1
0
0
1
2
0
0
1
1
0
0
2
4
3
0
0
1
3
2
2
0
0
3
1
1
2
2
2
1
1
1
0
1
0
0
4
3
1
1
0
0
2
0
3
2
2
1
1
1
1
0
1
1
4
0
2
2
0
1
0
0
1
1
0
3
0
1
2
2
5
0
2
1
0
3
3
2
2
2
0
6
0
2
0
0
2
3
2
3
0
1
2
0
2
0
2
0
3
4
2
0
2
0
1
1
1
0
3
0
1
2
1
2
2
2
1
3
1
2
1
1
0
1
1
2
4
4
4
0
3
2
1
1
2
1
2
0
0
0
1
2
3
1
3
3
1
2
0
1
0
1
0
0
0
3
2
1
2
2
2
3
1
2
2
0
1
1
0
0
1
1
3
2
0
2
2
0
1
1
2
0
0
1
0
4
1
1
1
2
3
2
2
1
1
1
1
1
0
1
0
0
5
0
1
1
1
1
0
1
0
0
2
4
4
0
0
1
0
1
1
1
2
2
3
0
2
3
0
2
5
3
0
0
1
2
0
1
0
0
1
1
2
0
5
0
1
2
1
0
1
1
1
2
0
1
2
0
2
1
1
1
0
0
1
2
0
0
0
0
0
1
2
1
1
5
2
0
0
1
1
1
1
0
0
0
3
1
0
1
1
3
0
2
1
0
0
0
0
0
1
0
2
0
2
0
3
1
2
0
0
0
0
0
0
0
1
2
1
1
1
3
0
1
3
1
0
2
1
1
1
1
2
1
1
0
1
3
1
0
2
1
4
1
1
1
1
0
2
2
1
0
1
0
2
1
1
1
2
0
1
0
1
1
3
0
2
0
2
0
1
0
3
6
1
1
0
2
0
0
0
0
0
1
1
1
3
1
0
1
0
1
1
2
1
0
4
2
1
2
2
0
0
2
3
3
1
0
0
0
2
1
0
3
1
0
3
1
0
0
1
0
1
2
2
1
0
0
1
2
3
0
1
0
1
0
2
1
0
1
0
1
1
0
0
2
0
0
0
0
1
1
0
0
1
1
2
1
1
1
1
2
1
3
0
1
2
0
1
2
1
0
0
1
1
0
1
2
2
0
1
1
1
0
2
2
1
1
0
0
0
2
2
0
4
0
2
0
0
0
1
2
1
1
2
0
0
0
0
1
1
1
2
2
3
2
0
1
2
2
0
0
1
0
1
1
0
1
0
0
0
0
0
1
0
0
2
0
0
2
2
1
0
2
0
1
0
2
0
2
0
1
0
2
0
1
1
0
1
1
0
1
3
2
0
0
0
0
1
2
1
1
1
1
1
0
0
0
2
2
0
1
3
0
2
0
0
0
1
0
1
2
0
1
1
2
0
0
2
2
1
0
3
1
1
1
0
0
0
0
0
0
1
3
1
1
0
0
1
1
2
0
2
1
0
0
0
1
0
0
1
0
0
0
1
1
0
1
0
1
2
1
0
0
1
0
0
2
1
0
1
0
1
0
0
0
3
1
1
1
1
1
0
1
1
1
0
2
3
0
1
0
0
1
1
2
2
0
0
2
0
1
1
1
1
1
0
1
1
0
2
0
4
1
0
4
1
0
0
0
2
0
1
1
1
1
0
0
2
0
3
0
1
2
0
0
1
0
1
1
0
0
0
0
3
2
0
0
2
0
3
0
1
1
0
0
1
1
0
1
2
1
0
0
0
2
0
0
1
0
0
0
0
0
0
1
1
0
0
0
0
1
0
2
1
1
1
1
2
0
1
2
1
1
0
2
3
2
2
0
1
1
0
0
0
1
1
0
0
0
1
1
0
1
4
1
0
0
1
1
1
0
3
1
0
0
1
1
1
1
0
3
0
0
2
1
3
0
1
0
0
0
0
0
2
1
0
0
1
0
1
0
1
2
0
0
1
0
1
0
3
0
1
0
1
0
0
0
3
0
1
0
2
0
1
2
0
0
0
1
1
2
1
0
2
3
0
0
1
0
0
1
2
0
1
0
1
0
1
0
1
1
0
2
1
0
0
1
1
2
1
1
1
1
3
2
1
2
1
0
2
0
1
2
0
0
2
0
2
1
2
1
1
0
1
1
1
1
0
0
1
1
1
1
0
1
4
2
1
3
0
0
1
1
0
1
2
1
1
2
0
1
1
1
0
2
0
0
0
0
0
1
0
0
0
0
2
0
1
0
0
1
1
1
0
0
3
0
2
1
0
0
3
2
2
0
1
0
3
0
2
0
0
0
1
2
0
1
1
0
0
1
2
2
2
1
0
0
1
3
0
2
2
2
0
0
0
1
2
0
0
2
0
2
0
1
0
1
0
1
2
1
1
0
3
2
0
2
0
1
3
0
1
0
0
1
1
1
1
1
0
0
1
0
0
1
0
0
0
1
0
0
0
1
0
1
1
0
1
2
0
2
0
0
1
0
1
1
0
1
1
2
0
0
3
0
0
1
1
0
3
1
0
0
0
0
1
2
0
1
0
0
0
1
1
1
0
0
0
0
0
1
0
0
1
2
2
0
1
0
2
1
0
0
0
0
1
2
2
1
0
1
0
1
0
0
0
1
0
1
0
0
0
2
1
0
0
0
2
0
1
0
1
0
0
1
0
0
0
0
0
1
0
1
0
0
1
1
0
0
0
1
1
2
1
1
0
2
0
2
0
0
1
2
0
0
1
0
1
1
1
1
3
0
0
1
1
0
1
2
0
1
1
1
1
0
1
2
1
4
3
0
0
1
0
3
1
0
1
1
1
0
2
0
1
1
0
2
0
0
2
3
1
0
1
1
0
2
0
0
0
1
1
0
1
2
0
0
0
1
0
0
1
1
1
1
0
1
0
1
1
0
1
0
0
1
0
0
1
2
2
0
0
1
0
0
0
0
0
1
2
1
0
0
1
0
0
1
1
1
0
0
0
0
2
0
2
0
2
0
1
2
1
0
0
0
1
0
1
0
3
2
1
1
1
1
3
0
1
0
2
1
1
1
0
0
1
0
0
0
1
0
0
2
5
0
2
1
0
0
3
1
0
1
1
0
0
1
1
0
0
1
0
0
1
1
1
1
0
0
0
0
1
1
1
3
0
0
1
1
2
1
1
1
2
0
0
0
0
0
1
1
1
1
0
1
0
0
0
0
0
1
0
0
0
1
2
0
1
2
1
0
1
1
0
1
0
0
1
2
3
2
0
1
0
1
1
3
0
0
1
1
1
2
0
0
1
1
0
0
1
0
1
1
0
2
2
1
0
2
0
2
0
1
1
0
1
1
0
0
3
0
1
0
1
0
0
1
0
0
0
1
1
0
1
1
1
1
0
2
0
1
0
0
0
1
0
0
1
1
0
0
1
2
1
1
1
0
1
1
1
0
0
0
0
0
0
0
0
1
2
1
1
0
1
1
1
0
0
1
0
0
0
2
1
2
0
1
0
0
0
3
0
1
1
0
1
1
0
1
1
1
3
0
1
0
0
2
0
2
2
1
0
1
2
2
2
0
2
0
0
1
1
1
2
0
0
0
2
0
0
0
1
0
0
0
1
0
0
1
1
2
0
2
0
0
0
0
1
1
0
0
0
3
1
1
2
0
0
2
1
0
0
0
0
0
0
1
0
0
1
1
2
0
1
1
0
0
1
1
0
3
0
1
1
0
1
0
1
2
0
0
2
1
1
1
0
1
1
0
2
0
0
0
0
1
1
2
1
1
2
1
0
2
1
0
2
0
1
0
1
1
2
1
1
1
1
0
0
2
1
0
2
1
0
1
3
0
0
1
0
1
0
0
0
0
3
0
1
0
0
0
0
1
1
0
1
0
0
1
0
0
0
0
1
1
2
0
0
0
0
0
0
0
0
1
0
0
0
1
2
0
0
0
0
1
0
0
0
1
0
0
2
0
1
1
0
0
0
1
3
0
0
0
0
0
0
0
0
0
0
0
0
0
0
1
0
0
0
0
2
1
0
1
0
1
1
1
0
2
0
0
1
0
0
0
0
0
1
0
2
0
0
1
0
4
1
1
0
1
0
0
0
0
0
1
1
3
1
1
0
0
0
0
2
1
0
0
2
1
0
0
0
0
0
1
2
0
1
1
1
3
0
2
1
0
0
1
1
0
2
1
1
2
0
0
0
0
0
1
0
0
0
0
0
1
0
1
0
0
0
2
0
0
0
2
0
0
1
0
0
0
1
2
0
2
1
2
1
0
1
0
0
0
0
2
0
0
0
1
1
0
0
1
0
0
0
1
0
1
0
0
0
0
0
1
0
1
0
1
0
1
1
0
0
0
0
0
1
1
2
2
0
0
0
2
2
0
1
0
0
3
0
0
0
0
0
0
0
0
0
0
1
0
1
0
0
1
0
1
1
0
1
0
1
0
1
1
1
2
0
0
0
0
0
0
0
0
1
0
0
0
0
1
1
0
0
0
0
1
1
0
1
0
0
1
0
0
1
0
0
1
1
0
2
1
1
0
1
1
0
1
0
1
0
0
0
0
0
0
1
0
0
1
0
1
0
0
1
0
2
2
0
0
0
1
1
0
1
1
0
0
2
0
0
2
0
1
1
1
0
1
2
0
0
0
2
0
0
3
0
0
2
0
2
0
0
2
1
1
0
1
1
0
1
0
0
1
0
0
0
0
1
1
0
0
0
0
1
0
0
0
0
1
0
0
0
2
0
0
0
0
1
0
0
0
0
1
0
0
0
0
0
1
0
1
0
0
0
1
1
1
1
2
0
2
0
0
2
0
1
1
0
1
0
2
1
0
0
0
1
0
1
2
0
0
3
0
0
0
1
1
0
0
1
0
0
0
1
1
1
1
1
3
3
0
1
2
0
0
0
1
0
1
0
1
0
0
0
0
0
1
1
1
0
0
1
2
0
0
0
1
1
0
3
0
0
0
0
1
0
1
0
0
1
0
0
0
0
0
0
1
0
0
1
0
1
1
1
0
2
0
0
0
0
0
0
0
0
0
1
1
0
0
1
1
0
1
0
0
1
3
3
0
0
0
1
0
0
1
0
0
1
0
2
1
0
0
0
0
0
0
0
0
0
0
0
0
0
1
1
0
1
1
0
1
1
1
1
1
0
0
1
0
1
0
1
1
0
0
0
1
0
0
1
0
0
0
0
0
2
0
1
0
1
0
0
1
0
0
2
1
0
0
0
1
1
0
1
2
0
0
0
0
0
1
0
0
0
1
2
0
0
1
1
0
1
0
0
2
0
0
1
0
1
1
1
0
0
0
1
1
0
0
1
2
0
0
0
1
2
0
1
3
0
2
0
0
1
3
0
0
0
0
1
1
0
1
1
0
0
1
0
1
0
1
0
0
0
0
0
0
0
0
0
2
1
0
0
0
2
0
0
1
0
0
1
1
1
1
0
1
0
1
1
1
0
1
1
0
0
0
0
2
0
0
0
0
1
1
0
1
0
1
0
1
0
0
0
0
0
0
0
0
1
0
1
0
0
1
0
1
2
0
0
0
0
1
1
0
0
0
1
0
0
2
0
1
1
2
1
1
0
1
2
0
1
0
0
0
1
3
1
0
1
1
0
0
2
2
1
0
0
0
1
0
0
2
0
0
0
1
0
0
1
0
0
1
1
1
0
0
1
1
0
2
0
4
1
1
0
0
1
0
0
0
0
0
1
0
0
0
1
2
0
0
0
3
1
1
1
1
1
2
0
0
0
2
1
0
1
0
0
0
0
1
2
0
0
0
0
0
1
1
0
0
0
2
0
1
0
1
0
0
0
0
1
1
0
1
1
1
0
1
0
0
1
0
1
1
1
0
0
0
1
2
1
0
0
0
0
1
0
1
2
0
1
2
0
1
0
0
0
1
1
0
1
0
2
0
1
1
2
0
2
0
0
0
0
0
1
0
1
0
1
0
1
0
0
0
0
0
3
2
2
0
0
0
0
1
1
0
0
1
2
1
1
0
0
3
1
1
0
0
0
0
1
0
1
0
2
0
1
2
2
0
0
0
0
1
1
1
0
0
1
1
1
1
0
0
0
1
1
0
2
0
0
0
3
1
3
0
0
0
0
0
1
0
0
0
0
0
0
0
0
1
0
0
1
0
0
0
3
0
0
0
0
0
0
1
0
1
0
0
1
1
0
1
1
0
0
0
0
0
0
1
0
0
1
1
0
1
0
0
1
1
0
1
0
1
0
0
0
0
0
0
1
0
1
0
1
0
0
0
1
0
1
0
1
1
1
0
1
1
1
2
0
0
0
1
0
1
0
0
2
0
0
0
1
1
0
0
3
0
0
1
0
0
0
0
1
0
0
1
0
1
0
0
0
0
0
1
0
0
0
0
0
2
0
0
0
1
0
1
2
0
0
1
0
0
0
0
0
0
0
0
1
0
3
0
0
0
0
1
0
0
0
0
1
2
0
0
1
0
2
0
0
0
0
1
0
0
0
0
1
1
0
1
3
0
1
4
0
0
0
1
0
2
0
0
0
1
0
1
1
0
0
1
0
0
0
0
0
0
0
0
1
0
1
1
0
0
1
0
1
0
0
1
0
0
1
1
0
0
0
0
2
0
1
1
1
0
0
0
1
1
0
0
0
0
2
0
0
2
0
1
0
2
0
3
1
0
2
0
2
0
1
0
1
0
0
0
0
0
1
0
1
0
1
1
2
0
0
0
0
0
1
3
0
2
0
0
0
0
0
0
0
0
0
0
0
0
1
0
1
0
1
1
0
0
0
0
0
0
1
0
0
0
0
2
0
0
1
0
2
2
0
0
0
0
0
0
0
0
0
3
0
1
0
0
0
1
0
0
0
0
1
0
0
1
0
0
0
0
0
1
0
0
0
0
0
0
1
0
0
0
0
0
1
0
1
1
1
1
0
0
0
0
1
0
2
0
1
2
0
1
1
1
0
0
1
1
2
0
0
0
0
1
3
0
1
2
0
0
0
0
0
2
0
1
0
0
0
0
1
0
0
0
0
0
0
1
0
1
0
0
2
0
0
0
0
1
1
0
1
0
0
0
0
1
0
0
0
1
0
1
0
0
0
0
0
0
0
2
2
0
0
0
0
1
0
0
0
0
0
0
1
2
0
0
0
0
2
0
0
0
1
0
1
1
1
0
0
2
0
3
1
2
0
0
2
0
0
1
0
1
2
1
2
0
0
0
1
0
0
0
0
0
0
1
0
0
0
0
0
0
0
0
0
0
2
1
0
0
0
1
0
0
1
0
0
0
0
0
0
0
0
0
0
1
0
0
0
0
0
0
0
0
0
0
0
0
0
0
0
0
1
1
0
0
2
0
1
1
0
1
2
0
1
0
0
0
0
0
0
1
0
0
1
0
0
0
0
1
1
1
1
0
1
0
0
1
1
0
0
0
1
0
0
0
1
0
0
1
1
1
1
0
1
0
1
0
0
0
0
1
0
1
1
0
0
0
0
2
0
0
0
0
0
1
1
1
3
0
1
1
2
0
2
0
0
1
0
0
0
0
0
0
0
2
0
0
1
0
0
0
0
0
0
0
1
0
0
0
1
0
0
0
1
0
0
0
0
0
1
0
0
0
0
1
0
0
2
0
1
0
0
0
0
0
0
0
1
1
1
1
0
0
1
0
0
1
0
0
0
1
2
0
0
1
1
1
0
0
0
1
0
0
0
1
0
0
1
0
0
1
2
0
1
0
0
0
0
0
0
1
1
0
0
0
0
0
0
1
1
0
0
0
0
1
0
0
0
0
0
0
0
1
1
0
0
1
0
0
1
0
0
0
1
1
1
0
0
0
0
2
1
0
0
0
0
0
1
1
0
0
1
0
0
0
0
1
1
0
0
0
0
0
0
0
0
0
0
1
0
0
0
1
1
0
1
0
0
0
0
0
0
1
0
0
0
0
0
0
0
0
0
0
0
0
0
0
0
0
0
2
1
1
1
1
0
0
0
0
0
0
1
0
0
1
0
0
0
0
0
0
0
0
1
0
0
0
0
0
0
0
0
0
1
0
0
1
1
0
0
0
1
1
1
0
0
0
0
0
1
1
1
0
0
0
0
0
0
1
0
0
0
0
0
1
0
0
0
0
1
0
1
0
0
0
0
0
0
0
1
0
0
0
1
0
0
0
0
0
0
0
0
0
0
0
0
0
0
1
0
1
1
0
0
0
0
0
0
0
0
0
1
0
0
0
0
0
0
0
1
2
0
0
1
1
1
2
0
1
0
1
0
0
0
1
1
0
0
2
0
2
0
0
1
1
1
0
0
1
0
0
2
1
1
0
0
0
2
1
0
0
0
2
0
3
0
0
0
0
1
0
2
0
1
0
0
0
1
0
1
1
0
0
0
0
0
1
0
0
0
0
0
0
1
0
0
0
0
0
0
0
0
0
0
1
0
0
0
0
1
0
1
0
0
0
0
1
0
0
0
0
1
0
0
0
0
1
0
1
0
1
0
0
0
0
0
0
0
0
0
0
0
0
1
1
0
2
0
0
0
0
0
0
0
0
0
0
0
0
0
0
0
1
0
0
0
1
1
0
1
0
1
0
0
0
0
2
0
1
0
0
0
0
0
2
0
0
1
0
0
1
0
0
0
1
0
0
0
0
1
0
0
0
0
1
0
0
1
0
0
0
0
1
0
0
0
0
0
0
1
0
0
0
0
0
1
0
1
1
0
0
0
0
0
0
0
0
0
0
0
0
1
0
0
0
0
0
0
1
0
0
0
1
0
0
0
1
0
0
0
0
0
1
0
0
0
0
0
0
0
1
1
0
0
0
1
0
0
0
0
1
0
0
0
0
0
0
1
0
0
0
0
0
0
0
0
0
0
0
1
0
0
0
0
0
0
0
1
0
1
2
0
0
0
0
0
1
1
0
1
0
0
0
0
0
0
1
0
0
1
0
0
0
1
0
1
0
0
0
0
0
0
0
0
0
0
0
0
0
0
1
0
0
0
0
0
0
0
0
0
1
1
0
0
1
0
0
0
0
0
0
1
0
0
0
0
0
2
1
0
0
0
0
0
0
1
0
0
0
0
0
0
0
0
0
0
0
0
0
0
0
0
0
0
0
0
0
1
0
1
0
1
0
1
0
0
0
0
0
0
0
0
0
0
0
0
1
0
0
1
0
1
0
0
0
0
0
1
0
0
0
0
0
0
0
1
0
1
1
0
0
1
0
0
3
0
0
1
0
0
0
0
0
0
0
0
0
0
0
0
1
0
0
0
0
0
0
0
0
0
0
0
0
0
0
0
1
0
0
0
0
0
0
0
0
0
0
1
2
0
1
0
1
0
0
0
0
0
0
0
0
0
1
0
0
0
0
0
0
0
0
0
0
0
0
0
0
0
1
0
0
0
0
1
0
0
1
0
0
0
1
0
0
0
1
0
0
0
0
0
0
1
0
1
1
0
0
0
0
0
0
0
0
0
0
0
0
0
0
0
0
0
0
0
0
1
0
0
0
0
0
0
0
0
0
0
0
1
0
0
0
0
1
0
0
0
0
0
1
0
0
0
0
0
0
0
0
0
0
0
0
0
0
0
0
0
0
0
0
1
1
1
1
0
1
0
0
0
0
0
1
0
0
1
1
0
1
0
0
0
0
1
0
0
0
1
0
0
0
0
1
0
0
0
0
0
0
0
0
0
0
0
0
0
1
0
0
1
0
0
0
1
0
0
0
1
0
1
0
0
0
0
0
0
0
0
0
1
1
0
0
0
1
0
0
0
0
0
0
0
0
0
0
0
0
1
1
1
0
0
1
0
0
0
0
0
0
1
2
0
0
0
0
1
0
0
0
0
0
0
0
1
0
1
0
0
0
0
0
0
0
0
0
0
1
0
0
0
0
0
0
0
0
0
0
0
0
1
0
0
0
0
0
0
0
0
0
0
0
0
0
0
0
0
0
0
0
0
0
0
1
0
0
0
0
1
0
0
2
0
0
1
0
0
0
0
0
0
1
1
0
0
0
0
0
0
0
0
0
0
0
0
0
0
0
0
0
0
0
0
1
0
1
0
0
0
0
0
0
0
1
1
0
0
0
0
0
2
0
0
1
1
1
0
0
0
0
0
0
0
0
0
0
0
0
1
0
0
0
2
0
0
0
0
0
0
0
0
0
0
0
0
0
0
0
1
0
1
0
0
0
0
0
0
0
0
0
0
0
0
0
0
0
0
0
0
0
0
0
0
0
2
0
0
0
0
0
0
1
0
0
1
0
0
0
0
0
0
0
0
0
0
0
0
0
0
0
0
0
0
0
0
0
0
0
0
0
0
2
1
0
0
1
0
0
0
1
0
0
0
0
0
0
0
0
0
0
0
0
0
0
0
0
0
0
0
0
0
0
0
0
0
1
0
0
0
0
0
0
0
0
0
0
1
0
0
0
0
0
0
0
0
0
1
0
0
1
0
0
1
0
1
0
0
0
0
0
0
1
0
1
0
0
0
0
1
0
0
1
0
0
0
0
0
0
0
0
0
1
0
1
1
0
0
2
0
0
0
0
0
0
0
0
0
1
0
0
0
0
0
0
0
0
1
0
0
0
1
0
1
0
0
0
0
0
1
0
0
0
1
0
0
1
0
0
1
0
0
0
0
0
0
0
0
0
0
0
0
0
0
0
0
0
1
0
0
0
0
0
0
0
0
0
0
0
0
0
0
0
1
0
0
0
0
0
0
1
1
0
0
0
1
0
0
1
0
0
1
0
0
0
0
0
0
1
0
1
0
0
0
0
0
0
0
1
0
0
1
0
0
0
0
0
0
0
0
0
0
0
0
0
0
1
0
0
0
0
0
0
0
0
0
0
0
0
1
2
0
0
0
0
0
0
0
0
0
0
0
0
0
0
2
1
0
0
0
1
1
0
0
0
0
0
1
0
0
0
0
0
0
0
1
0
0
0
0
1
0
0
1
0
0
0
0
0
0
0
0
0
0
0
0
0
1
0
0
0
0
0
0
0
0
0
0
0
0
0
1
0
0
1
0
0
0
0
0
0
1
0
0
0
0
0
0
0
0
0
0
1
0
0
0
0
0
0
0
0
0
0
0
0
0
0
0
0
0
0
1
0
0
0
0
1
0
1
0
0
0
0
0
0
0
0
0
1
0
0
0
0
0
0
1
0
0
0
0
0
0
0
0
0
0
0
1
0
0
0
0
0
0
0
0
0
0
0
0
0
1
0
1
0
0
0
0
0
0
0
0
1
0
0
0
0
0
0
0
0
0
0
0
0
0
0
1
0
0
1
0
0
0
0
0
0
0
2
0
0
0
0
0
0
0
0
2
0
2
0
0
0
1
0
0
0
0
0
1
1
0
1
0
0
0
0
0
0
0
0
0
0
0
0
0
0
0
0
3
0
0
0
0
0
0
0
1
0
0
0
0
1
0
0
0
0
2
0
0
0
0
0
0
0
0
0
0
0
0
0
0
0
0
0
0
0
0
0
0
0
0
0
0
0
0
0
0
0
0
0
0
0
0
0
0
0
0
0
0
0
0
0
0
0
1
0
1
0
0
0
0
0
0
0
1
0
0
0
1
0
0
0
0
0
0
0
0
0
0
0
0
0
0
0
0
0
0
0
0
0
0
0
0
1
0
0
1
0
0
0
0
1
0
0
0
1
0
0
0
0
0
0
0
0
0
1
0
0
0
0
0
1
0
0
0
0
0
0
0
0
0
0
1
0
0
0
0
0
0
0
1
0
0
1
0
0
1
0
0
0
0
0
0
0
0
0
0
1
0
1
0
0
0
0
0
0
0
0
0
1
0
0
0
0
0
0
0
0
0
0
0
0
0
0
0
0
0
0
0
0
0
0
0
0
0
0
0
0
0
1
1
0
0
1
0
0
0
0
0
0
2
0
0
0
0
0
0
0
0
0
1
0
0
0
0
0
0
0
0
0
0
0
0
0
0
0
0
0
0
0
0
1
0
0
0
0
0
0
0
0
0
0
0
0
0
0
0
0
0
0
0
0
0
1
0
1
0
0
0
0
0
0
0
0
1
0
0
0
0
0
0
0
0
1
0
0
0
0
0
0
0
0
0
0
0
0
0
0
0
0
0
0
0
0
0
0
0
0
0
0
0
0
1
1
0
0
0
0
0
0
1
0
0
0
0
0
0
0
0
0
1
0
1
0
0
0
0
0
0
1
0
0
0
0
0
0
0
1
0
0
0
0
0
0
0
0
1
0
1
0
0
0
0
0
0
0
1
0
0
0
0
0
1
0
0
0
0
0
0
0
0
0
0
0
0
0
0
0
0
0
0
0
0
0
0
0
0
0
1
0
0
0
1
0
0
0
0
0
0
0
1
0
1
0
0
0
0
1
1
0
0
0
0
0
0
0
0
0
0
0
0
0
0
0
0
0
0
0
0
0
0
0
0
0
0
0
0
0
0
0
0
1
0
0
1
0
0
0
1
0
0
0
1
1
0
0
0
0
0
0
0
0
0
0
0
0
0
0
0
0
0
0
0
1
0
0
0
0
0
0
0
0
0
0
0
0
0
0
0
0
0
0
0
0
0
0
1
0
0
0
0
0
0
0
0
0
0
1
0
1
0
1
0
0
0
0
0
0
0
0
0
0
0
0
0
0
0
0
0
0
1
0
0
0
0
0
0
0
0
0
0
0
0
0
0
0
0
0
0
0
0
0
0
0
0
0
0
0
0
0
0
0
0
0
0
0
0
1
0
0
0
0
0
0
0
0
0
1
0
0
0
0
0
0
0
0
0
0
0
0
1
0
0
1
0
0
0
1
0
1
0
1
0
0
0
0
0
0
0
0
1
0
0
0
0
0
0
0
0
0
0
1
0
1
0
0
0
1
0
1
0
0
1
0
0
0
0
0
0
0
0
0
0
0
0
0
0
0
0
0
0
1
0
0
0
0
0
0
0
0
0
0
0
0
0
1
1
0
0
0
0
1
0
0
0
0
0
0
0
0
1
0
0
0
0
0
0
0
0
0
0
0
0
0
0
0
0
0
0
0
0
0
0
0
0
0
0
0
0
0
0
0
0
0
0
0
0
0
0
0
1
0
0
0
0
0
0
0
0
1
0
0
0
0
0
0
0
0
0
0
0
1
0
0
0
1
0
0
0
0
0
1
0
0
0
0
0
0
0
0
0
0
0
0
0
0
0
0
0
0
0
1
0
0
0
0
0
0
0
0
0
0
0
0
0
0
0
0
0
0
0
0
0
1
0
0
0
0
0
0
0
1
0
1
0
1
0
0
0
0
0
0
0
0
0
0
0
0
0
0
0
0
0
0
0
0
0
0
0
0
0
0
0
0
0
0
0
0
0
0
0
0
0
0
0
0
0
1
0
0
1
1
0
0
1
0
0
0
1
0
0
0
0
0
0
0
0
0
0
0
0
0
0
0
0
0
0
0
0
0
0
0
0
0
0
0
0
1
0
0
0
0
0
0
0
0
1
0
0
0
0
0
0
0
0
0
0
0
0
0
0
0
0
0
0
0
1
0
0
0
1
0
0
0
0
1
0
0
0
0
0
0
0
0
0
0
0
0
0
0
1
0
0
0
0
0
0
0
0
0
0
0
0
0
0
0
0
0
0
0
0
1
0
1
0
0
0
0
0
0
0
0
0
0
0
0
0
0
0
0
0
0
1
0
1
1
0
0
0
0
0
0
0
0
0
0
0
0
0
0
0
0
0
0
0
0
0
0
0
0
0
0
0
0
0
0
0
1
0
0
1
0
0
0
0
0
0
0
0
0
0
0
0
0
0
0
0
1
0
1
0
0
0
0
0
0
0
0
0
0
0
1
0
0
1
0
0
0
0
0
0
1
0
0
1
0
0
0
0
0
0
1
0
0
0
0
1
0
0
0
0
0
0
0
0
0
0
0
0
0
0
0
0
0
0
0
1
0
0
0
0
0
0
0
0
1
0
0
0
0
0
0
0
0
0
0
1
0
0
0
0
0
0
0
0
0
0
0
1
0
0
1
0
0
0
0
0
1
0
1
0
1
0
0
0
1
0
0
0
0
0
0
0
0
0
0
0
0
0
0
0
0
0
0
0
0
0
0
0
0
0
1
0
0
0
0
0
0
0
0
0
0
0
0
0
0
0
0
0
0
1
0
0
0
1
0
0
1
0
0
0
0
1
0
0
0
0
0
0
0
0
0
1
0
0
0
0
1
0
0
0
1
0
0
0
0
0
0
0
0
0
0
0
0
1
0
0
0
0
0
1
0
0
0
0
0
0
0
0
0
0
0
0
0
0
0
0
0
0
0
0
0
0
0
0
0
0
0
0
0
0
0
0
0
0
0
1
0
0
0
0
0
0
0
0
0
0
0
0
0
0
0
0
0
0
0
0
0
2
0
0
0
0
0
0
0
0
0
0
0
0
0
0
0
0
0
0
0
0
0
0
0
0
0
0
0
0
0
0
0
0
0
0
0
0
0
0
0
0
0
0
1
0
0
0
0
0
0
0
0
0
0
1
0
1
0
0
0
0
0
0
0
0
0
0
0
0
0
0
0
0
0
0
0
0
0
0
0
0
0
0
0
0
0
0
0
0
1
0
0
0
0
0
0
0
0
0
0
0
0
0
0
0
0
0
0
0
0
0
0
0
0
0
0
0
0
0
1
0
2
0
0
0
0
0
0
0
0
0
0
0
0
0
0
0
0
0
0
0
0
0
0
0
0
0
0
0
0
1
0
0
0
0
0
0
0
0
0
0
0
0
0
0
0
0
0
0
0
1
0
0
0
0
1
0
0
0
0
0
0
0
0
0
0
0
0
0
0
0
0
0
0
0
0
0
0
0
0
0
0
0
0
1
0
0
0
0
0
0
0
0
0
0
0
0
1
0
0
0
0
0
0
0
0
0
0
1
0
0
0
0
0
0
0
1
0
1
0
0
0
0
0
1
0
0
0
0
0
0
0
0
0
0
0
0
0
0
1
0
0
0
0
0
0
0
0
0
0
0
2
0
0
0
0
0
0
0
0
0
0
0
0
0
0
0
0
0
0
1
0
0
0
0
0
0
0
0
0
0
0
0
0
1
0
0
0
0
0
0
0
0
1
0
0
0
0
0
0
0
0
0
0
0
0
0
0
0
0
0
0
0
0
0
0
1
0
0
0
0
0
0
1
0
0
0
0
0
0
0
0
0
0
0
1
0
0
0
2
0
0
0
0
0
0
1
0
0
0
0
0
0
0
0
0
0
1
0
0
0
0
0
0
1
0
0
0
0
0
0
0
0
0
0
0
0
0
0
0
0
0
0
0
0
0
1
1
0
0
0
0
0
1
0
0
0
1
0
0
0
0
0
0
0
0
0
0
0
0
0
0
0
0
0
0
1
0
1
0
0
0
0
0
2
1
0
0
1
0
1
0
0
1
0
2
0
0
0
2
0
1
0
0
1
1
0
1
0
0
1
1
0
0
0
0
0
0
1
0
0
0
0
1
0
0
0
0
0
1
0
0
1
0
2
0
0
0
0
2
0
0
0
2
1
0
0
0
1
3
0
0
0
0
1
0
0
0
0
0
1
0
0
1
0
0
0
0
1
0
0
0
2
2
2
1
0
0
1
0
1
1
0
1
0
0
0
0
2
0
0
0
0
0
1
0
1
0
0
0
1
0
0
0
0
0
1
1
1
0
0
0
0
0
0
0
0
0
0
0
0
0
0
0
0
0
0
1
0
0
0
0
1
0
0
0
0
0
0
1
1
0
1
1
0
0
1
0
2
0
1
0
1
0
0
1
0
0
0
0
0
0
0
0
0
0
1
0
0
0
0
2
2
1
0
0
0
1
0
0
0
0
1
0
0
0
0
0
1
1
1
1
0
0
2
0
2
1
0
0
0
0
1
0
0
1
0
0
0
0
1
0
1
0
0
0
0
1
1
0
1
0
0
0
0
1
0
0
0
1
0
0
0
1
0
1
0
0
0
0
1
0
1
0
0
1
1
2
0
0
0
0
2
0
0
0
0
2
1
0
1
0
0
0
0
3
2
0
0
1
0
2
0
1
2
0
0
0
0
0
1
0
0
0
0
0
1
0
0
0
0
1
0
0
1
0
0
0
0
2
0
0
0
0
0
0
0
2
1
0
0
0
0
0
1
0
1
0
0
1
1
0
1
1
0
1
0
0
0
1
1
1
0
0
0
0
0
0
0
0
0
0
0
0
0
1
0
0
0
0
0
0
0
1
0
0
0
0
0
0
1
0
0
1
0
0
0
0
0
2
1
1
0
1
0
1
0
0
0
0
0
0
0
1
1
1
0
0
1
1
0
1
0
0
1
0
0
0
2
0
0
0
2
1
0
0
1
0
2
1
0
0
1
0
0
2
0
1
1
0
1
2
0
0
0
2
3
9
6
1
0
1
0
2
2
1
0
0
1
0
0
0
1
2
1
0
1
1
0
1
1
0
1
0
1
1
0
1
2
1
1
0
2
2
1
0
3
1
1
1
0
0
1
0
0
1
0
0
0
1
1
0
1
0
0
1
1
0
1
0
1
0
0
1
0
0
0
0
0
0
1
0
0
1
0
0
0
0
0
0
0
1
0
0
1
1
0
1
0
0
0
0
1
1
0
0
3
1
2
0
2
0
0
0
1
1
2
0
2
2
0
2
0
1
1
1
0
0
1
0
0
2
2
3
2
1
1
2
1
0
0
0
1
0
0
0
0
1
1
0
0
0
0
0
0
0
2
1
0
0
0
0
1
0
0
0
2
0
0
1
0
0
1
0
1
0
2
1
1
1
2
0
1
2
0
1
1
1
1
1
1
0
2
0
2
0
0
0
0
0
0
1
1
0
0
0
0
1
1
0
1
0
0
1
0
1
0
1
0
0
1
2
1
0
2
1
1
1
0
0
0
0
1
1
0
0
0
0
0
0
1
0
0
1
0
0
1
1
0
0
0
0
0
1
0
0
3
0
0
0
0
0
0
0
1
0
0
0
0
0
1
1
0
0
1
0
0
0
1
0
0
0
0
0
0
0
0
0
0
0
0
0
0
0
0
0
0
0
0
0
0
0
0
0
0
0
0
0
0
0
0
0
0
0
0
0
0
0
0
0
0
0
0
0
0
0
0
0
0
0
0
0
0
0
0
0
0
0
0
0
0
0
0
0
0
0
0
0
0
0
0
0
0
0
0
0
0
0
0
0
0
0
0
0
0
0
0
0
0
0
0
0
0
0
0
0
0
0
0
0
0
0
0
0
0
0
0
0
0
0
0
0
0
0
0
0
0
0
0
0
0
0
0
0
0
0
0
0
0
0
0
0
0
0
0
0
0
0
0
0
0
0
0
0
0
0
0
0
0
0
0
0
0
0
0
0
0
0
0
0
0
0
0
0
0
0
0
0
0
0
0
0
0
0
0
0
0
0
0
0
0
0
0
0
0
0
0
0
0
0
0
0
0
0
0
0
0
0
0
0
0
0
0
0
0
0
0
0
0
0
0
0
0
0
0
0
0
0
0
0
0
0
0
0
0
0
0
0
0
0
0
0
0
0
0
0
0
0
0
0
0
0
0
0
0
0
0
0
0
0
0
0
0
0
0
0
0
0
0
0
0
0
0
0
0
0
0
0
0
0
0
0
0
0
0
0
0
0
0
0
0
0
0
0
0
0
0
0
0
0
0
0
0
0
0
0
0
0
0
0
0
0
0
0
0
0
0
0
0
0
0
0
0
0
0
0
0
0
0
0
0
0
0
0
0
0
0
0
0
0
0
0
0
0
0
0
0
0
0
0
0
0
0
0
0
0
0
0
0
0
0
0
0
0
0
0
0
0
0
0
0
0
0
0
0
0
0
0
0
0
0
0
0
0
0
0
0
0
0
0
0
0
0
0
0
0
0
0
0
0
0
0
0
0
0
0
0
0
0
0
0
0
0
0
0
0
0
0
0
0
0
0
0
0
0
0
0
0
0
0
0
0
0
0
0
0
0
0
0
0
0
0
0
0
0
0
0
0
0
0
0
0
0
0
0
0
0
0
0
0
0
0
0
0
0
0
0
0
0
0
0
0
0
0
0
0
0
0
0
0
0
0
0
0
0
0
0
0
0
0
0
0
0
0
0
0
0
0
0
0
0
0
0
0
0
0
0
0
0
0
0
0
0
0
0
0
0
0
0
0
0
0
0
0
0
0
0
0
0
0
0
0
0
0
0
0
0
